date,open,high,low,prev. close,ltp,close,52w h,52w l,volume,value
2000-01-03,124.25,129.6,124.25,120.0,129.6,129.6,145.0,41.15,1850,239065.0
2000-01-04,132.0,133.0,120.55,129.6,120.55,120.95,145.0,41.15,2900,368005.0
2000-01-05,115.0,122.0,115.0,120.95,122.0,122.0,145.0,41.15,750,89955.0
2000-01-06,122.05,122.05,122.0,122.0,122.0,122.0,145.0,41.15,300,36605.0
2000-01-07,125.0,130.0,122.0,122.0,125.0,125.0,145.0,41.15,550,68700.0
2000-01-10,127.0,127.0,125.0,125.0,125.0,125.0,145.0,41.15,2450,306500.0
2000-01-11,125.0,125.0,125.0,125.0,125.0,125.0,145.0,41.15,500,62500.0
2000-01-12,125.0,125.0,125.0,125.0,125.0,125.0,145.0,41.15,900,112500.0
2000-01-13,125.0,127.0,125.0,125.0,125.0,125.0,145.0,41.15,1600,200410.0
2000-01-14,125.0,127.0,125.0,125.0,127.0,127.0,145.0,41.15,350,43950.0
2000-01-17,125.1,129.0,125.0,127.0,125.0,125.0,145.0,41.15,950,119172.5
2000-01-18,125.0,126.0,125.0,125.0,125.0,125.0,145.0,46.5,3200,400050.0
2000-01-19,125.0,125.0,125.0,125.0,125.0,125.0,145.0,46.5,4850,606250.0
2000-01-20,125.0,125.05,125.0,125.0,125.0,125.0,145.0,46.5,1750,218760.0
2000-01-21,125.0,125.0,125.0,125.0,125.0,125.0,145.0,46.5,300,37500.0
2000-01-24,125.0,125.0,125.0,125.0,125.0,125.0,145.0,46.5,1650,206250.0
2000-01-25,125.0,125.0,125.0,125.0,125.0,125.0,145.0,46.5,1150,143750.0
2000-01-27,125.0,125.0,125.0,125.0,125.0,125.0,145.0,46.5,1650,206250.0
2000-01-28,120.0,125.0,115.1,125.0,115.1,115.25,145.0,46.5,600,72735.0
2000-01-31,116.0,123.4,106.05,115.25,117.55,117.55,145.0,46.5,51250,5454585.0
2000-02-01,125.0,125.0,125.0,117.55,125.0,125.0,145.0,46.5,4600,575000.0
2000-02-02,125.0,128.0,125.0,125.0,127.5,127.5,145.0,46.5,900,113050.0
2000-02-03,125.0,125.0,125.0,127.5,125.0,125.0,145.0,46.5,450,56250.0
2000-02-04,125.05,129.5,125.0,125.0,125.0,125.0,145.0,46.5,900,112805.0
2000-02-07,125.0,125.0,125.0,125.0,125.0,125.0,145.0,46.5,3900,487500.0
2000-02-08,125.0,126.0,125.0,125.0,125.0,125.0,145.0,48.0,5000,625775.0
2000-02-09,134.0,135.0,134.0,125.0,135.0,135.0,145.0,48.0,3400,458900.0
2000-02-10,145.0,145.0,130.4,135.0,131.0,133.55,145.0,48.0,2650,360257.5
2000-02-11,130.0,130.0,126.0,133.55,130.0,130.0,145.0,48.0,1350,174900.0
2000-02-14,125.0,127.0,125.0,130.0,125.0,125.0,145.0,48.0,2100,263125.0
2000-02-15,125.0,127.9,125.0,125.0,125.3,127.05,145.0,48.0,2250,281615.0
2000-02-16,125.0,125.0,125.0,127.05,125.0,125.0,145.0,48.0,1100,137500.0
2000-02-17,125.0,126.0,125.0,125.0,126.0,126.0,145.0,48.0,500,62900.0
2000-02-18,125.0,125.0,125.0,126.0,125.0,125.0,145.0,48.0,750,93750.0
2000-02-21,125.0,125.0,125.0,125.0,125.0,125.0,145.0,48.0,1550,193750.0
2000-02-22,125.0,128.0,125.0,125.0,125.0,125.0,145.0,48.0,4200,526845.0
2000-02-23,125.0,128.0,125.0,125.0,125.0,125.0,145.0,48.0,750,93900.0
2000-02-24,126.0,126.0,120.0,125.0,120.0,120.0,145.0,48.0,15400,1900250.0
2000-02-25,124.95,128.0,124.95,120.0,128.0,127.35,145.0,48.0,1800,226870.0
2000-02-28,125.0,125.0,125.0,127.35,125.0,125.0,145.0,48.0,1450,181250.0
2000-02-29,125.0,125.1,125.0,125.0,125.0,125.0,145.0,50.55,1700,212510.0
2000-03-01,125.0,129.0,125.0,125.0,128.0,128.0,145.0,50.55,600,76600.0
2000-03-02,126.0,126.0,125.0,128.0,125.0,125.0,145.0,50.55,1150,144095.0
2000-03-03,125.0,125.0,125.0,125.0,125.0,125.0,145.0,50.55,150,18750.0
2000-03-06,125.0,125.0,125.0,125.0,125.0,125.0,145.0,50.55,1050,131250.0
2000-03-07,125.0,125.0,125.0,125.0,125.0,125.0,145.0,50.55,2400,300000.0
2000-03-08,125.0,125.0,125.0,125.0,125.0,125.0,145.0,50.55,1000,125000.0
2000-03-09,120.0,125.0,120.0,125.0,125.0,125.0,145.0,50.55,2300,287000.0
2000-03-10,125.0,125.0,120.0,125.0,120.0,120.0,145.0,50.55,2800,348500.0
2000-03-13,120.1,120.1,120.0,120.0,120.0,120.0,145.0,50.55,1600,192010.0
2000-03-14,117.0,122.9,117.0,120.0,122.9,122.9,145.0,50.55,2750,329625.0
2000-03-16,123.0,123.0,120.0,122.9,120.0,120.0,145.0,50.55,250,30150.0
2000-03-21,120.0,120.0,120.0,120.0,120.0,120.0,145.0,50.55,1400,168000.0
2000-03-22,120.0,120.0,120.0,120.0,120.0,120.0,145.0,50.55,100,12000.0
2000-03-23,120.0,120.0,120.0,120.0,120.0,120.0,145.0,50.55,500,60000.0
2000-03-24,121.0,121.0,120.0,120.0,120.0,120.0,145.0,50.55,300,36100.0
2000-03-27,120.0,120.0,120.0,120.0,120.0,120.0,145.0,50.55,100,12000.0
2000-03-28,120.0,120.0,120.0,120.0,120.0,120.0,145.0,50.55,900,108000.0
2000-03-29,120.0,120.0,115.0,120.0,115.0,115.0,145.0,50.55,950,113000.0
2000-03-30,115.0,115.0,115.0,115.0,115.0,115.0,145.0,50.55,100,11500.0
2000-03-31,115.0,115.0,115.0,115.0,115.0,115.0,145.0,50.55,100,11500.0
2000-04-03,124.2,124.2,115.0,115.0,115.0,115.0,145.0,50.55,400,46610.0
2000-04-04,115.0,124.2,115.0,115.0,124.2,124.2,145.0,50.55,450,54047.5
2000-04-07,115.0,115.0,115.0,124.2,115.0,115.0,145.0,50.55,350,40250.0
2000-04-10,115.0,117.0,115.0,115.0,115.0,115.0,145.0,50.55,850,97950.0
2000-04-11,115.0,119.9,115.0,115.0,115.0,115.0,145.0,50.55,1000,115440.0
2000-04-12,115.0,119.0,115.0,115.0,119.0,118.9,145.0,50.55,1500,173877.5
2000-04-13,115.0,116.0,115.0,118.9,115.0,115.0,145.0,50.55,5200,598100.0
2000-04-17,111.0,115.0,111.0,115.0,115.0,115.0,145.0,50.55,1100,125500.0
2000-04-18,115.0,115.0,115.0,115.0,115.0,115.0,145.0,50.55,100,11500.0
2000-04-19,115.0,115.0,115.0,115.0,115.0,115.0,145.0,50.55,100,11500.0
2000-04-20,115.0,115.0,115.0,115.0,115.0,115.0,145.0,50.55,200,23000.0
2000-04-24,117.0,121.0,116.0,115.0,121.0,119.65,145.0,50.55,450,52850.0
2000-04-25,115.0,125.0,115.0,119.65,124.75,124.75,145.0,50.55,750,87712.5
2000-04-26,125.0,125.0,125.0,124.75,125.0,125.0,145.0,50.55,50,6250.0
2000-04-27,124.0,124.0,115.0,125.0,119.9,119.9,145.0,50.55,200,23945.0
2000-04-28,125.0,125.0,115.0,119.9,119.0,119.0,145.0,50.55,200,23725.0
2000-05-02,125.0,125.0,115.0,119.0,118.0,118.0,145.0,50.55,400,46800.0
2000-05-03,125.0,125.0,116.0,118.0,118.9,117.45,145.0,50.55,150,17995.0
2000-05-04,125.0,125.0,115.0,117.45,118.0,118.0,145.0,50.55,700,81160.0
2000-05-05,124.75,124.75,115.0,118.0,117.8,117.8,145.0,50.55,1500,173132.5
2000-05-08,124.25,124.25,115.0,117.8,118.0,116.0,145.0,50.55,2250,259787.5
2000-05-09,124.75,124.75,115.0,116.0,115.0,115.0,145.0,55.0,1200,138582.5
2000-05-10,123.75,123.75,115.0,115.0,115.0,115.0,145.0,55.0,100,11937.5
2000-05-11,121.25,121.25,115.0,115.0,119.75,119.75,145.0,55.0,650,75305.0
2000-05-12,120.9,120.9,115.0,119.75,119.25,119.25,145.0,55.0,300,35007.5
2000-05-15,120.5,120.5,110.0,119.25,115.25,115.25,145.0,55.0,1700,192787.5
2000-05-16,119.9,119.9,110.0,115.25,115.0,115.0,145.0,55.0,8100,929687.5
2000-05-17,121.0,121.0,115.0,115.0,115.0,115.05,145.0,55.0,15100,1736935.0
2000-05-18,119.9,124.0,115.15,115.05,124.0,120.3,145.0,55.0,1150,138070.0
2000-05-19,119.85,120.9,119.85,120.3,120.9,120.9,145.0,55.0,150,18032.5
2000-05-22,124.75,124.75,117.05,120.9,119.0,118.7,145.0,55.0,950,113157.5
2000-05-23,124.8,124.8,115.0,118.7,119.85,118.45,145.0,55.0,5550,640265.0
2000-05-24,115.0,124.5,115.0,118.45,123.0,123.0,145.0,55.0,200,24275.0
2000-05-25,126.75,126.75,126.75,123.0,126.75,126.75,145.0,55.0,50,6337.5
2000-05-26,126.5,126.5,120.0,126.75,120.0,120.0,145.0,55.0,100,12325.0
2000-05-29,116.0,119.4,115.0,120.0,119.4,119.35,145.0,55.0,6300,726452.5
2000-05-30,119.75,119.75,115.0,119.35,115.0,115.15,145.0,55.0,1400,161535.0
2000-05-31,120.75,120.75,115.0,115.15,115.05,115.05,145.0,55.0,2800,322325.0
2000-06-01,118.0,118.0,115.0,115.05,115.0,115.0,145.0,55.0,3250,373900.0
2000-06-02,115.0,115.1,115.0,115.0,115.0,115.0,145.0,55.0,3200,368005.0
2000-06-05,115.0,115.0,115.0,115.0,115.0,115.0,145.0,55.0,600,69000.0
2000-06-06,115.0,115.0,115.0,115.0,115.0,115.0,145.0,58.0,300,34500.0
2000-06-07,115.0,115.0,115.0,115.0,115.0,115.0,145.0,58.0,6100,701500.0
2000-06-08,115.0,115.0,115.0,115.0,115.0,115.0,145.0,58.0,5500,632500.0
2000-06-12,115.0,115.0,115.0,115.0,115.0,115.0,145.0,58.0,200,23000.0
2000-06-13,115.0,115.0,115.0,115.0,115.0,115.0,145.0,58.0,100,11500.0
2000-06-14,115.0,115.0,115.0,115.0,115.0,115.0,145.0,58.0,400,46000.0
2000-06-19,115.0,119.0,115.0,115.0,115.0,115.0,145.0,58.0,6300,724700.0
2000-06-20,115.0,115.0,115.0,115.0,115.0,115.0,145.0,58.0,200,23000.0
2000-06-21,115.0,118.9,112.0,115.0,112.0,112.0,145.0,58.0,750,86535.0
2000-06-22,115.0,116.9,115.0,112.0,116.9,116.85,145.0,58.0,300,34875.0
2000-06-23,113.5,116.85,113.5,116.85,116.85,116.85,145.0,58.0,200,23192.5
2000-06-27,114.0,117.9,114.0,116.85,117.0,117.0,145.0,59.0,350,40440.0
2000-06-28,119.0,119.0,117.9,117.0,118.0,118.0,145.0,59.0,300,35490.0
2000-06-30,115.0,115.0,115.0,118.0,115.0,115.0,145.0,59.0,100,11500.0
2000-07-03,114.0,115.0,114.0,115.0,115.0,115.0,145.0,59.0,250,28700.0
2000-07-04,115.0,117.0,115.0,115.0,116.5,116.5,145.0,59.1,450,52025.0
2000-07-05,119.5,119.5,119.5,116.5,119.5,119.5,145.0,59.1,50,5975.0
2000-07-06,118.9,118.9,116.0,119.5,116.5,116.5,145.0,59.1,200,23370.0
2000-07-07,114.0,114.0,114.0,116.5,114.0,114.0,145.0,59.1,200,22800.0
2000-07-10,115.0,118.0,115.0,114.0,118.0,118.0,145.0,59.1,150,17400.0
2000-07-11,116.0,118.0,116.0,118.0,118.0,118.0,145.0,60.0,300,35000.0
2000-07-12,117.0,117.0,117.0,118.0,117.0,117.0,145.0,60.0,150,17550.0
2000-07-13,115.0,119.0,115.0,117.0,115.0,115.0,145.0,60.0,550,63462.5
2000-07-14,116.0,116.0,116.0,115.0,116.0,116.0,145.0,60.0,100,11600.0
2000-07-17,115.0,115.0,115.0,116.0,115.0,115.0,145.0,60.0,100,11500.0
2000-07-18,119.0,119.0,119.0,115.0,119.0,119.0,145.0,75.0,50,5950.0
2000-07-19,118.95,118.95,118.95,119.0,118.95,118.95,145.0,75.0,50,5947.5
2000-07-20,116.0,117.0,115.0,118.95,117.0,117.0,145.0,75.0,200,23150.0
2000-07-21,119.9,120.0,112.0,117.0,112.0,112.7,145.0,75.0,350,40170.0
2000-07-24,112.0,112.0,112.0,112.7,112.0,112.0,145.0,75.0,100,11200.0
2000-07-25,110.0,112.0,110.0,112.0,112.0,112.0,145.0,75.0,150,16600.0
2000-07-26,110.0,110.0,110.0,112.0,110.0,110.0,145.0,75.0,200,22000.0
2000-07-27,110.0,110.0,110.0,110.0,110.0,110.0,145.0,75.0,1300,143000.0
2000-07-31,110.0,110.0,110.0,110.0,110.0,110.0,145.0,75.0,200,22000.0
2000-08-01,110.0,110.0,110.0,110.0,110.0,110.0,145.0,75.0,650,71500.0
2000-08-03,111.0,111.0,111.0,110.0,111.0,111.0,145.0,75.0,50,5550.0
2000-08-07,110.0,110.0,110.0,111.0,110.0,110.0,145.0,75.0,2500,275000.0
2000-08-08,109.0,110.0,105.0,110.0,105.0,105.0,145.0,75.05,1000,107662.5
2000-08-09,105.6,110.7,105.6,105.0,110.7,110.7,145.0,75.05,1750,192312.5
2000-08-10,105.0,107.95,105.0,110.7,107.0,106.5,145.0,75.05,1200,127577.5
2000-08-11,105.5,107.5,105.0,106.5,105.0,105.0,145.0,75.05,1850,195687.5
2000-08-14,106.95,108.0,105.1,105.0,107.45,107.45,145.0,75.05,1250,133542.5
2000-08-16,110.9,110.9,108.0,107.45,108.0,108.0,145.0,98.0,600,65100.0
2000-08-17,106.2,109.0,106.2,108.0,109.0,109.0,145.0,98.0,511,55563.2
2000-08-18,109.0,112.8,109.0,109.0,112.0,112.0,145.0,98.0,951,105282.8
2000-08-21,108.6,108.6,108.25,112.0,108.25,108.25,145.0,98.0,300,32522.5
2000-08-22,107.7,107.7,107.7,108.25,107.7,107.7,145.0,101.0,100,10770.0
2000-08-23,115.0,115.0,110.75,107.7,113.0,113.0,145.0,101.0,330,37216.4
2000-08-24,114.95,114.95,112.75,113.0,112.75,112.75,145.0,101.0,200,22880.0
2000-08-25,118.0,118.0,110.0,112.75,111.7,111.7,145.0,101.0,138,15239.7
2000-08-28,111.2,113.4,111.2,111.7,113.4,113.4,145.0,101.0,300,33600.0
2000-08-29,113.4,118.0,113.4,113.4,114.5,114.75,145.0,101.0,300,34575.0
2000-08-30,118.0,123.95,110.1,114.75,110.1,110.1,145.0,101.0,1074,124851.65
2000-08-31,115.0,115.0,114.0,110.1,114.0,114.0,145.0,101.0,316,36074.0
2000-09-04,121.2,121.2,116.0,114.0,116.0,116.0,145.0,101.0,105,12381.3
2000-09-05,113.0,122.5,113.0,116.0,122.5,122.5,145.0,101.0,201,22722.5
2000-09-06,122.0,122.0,120.0,122.5,121.0,121.0,145.0,101.0,301,36222.0
2000-09-07,121.0,128.75,121.0,121.0,128.75,128.75,145.0,101.0,1429,178430.65
2000-09-08,135.0,139.05,135.0,128.75,139.05,139.05,145.0,101.0,800,110325.0
2000-09-11,150.2,150.2,149.0,139.05,150.2,150.2,145.0,101.0,1984,297876.8
2000-09-12,162.0,162.0,150.0,150.2,153.9,153.9,150.2,105.0,1750,275971.0
2000-09-13,165.0,165.0,142.9,153.9,145.0,145.0,162.0,105.0,580,85407.7
2000-09-14,135.0,135.0,133.6,145.0,133.6,133.6,165.0,105.0,450,60251.0
2000-09-15,141.0,141.0,126.0,133.6,139.9,139.9,165.0,105.0,862,116583.7
2000-09-18,138.0,142.45,135.0,139.9,142.45,135.55,165.0,105.0,180,24744.8
2000-09-19,133.05,140.0,133.0,135.55,137.0,137.0,165.0,105.0,94,12856.25
2000-09-20,135.0,140.9,135.0,137.0,140.9,140.9,165.0,105.0,140,19551.5
2000-09-21,137.1,140.8,137.1,140.9,140.8,140.8,165.0,105.0,200,27788.95
2000-09-22,140.0,140.0,135.0,140.8,135.0,135.0,165.0,105.0,100,13750.0
2000-09-25,130.1,141.5,130.1,135.0,141.5,141.45,165.0,105.0,705,97462.0
2000-09-26,135.0,136.0,131.1,141.45,135.0,135.0,165.0,105.0,824,110688.4
2000-10-03,140.0,142.5,135.1,135.0,138.0,138.0,165.0,105.0,785,108668.5
2000-10-04,140.0,142.25,140.0,138.0,140.0,140.0,165.0,105.0,1097,154238.75
2000-10-05,142.8,144.9,136.05,140.0,140.0,140.0,165.0,105.0,851,121184.5
2000-10-06,146.9,151.0,146.9,140.0,147.0,147.0,165.0,105.0,501,74243.0
2000-10-09,145.0,149.0,140.5,147.0,140.5,141.9,165.0,105.0,416,60277.5
2000-10-10,140.1,145.0,140.0,141.9,145.0,142.3,165.0,105.0,726,101984.25
2000-10-12,132.0,132.0,132.0,142.3,132.0,132.0,165.0,105.0,1,132.0
2000-10-13,125.1,132.0,125.0,132.0,132.0,128.15,165.0,105.0,91,11787.4
2000-10-16,135.0,135.0,135.0,128.15,135.0,135.0,165.0,105.0,1,135.0
2000-10-17,125.0,125.0,125.0,135.0,125.0,125.0,165.0,105.0,24,3000.0
2000-10-18,124.0,124.0,124.0,125.0,124.0,124.0,165.0,105.0,16,1984.0
2000-10-19,125.0,132.9,119.0,124.0,119.0,119.0,165.0,105.0,183,23689.4
2000-10-23,128.0,128.0,128.0,119.0,128.0,128.0,165.0,105.0,26,3328.0
2000-10-24,123.0,130.0,120.0,128.0,130.0,130.0,165.0,105.0,235,28901.0
2000-10-25,123.0,123.0,122.95,130.0,122.95,122.95,165.0,105.0,35,4304.9
2000-10-27,132.0,132.0,132.0,122.95,132.0,132.0,165.0,105.0,48,6336.0
2000-10-31,125.0,142.0,125.0,132.0,142.0,138.65,165.0,105.0,471,62777.6
2000-11-02,134.9,134.9,134.9,138.65,134.9,134.9,165.0,105.0,10,1349.0
2000-11-03,130.0,132.0,127.0,134.9,127.0,127.0,165.0,105.0,154,20145.0
2000-11-06,124.95,125.0,124.95,127.0,125.0,125.0,165.0,105.0,149,18618.35
2000-11-07,131.0,131.0,121.0,125.0,128.0,128.4,165.0,105.0,394,48907.5
2000-11-09,124.1,124.1,124.1,128.4,124.1,124.1,165.0,105.0,50,6205.0
2000-11-10,124.0,124.1,124.0,124.1,124.0,124.0,165.0,105.0,60,7441.0
2000-11-14,127.9,128.0,127.9,124.0,128.0,127.95,165.0,105.0,134,17142.0
2000-11-17,122.7,122.7,122.5,127.95,122.5,122.5,165.0,105.0,164,20105.0
2000-11-20,116.0,116.0,116.0,122.5,116.0,116.0,165.0,105.0,1,116.0
2000-11-21,113.1,122.0,112.75,116.0,122.0,122.0,165.0,105.0,200,23475.7
2000-11-24,126.0,126.0,120.0,122.0,120.0,120.0,165.0,105.0,50,6204.0
2000-11-30,119.95,129.6,119.95,120.0,129.6,129.6,165.0,105.0,977,124924.1
2000-12-01,134.0,140.0,134.0,129.6,140.0,140.0,165.0,105.0,1338,186500.75
2000-12-04,138.0,142.0,132.35,140.0,135.25,135.25,165.0,105.0,610,84371.0
2000-12-05,139.0,139.0,125.0,135.25,125.8,125.8,165.0,105.0,715,91310.0
2000-12-06,125.25,125.25,125.0,125.8,125.0,125.0,165.0,105.0,16,2002.5
2000-12-07,125.0,125.0,125.0,125.0,125.0,125.0,165.0,105.0,50,6250.0
2000-12-08,117.0,117.0,116.65,125.0,116.65,116.65,165.0,105.0,50,5836.0
2000-12-11,116.05,116.05,116.05,116.65,116.05,116.05,165.0,105.0,20,2321.0
2000-12-12,124.8,125.0,115.75,116.05,125.0,125.0,165.0,105.0,206,24805.0
2000-12-13,116.1,125.0,115.0,125.0,125.0,115.8,165.0,105.0,280,32450.9
2000-12-14,124.0,124.0,116.15,115.8,116.5,116.5,165.0,105.0,611,72015.05
2000-12-18,115.1,115.1,115.0,116.5,115.0,115.0,165.0,105.0,88,10125.0
2000-12-19,112.1,115.0,110.0,115.0,115.0,112.1,165.0,105.0,320,35476.0
2000-12-21,110.0,110.0,110.0,112.1,110.0,110.0,165.0,105.0,60,6600.0
2000-12-22,102.0,102.0,101.5,110.0,101.9,101.9,165.0,105.0,19,1934.7
2000-12-26,95.25,95.25,95.15,101.9,95.15,95.2,165.0,101.5,35,3332.75
2000-12-28,96.0,96.0,96.0,95.2,96.0,96.0,165.0,95.15,25,2400.0
2001-01-02,103.7,103.7,103.7,96.0,103.7,103.7,165.0,95.15,33,3422.1
2001-01-04,105.1,111.9,105.1,103.7,105.5,105.5,165.0,95.15,401,43505.5
2001-01-05,112.0,112.0,112.0,105.5,112.0,112.0,165.0,95.15,10,1120.0
2001-01-08,105.1,106.0,105.1,112.0,106.0,106.0,165.0,95.15,250,26410.0
2001-01-09,105.75,107.75,105.75,106.0,107.75,107.75,165.0,95.15,65,6953.0
2001-01-11,116.35,116.4,111.5,107.75,111.5,111.5,165.0,95.15,105,12195.0
2001-01-12,115.0,118.95,112.0,111.5,118.95,118.95,165.0,95.15,797,90546.3
2001-01-15,111.0,111.0,109.6,118.95,109.6,109.6,165.0,95.15,400,44122.5
2001-01-16,101.0,109.05,101.0,109.6,109.05,109.05,165.0,95.15,2328,249399.25
2001-01-18,110.0,110.0,110.0,109.05,110.0,110.0,165.0,95.15,100,11000.0
2001-01-22,105.1,105.1,105.1,110.0,105.1,105.1,165.0,95.15,200,21020.0
2001-01-23,110.0,110.0,110.0,105.1,110.0,110.0,165.0,95.15,1076,118360.0
2001-01-24,110.05,112.5,110.05,110.0,112.5,112.5,165.0,95.15,100,11126.7
2001-01-25,119.0,119.0,119.0,112.5,119.0,119.0,165.0,95.15,1,119.0
2001-01-29,110.0,110.0,110.0,119.0,110.0,110.0,165.0,95.15,1,110.0
2001-01-30,110.0,110.0,110.0,110.0,110.0,110.0,165.0,95.15,316,34760.0
2001-01-31,110.0,110.0,110.0,110.0,110.0,110.0,165.0,95.15,198,21780.0
2001-02-01,110.0,110.0,110.0,110.0,110.0,110.0,165.0,95.15,313,34430.0
2001-02-02,110.0,112.0,110.0,110.0,112.0,112.0,165.0,95.15,367,40652.5
2001-02-05,111.4,113.0,111.0,112.0,111.0,111.0,165.0,95.15,266,29816.0
2001-02-06,110.0,110.0,110.0,111.0,110.0,110.0,165.0,95.15,606,66660.0
2001-02-07,112.0,112.0,112.0,110.0,112.0,112.0,165.0,95.15,50,5600.0
2001-02-08,110.0,110.0,110.0,112.0,110.0,110.0,165.0,95.15,91,10010.0
2001-02-09,112.0,112.0,111.0,110.0,111.0,111.0,165.0,95.15,150,16700.0
2001-02-12,112.0,118.0,112.0,111.0,118.0,118.0,165.0,95.15,326,37508.0
2001-02-13,118.0,127.0,118.0,118.0,126.0,125.6,165.0,95.15,1392,174759.0
2001-02-14,121.0,122.0,119.05,125.6,122.0,122.0,165.0,95.15,141,17004.8
2001-02-15,118.0,118.0,114.0,122.0,114.0,114.0,165.0,95.15,173,19914.0
2001-02-16,111.0,111.0,111.0,114.0,111.0,111.0,165.0,95.15,55,6105.0
2001-02-19,105.0,105.0,105.0,111.0,105.0,105.0,165.0,95.15,16,1680.0
2001-02-20,110.0,110.0,110.0,105.0,110.0,110.0,165.0,95.15,120,13200.0
2001-02-21,110.0,110.0,110.0,110.0,110.0,110.0,165.0,95.15,8,880.0
2001-02-22,110.0,110.0,110.0,110.0,110.0,110.0,165.0,95.15,31,3410.0
2001-02-23,114.9,115.0,114.9,110.0,115.0,115.0,165.0,95.15,51,5864.9
2001-02-26,110.0,110.0,110.0,115.0,110.0,110.0,165.0,95.15,166,18260.0
2001-02-27,110.0,110.0,109.75,110.0,109.75,109.75,165.0,95.15,1685,185178.75
2001-02-28,110.0,118.5,110.0,109.75,118.5,118.5,165.0,95.15,1251,147059.75
2001-03-02,115.0,115.0,110.0,118.5,110.0,110.0,165.0,95.15,651,72150.0
2001-03-05,111.0,111.0,110.0,110.0,110.0,110.0,165.0,95.15,876,96565.0
2001-03-07,110.0,110.0,110.0,110.0,110.0,110.0,165.0,95.15,100,11000.0
2001-03-08,110.1,110.1,110.1,110.0,110.1,110.1,165.0,95.15,50,5505.0
2001-03-12,105.0,105.0,105.0,110.1,105.0,105.0,165.0,95.15,223,23415.0
2001-03-13,105.0,108.0,105.0,105.0,108.0,108.0,165.0,95.15,264,27870.0
2001-03-14,105.0,105.0,105.0,108.0,105.0,105.0,165.0,95.15,110,11550.0
2001-03-15,105.0,105.0,105.0,105.0,105.0,105.0,165.0,95.15,112,11760.0
2001-03-16,104.0,104.0,104.0,105.0,104.0,104.0,165.0,95.15,50,5200.0
2001-03-19,105.0,105.0,100.0,104.0,100.0,100.0,165.0,95.15,128,13300.0
2001-03-20,100.0,100.0,98.0,100.0,98.0,98.0,165.0,95.15,62,6176.0
2001-03-23,95.0,100.0,95.0,98.0,100.0,100.0,165.0,95.15,110,10500.0
2001-03-26,95.05,95.05,95.0,100.0,95.0,95.0,165.0,95.0,100,9502.5
2001-03-27,95.0,95.0,90.0,95.0,90.0,90.0,165.0,95.0,150,13825.0
2001-03-28,97.2,97.2,97.2,90.0,97.2,97.2,165.0,90.0,1,97.2
2001-03-29,91.0,92.0,90.0,97.2,92.0,92.0,165.0,90.0,165,15000.0
2001-04-02,84.65,98.0,84.65,92.0,98.0,85.2,165.0,90.0,152,12916.5
2001-04-03,92.0,92.05,92.0,85.2,92.05,92.05,165.0,84.65,40,3680.25
2001-04-04,86.1,86.1,85.0,92.05,85.0,85.0,165.0,84.65,128,10928.25
2001-04-06,81.0,81.0,81.0,85.0,81.0,81.0,165.0,84.65,34,2754.0
2001-04-09,82.0,82.0,80.0,81.0,80.0,80.0,165.0,81.0,64,5184.0
2001-04-12,85.0,85.5,81.0,80.0,81.0,81.0,165.0,80.0,61,5186.0
2001-04-16,80.0,80.0,77.5,81.0,80.0,80.0,165.0,80.0,64,5097.5
2001-04-17,80.0,83.0,78.0,80.0,78.0,78.0,165.0,77.5,1101,86083.0
2001-04-19,84.0,84.0,84.0,78.0,84.0,84.0,165.0,77.5,100,8400.0
2001-04-20,89.0,89.0,89.0,84.0,89.0,89.0,165.0,77.5,100,8900.0
2001-04-23,89.0,95.0,89.0,89.0,95.0,95.0,165.0,77.5,126,11829.0
2001-04-24,102.6,102.6,98.15,95.0,102.6,102.6,165.0,77.5,226,22965.1
2001-04-25,109.8,110.0,109.8,102.6,110.0,110.0,165.0,77.5,250,27469.6
2001-04-26,115.0,115.0,105.0,110.0,106.0,106.0,165.0,77.5,1172,124196.0
2001-04-27,101.0,109.9,101.0,106.0,109.9,109.9,165.0,77.5,1847,191948.6
2001-04-30,103.15,103.15,103.0,109.9,103.0,103.0,165.0,77.5,178,18348.6
2001-05-02,100.0,100.0,100.0,103.0,100.0,100.0,165.0,77.5,126,12600.0
2001-05-03,100.0,100.0,93.0,100.0,100.0,100.0,165.0,77.5,852,83093.85
2001-05-04,95.05,99.9,95.05,100.0,99.9,99.9,165.0,77.5,116,11510.0
2001-05-07,92.0,98.0,92.0,99.9,92.0,92.0,165.0,77.5,1960,185458.25
2001-05-08,90.0,92.0,90.0,92.0,92.0,92.0,165.0,77.5,231,21052.0
2001-05-09,97.5,97.5,92.0,92.0,95.0,95.0,165.0,77.5,451,42967.0
2001-05-11,98.0,100.0,98.0,95.0,99.8,99.75,165.0,77.5,577,57472.5
2001-05-14,95.15,95.15,95.15,99.75,95.15,95.15,165.0,77.5,82,7802.3
2001-05-15,95.0,100.0,90.65,95.15,90.65,90.65,165.0,77.5,560,51157.5
2001-05-16,94.5,95.0,94.5,90.65,95.0,95.0,165.0,77.5,324,30777.5
2001-05-17,96.0,96.0,95.9,95.0,96.0,95.95,165.0,77.5,544,52192.1
2001-05-18,98.0,98.0,93.25,95.95,93.25,93.6,165.0,77.5,150,14260.0
2001-05-21,93.0,93.0,93.0,93.6,93.0,93.0,165.0,77.5,116,10788.0
2001-05-22,97.0,97.0,97.0,93.0,97.0,97.0,165.0,77.5,500,48500.0
2001-05-23,99.9,104.0,99.9,97.0,104.0,104.0,165.0,77.5,206,20995.0
2001-05-24,97.0,101.0,97.0,104.0,101.0,101.0,165.0,77.5,263,26166.4
2001-05-25,98.0,102.0,98.0,101.0,99.0,99.0,165.0,77.5,136,13582.6
2001-05-28,100.0,106.0,98.3,99.0,106.0,104.35,165.0,77.5,773,77580.35
2001-05-29,112.0,112.7,112.0,104.35,112.7,112.7,165.0,77.5,210,23649.5
2001-05-30,120.0,121.75,120.0,112.7,121.75,121.75,165.0,77.5,1650,198976.95
2001-05-31,120.0,123.0,115.0,121.75,120.0,120.0,165.0,77.5,1470,175476.55
2001-06-01,120.0,120.0,120.0,120.0,120.0,120.0,165.0,77.5,607,72840.0
2001-06-04,122.0,122.0,120.0,120.0,120.0,120.0,165.0,77.5,924,111375.0
2001-06-05,120.0,129.6,120.0,120.0,120.0,120.25,165.0,77.5,1696,203979.7
2001-06-06,121.5,122.0,121.5,120.25,122.0,122.0,165.0,77.5,86,10490.5
2001-06-07,120.5,121.5,120.5,122.0,121.5,121.5,165.0,77.5,76,9224.0
2001-06-08,120.0,122.0,120.0,121.5,122.0,122.0,165.0,77.5,137,16510.25
2001-06-11,120.0,122.25,120.0,122.0,122.0,122.0,165.0,77.5,601,72486.8
2001-06-12,124.85,124.85,120.0,122.0,121.75,121.35,165.0,77.5,539,65185.5
2001-06-13,122.0,122.0,122.0,121.35,122.0,122.0,165.0,77.5,50,6100.0
2001-06-14,120.0,120.0,120.0,122.0,120.0,120.0,165.0,77.5,1636,196320.0
2001-06-15,120.0,120.0,110.5,120.0,119.5,119.5,165.0,77.5,86422,10328125.5
2001-06-18,120.0,120.0,115.0,119.5,115.0,115.0,165.0,77.5,770,91056.75
2001-06-19,123.0,123.0,111.0,115.0,115.0,115.0,165.0,77.5,1028,121769.15
2001-06-20,117.95,117.95,117.95,115.0,117.95,117.95,165.0,77.5,50,5897.5
2001-06-21,115.0,116.0,112.0,117.95,112.0,112.05,165.0,77.5,6593,751593.0
2001-06-22,110.0,110.0,103.1,112.05,103.1,103.1,165.0,77.5,226,23853.1
2001-06-25,105.0,105.0,100.0,103.1,100.0,100.35,165.0,77.5,436,45145.0
2001-06-26,100.0,100.1,100.0,100.35,100.0,100.0,165.0,77.5,8,800.3
2001-06-27,105.05,108.0,105.0,100.0,107.5,107.5,165.0,77.5,1711,180211.25
2001-06-28,104.9,107.0,104.9,107.5,105.25,105.25,165.0,77.5,602,63762.55
2001-06-29,108.0,108.0,105.0,105.25,105.25,105.0,165.0,77.5,582,62610.0
2001-07-02,110.0,110.0,110.0,110.0,110.0,110.0,0.0,0.0,200,22000.0
2001-07-05,105.5,105.5,105.5,110.0,105.5,105.5,110.0,110.0,116,12238.0
2001-07-10,105.0,105.0,105.0,105.5,105.0,105.0,110.0,105.5,50,5250.0
2001-07-11,105.0,105.0,105.0,105.0,105.0,105.0,110.0,105.0,30,3150.0
2001-07-13,105.0,105.0,105.0,105.0,105.0,105.0,110.0,105.0,100,10500.0
2001-07-24,105.0,105.0,105.0,105.0,105.0,105.0,110.0,105.0,35,3675.0
2001-07-25,105.0,105.0,105.0,105.0,105.0,105.0,110.0,105.0,10,1050.0
2001-07-26,105.0,105.0,105.0,105.0,105.0,105.0,110.0,105.0,550,57750.0
2001-07-30,105.1,105.1,105.1,105.0,105.1,105.1,110.0,105.0,19,1996.9
2001-08-02,105.0,105.0,105.0,105.1,105.0,105.0,110.0,105.0,250,26250.0
2001-08-08,105.0,105.0,105.0,105.0,105.0,105.0,110.0,105.0,16,1680.0
2001-08-13,105.0,105.0,105.0,105.0,105.0,105.0,110.0,105.0,183,19215.0
2001-08-17,105.0,105.0,105.0,105.0,105.0,105.0,110.0,105.0,600,63000.0
2001-08-20,105.0,105.0,105.0,105.0,105.0,105.0,110.0,105.0,466,48930.0
2001-08-21,110.0,110.0,110.0,105.0,110.0,110.0,110.0,105.0,50,5500.0
2001-08-27,105.15,106.0,105.15,110.0,106.0,105.25,110.0,105.0,116,12211.0
2001-08-29,108.0,108.0,108.0,105.25,108.0,108.0,110.0,105.0,100,10800.0
2001-08-30,107.0,107.0,107.0,108.0,107.0,107.0,110.0,105.0,300,32100.0
2001-08-31,105.4,107.8,105.4,107.0,107.8,107.8,110.0,105.0,253,27248.9
2001-09-03,105.0,107.0,105.0,107.8,107.0,107.0,110.0,105.0,27450,2936250.0
2001-09-06,100.0,100.0,100.0,107.0,100.0,100.0,110.0,105.0,33,3300.0
2001-09-13,100.0,100.0,94.05,100.0,94.05,94.05,110.0,100.0,80,7583.5
2001-09-18,100.0,100.0,100.0,94.05,100.0,100.0,110.0,94.05,1,100.0
2001-09-19,100.0,100.0,100.0,100.0,100.0,100.0,110.0,94.05,2,200.0
2001-09-26,106.0,106.0,106.0,100.0,106.0,106.0,110.0,94.05,50,5300.0
2001-09-27,113.8,113.8,113.8,106.0,113.8,113.8,110.0,94.05,100,11380.0
2001-10-03,94.5,94.5,94.5,113.8,94.5,94.5,113.8,94.05,50,4725.0
2001-10-04,87.0,87.0,87.0,94.5,87.0,87.0,113.8,94.05,50,4350.0
2001-10-08,99.0,99.0,99.0,87.0,99.0,99.0,113.8,87.0,1,99.0
2001-10-09,91.5,91.5,91.1,99.0,91.1,91.1,113.8,87.0,66,6022.6
2001-10-10,97.0,97.0,97.0,91.1,97.0,97.0,113.8,87.0,1,97.0
2001-10-11,104.0,104.0,104.0,97.0,104.0,104.0,113.8,87.0,1,104.0
2001-10-12,96.5,96.5,96.5,104.0,96.5,96.5,113.8,87.0,150,14475.0
2001-10-15,103.0,103.0,95.0,96.5,95.0,95.0,113.8,87.0,75,7133.0
2001-10-16,99.0,99.0,90.0,95.0,90.0,90.0,113.8,87.0,351,31736.5
2001-10-17,90.0,92.0,90.0,90.0,90.0,90.0,113.8,87.0,1000,90567.5
2001-10-19,93.0,93.0,93.0,90.0,93.0,93.0,113.8,87.0,10,930.0
2001-10-22,96.0,96.0,96.0,93.0,96.0,96.0,113.8,87.0,1,96.0
2001-10-23,90.0,96.0,90.0,96.0,94.0,94.0,113.8,87.0,427,39785.0
2001-10-24,96.0,96.0,95.0,94.0,96.0,95.75,113.8,87.0,67,6416.0
2001-10-29,99.0,99.0,99.0,95.75,99.0,99.0,113.8,87.0,1,99.0
2001-10-30,105.0,105.0,95.0,99.0,95.0,95.0,113.8,87.0,1502,142700.0
2001-11-01,95.0,95.0,95.0,95.0,95.0,95.0,113.8,87.0,300,28500.0
2001-11-02,95.0,98.0,95.0,95.0,98.0,98.0,113.8,87.0,541,52670.0
2001-11-05,93.05,93.05,93.05,98.0,93.05,93.05,113.8,87.0,10,930.5
2001-11-08,95.0,95.0,95.0,93.05,95.0,95.0,113.8,87.0,66,6270.0
2001-11-14,95.0,95.0,95.0,95.0,95.0,95.0,113.8,87.0,116,11020.0
2001-11-19,95.0,95.0,95.0,95.0,95.0,95.0,113.8,87.0,400,38000.0
2001-11-20,95.0,95.0,95.0,95.0,95.0,95.0,113.8,87.0,1000,95000.0
2001-11-26,95.0,95.0,95.0,95.0,95.0,95.0,113.8,87.0,502,47690.0
2001-11-27,95.0,95.0,95.0,95.0,95.0,95.0,113.8,87.0,400,38000.0
2001-11-28,97.0,98.0,97.0,95.0,98.0,98.0,113.8,87.0,2584,251196.4
2001-12-03,96.0,96.0,96.0,98.0,96.0,96.0,113.8,87.0,16,1536.0
2001-12-06,97.1,98.0,97.1,96.0,98.0,98.0,113.8,87.0,539,52807.6
2001-12-07,96.0,96.05,96.0,98.0,96.0,96.0,113.8,87.0,486,46657.7
2001-12-10,96.0,98.0,96.0,96.0,97.0,97.0,113.8,87.0,151,14646.0
2001-12-12,97.0,98.2,97.0,97.0,98.0,98.0,113.8,87.0,2210,216590.0
2001-12-13,98.0,98.0,98.0,98.0,98.0,98.0,113.8,87.0,200,19600.0
2001-12-14,97.5,97.5,97.5,98.0,97.5,97.5,113.8,87.0,1002,97695.0
2001-12-18,97.0,98.0,97.0,97.5,97.5,97.5,113.8,87.0,1115,108687.5
2001-12-19,97.5,97.5,97.5,97.5,97.5,97.5,113.8,87.0,200,19500.0
2001-12-20,98.25,98.25,98.0,97.5,98.0,98.0,113.8,87.0,600,58825.0
2001-12-21,97.5,97.5,97.5,98.0,97.5,97.5,113.8,87.0,200,19500.0
2001-12-26,97.5,97.5,97.5,97.5,97.5,97.5,113.8,87.0,146,14235.0
2001-12-27,97.0,97.0,97.0,97.5,97.0,97.0,113.8,87.0,100,9700.0
2001-12-28,104.8,104.8,104.8,97.0,104.8,104.8,113.8,87.0,100,10480.0
2002-01-01,98.0,98.0,98.0,104.8,98.0,98.0,113.8,87.0,40,3920.0
2002-01-02,99.0,99.0,99.0,98.0,99.0,99.0,113.8,87.0,2010,198990.0
2002-01-03,98.5,98.5,98.5,99.0,98.5,98.5,113.8,87.0,399,39301.5
2002-01-04,98.5,98.5,98.5,98.5,98.5,98.5,113.8,87.0,1461,143908.5
2002-01-07,98.5,98.5,98.5,98.5,98.5,98.5,113.8,87.0,200,19700.0
2002-01-08,98.0,99.75,98.0,98.5,98.1,98.1,113.8,87.0,297,29167.3
2002-01-09,100.0,100.0,100.0,98.1,100.0,100.0,113.8,87.0,2,200.0
2002-01-10,96.05,97.0,96.05,100.0,97.0,97.0,113.8,87.0,5114,496005.3
2002-01-11,98.0,98.0,96.0,97.0,96.0,96.0,113.8,87.0,2775,269910.0
2002-01-15,96.0,96.0,96.0,96.0,96.0,96.0,113.8,87.0,1000,96000.0
2002-01-17,97.0,97.0,97.0,96.0,97.0,97.0,113.8,87.0,202200,19613400.0
2002-01-18,95.6,95.6,95.6,97.0,95.6,95.6,113.8,87.0,27,2581.2
2002-01-21,98.0,101.0,98.0,95.6,101.0,101.0,113.8,87.0,1519,151497.5
2002-01-22,101.0,107.0,101.0,101.0,101.25,101.25,113.8,87.0,1082,113025.0
2002-01-23,100.0,100.0,100.0,101.25,100.0,100.0,113.8,87.0,121,12100.0
2002-01-25,103.0,107.0,103.0,100.0,107.0,106.95,113.8,87.0,550,57907.5
2002-01-28,109.95,109.95,109.95,106.95,109.95,109.95,113.8,87.0,10,1099.5
2002-01-29,110.0,110.0,105.5,109.95,110.0,110.0,113.8,87.0,675,73115.0
2002-01-30,105.0,110.0,105.0,110.0,105.5,105.5,113.8,87.0,2678,287896.1
2002-01-31,100.0,105.0,100.0,105.5,105.0,105.0,113.8,87.0,38720,3897097.5
2002-02-01,108.2,113.3,108.2,105.0,112.0,112.0,113.8,87.0,711,78711.0
2002-02-04,107.0,107.0,107.0,112.0,107.0,107.0,113.8,87.0,100,10700.0
2002-02-05,113.0,113.0,110.0,107.0,110.0,110.0,113.8,87.0,400,44450.0
2002-02-06,115.0,118.8,115.0,110.0,118.8,118.8,113.8,87.0,5756,682656.5
2002-02-07,126.0,128.3,120.0,118.8,128.3,128.3,118.8,87.0,4536,570934.7
2002-02-08,130.05,133.45,130.0,128.3,133.45,133.45,128.3,87.0,1039,138242.7
2002-02-11,139.5,145.0,133.55,133.45,137.5,136.65,133.45,87.0,1726,239469.7
2002-02-12,135.25,139.0,126.7,136.65,135.05,135.7,145.0,87.0,2757,371292.5
2002-02-13,139.9,140.0,138.0,135.7,138.0,138.75,145.0,87.0,1031,143787.0
2002-02-14,135.0,139.5,134.3,138.75,135.0,135.5,145.0,87.0,2532,346140.3
2002-02-15,134.95,136.0,120.0,135.5,136.0,136.0,145.0,87.0,447,59795.0
2002-02-18,140.0,140.0,136.0,136.0,138.0,137.6,145.0,87.0,1490,205536.75
2002-02-19,138.0,139.7,136.0,137.6,136.0,136.0,145.0,87.0,1406,192968.65
2002-02-20,139.0,143.05,139.0,136.0,142.0,142.0,145.0,87.0,4805,680855.85
2002-02-21,143.25,164.85,143.25,142.0,158.75,156.25,145.0,87.0,3531,543234.2
2002-02-22,160.0,160.0,151.0,156.25,160.0,158.15,164.85,87.0,1870,295002.5
2002-02-25,164.8,165.0,151.2,158.15,160.0,159.7,164.85,87.0,1747,281841.5
2002-02-26,160.0,165.0,157.0,159.7,165.0,163.55,165.0,87.0,3897,629275.35
2002-02-27,160.5,160.5,151.05,163.55,158.0,158.05,165.0,87.0,1410,221726.2
2002-02-28,159.0,164.0,151.0,158.05,151.0,154.0,165.0,87.0,3596,562910.85
2002-03-01,151.0,155.0,147.0,154.0,150.0,148.95,165.0,87.0,195,29456.5
2002-03-04,152.0,153.5,145.0,148.95,150.0,150.0,165.0,87.0,965,144328.75
2002-03-05,151.0,164.0,151.0,150.0,160.0,160.05,165.0,87.0,3128,492095.45
2002-03-06,160.0,162.9,156.0,160.05,156.0,158.05,165.0,87.0,830,132648.75
2002-03-08,160.0,160.0,155.0,158.05,159.0,159.0,165.0,87.0,88,13883.0
2002-03-11,158.9,158.9,151.5,159.0,151.5,151.5,165.0,87.0,103750,16410581.25
2002-03-12,158.5,158.5,143.0,151.5,151.0,151.0,165.0,87.0,6250,941505.0
2002-03-13,152.5,153.0,149.0,151.0,150.0,150.0,165.0,87.0,4132,623934.0
2002-03-14,158.5,158.5,146.0,150.0,154.0,154.3,165.0,87.0,9708,1481750.35
2002-03-15,154.0,154.05,154.0,154.3,154.05,154.05,165.0,87.0,375,57750.8
2002-03-18,159.0,159.0,146.0,154.05,154.0,155.35,165.0,87.0,6140,936663.5
2002-03-19,158.0,158.0,147.5,155.35,147.7,151.55,165.0,87.0,18025,2729942.5
2002-03-20,154.0,154.5,148.8,151.55,150.0,150.0,165.0,87.0,6514,986400.0
2002-03-21,152.0,152.0,151.0,150.0,151.0,151.0,165.0,87.0,50,7575.0
2002-03-22,155.0,155.0,150.0,151.0,153.0,151.5,165.0,87.0,460,69475.0
2002-03-26,151.0,151.55,151.0,151.5,151.5,151.5,165.0,87.0,281,42559.75
2002-03-27,150.0,150.0,150.0,151.5,150.0,150.0,165.0,87.0,20,3000.0
2002-03-28,150.05,150.05,146.5,150.0,150.0,150.0,165.0,87.0,593,88778.95
2002-04-01,151.0,151.0,150.0,150.0,150.9,150.2,,,750,112745.0
2002-04-02,150.0,153.5,149.75,150.2,150.0,150.0,,,1916,287611.75
2002-04-03,151.0,151.0,150.0,150.0,150.0,150.0,,,7,1052.0
2002-04-04,150.0,150.0,150.0,150.0,150.0,150.0,,,18,2700.0
2002-04-05,151.0,151.0,150.0,150.0,150.0,150.0,,,400,60050.0
2002-04-08,150.0,150.1,150.0,150.0,150.0,150.05,,,260,39010.0
2002-04-09,154.5,155.0,150.0,150.05,150.0,150.0,,,617,93742.5
2002-04-10,150.0,150.1,150.0,150.0,150.0,150.0,165.0,87.0,907,136100.0
2002-04-11,150.0,150.0,150.0,150.0,150.0,150.0,165.0,87.0,5,750.0
2002-04-12,159.0,159.0,150.0,150.0,150.0,150.0,,,1486,222954.0
2002-04-15,150.0,152.0,150.0,150.0,150.0,150.0,,,1166,175185.0
2002-04-16,150.0,150.0,150.0,150.0,150.0,150.0,165.0,87.0,132,19800.0
2002-04-17,150.5,150.5,150.0,150.0,150.0,150.0,165.0,87.0,132,19858.0
2002-04-18,150.0,150.6,150.0,150.0,150.6,150.6,165.0,87.0,666,100095.85
2002-04-19,150.0,151.0,150.0,150.6,150.0,150.0,165.0,87.0,252,37815.0
2002-04-22,150.0,150.0,150.0,150.0,150.0,150.0,165.0,87.0,20,3000.0
2002-04-23,150.1,150.1,150.0,150.0,150.0,150.0,165.0,87.0,362,54336.1
2002-04-24,152.3,152.3,150.0,150.0,150.0,150.0,165.0,87.0,440,66057.5
2002-04-25,150.0,153.0,150.0,150.0,151.0,151.0,,,466,70291.0
2002-04-26,150.1,150.55,150.1,151.0,150.55,150.55,,,171,25692.65
2002-04-29,150.3,151.0,150.3,150.55,150.45,150.45,165.0,87.0,222,33424.5
2002-04-30,151.0,152.0,150.0,150.45,150.05,150.05,,,2026,304851.6
2002-05-02,150.05,152.0,150.05,150.05,151.0,151.0,165.0,87.0,262,39459.35
2002-05-03,152.0,153.0,151.2,151.0,151.5,151.55,165.0,87.0,269,40881.7
2002-05-06,150.1,151.0,150.1,151.55,150.2,150.2,,,120,18064.4
2002-05-07,150.05,152.5,150.05,150.2,152.5,152.5,,,71,10776.05
2002-05-08,150.5,150.5,150.0,152.5,150.0,150.0,,,455,68317.4
2002-05-09,151.0,151.0,150.0,150.0,150.1,150.1,165.0,87.0,200,30060.0
2002-05-10,150.0,157.9,150.0,150.1,157.0,155.4,,,645,97849.45
2002-05-13,153.75,153.75,150.6,155.4,150.6,150.6,165.0,87.0,141,21407.1
2002-05-15,150.0,151.95,150.0,150.6,150.0,150.0,165.0,87.0,310,46519.5
2002-05-16,150.0,150.0,150.0,150.0,150.0,150.0,165.0,87.0,250,37500.0
2002-05-17,150.0,150.0,150.0,150.0,150.0,150.0,165.0,87.0,630,94500.0
2002-05-20,150.0,150.05,150.0,150.0,150.05,150.05,165.0,87.0,850,127505.0
2002-05-21,150.0,150.0,145.0,150.05,150.0,150.0,165.0,87.0,2530,379450.0
2002-05-22,145.3,145.3,145.0,150.0,145.0,145.0,165.0,87.0,130,18863.75
2002-05-23,149.0,149.0,140.0,145.0,140.0,140.0,165.0,87.0,500,71450.0
2002-05-24,142.0,142.0,138.75,140.0,138.9,138.9,165.0,87.0,1367,189836.15
2002-05-27,145.0,145.0,145.0,138.9,145.0,145.0,165.0,87.0,115,16675.0
2002-05-28,147.75,150.0,147.75,145.0,150.0,150.0,165.0,87.0,682,101925.0
2002-05-29,145.05,150.0,145.0,150.0,150.0,150.0,165.0,87.0,318,47033.95
2002-05-30,150.15,150.2,150.15,150.0,150.2,150.2,165.0,87.0,116,17422.4
2002-05-31,150.0,151.0,150.0,150.2,150.0,150.0,165.0,87.0,450,67740.0
2002-06-03,150.0,150.0,150.0,150.0,150.0,150.0,165.0,87.0,158,23700.0
2002-06-05,150.0,151.0,150.0,150.0,151.0,151.0,165.0,87.0,530,79830.0
2002-06-06,150.0,150.0,150.0,151.0,150.0,150.0,165.0,87.0,100,15000.0
2002-06-10,149.95,150.0,146.05,150.0,147.0,147.0,165.0,87.0,191,28434.3
2002-06-11,150.5,151.0,145.0,147.0,145.1,145.1,165.0,87.0,1092,161712.1
2002-06-12,145.0,148.0,145.0,145.1,148.0,148.0,165.0,87.0,281,41343.0
2002-06-13,146.1,146.1,146.1,148.0,146.1,146.1,165.0,87.0,790,115419.0
2002-06-14,145.1,147.0,145.0,146.1,145.0,145.0,165.0,87.0,320,46521.0
2002-06-17,145.0,146.25,145.0,145.0,145.0,145.0,165.0,87.0,1220,176931.25
2002-06-18,145.0,145.0,145.0,145.0,145.0,145.0,165.0,87.0,16,2320.0
2002-06-19,145.0,146.0,145.0,145.0,145.0,145.0,165.0,87.0,432,62690.0
2002-06-20,145.2,145.2,145.0,145.0,145.05,145.05,165.0,87.0,716,103825.05
2002-06-21,145.25,145.25,145.25,145.05,145.25,145.25,165.0,87.0,33,4793.25
2002-06-24,148.0,151.0,147.0,145.25,151.0,151.0,165.0,87.0,145,21435.0
2002-06-25,150.0,150.1,150.0,151.0,150.1,150.1,165.0,87.0,226,33910.0
2002-06-26,147.0,154.0,147.0,150.1,154.0,154.0,165.0,87.0,1266,194127.3
2002-06-27,152.0,162.0,152.0,154.0,162.0,160.95,165.0,87.0,1315,209155.35
2002-06-28,160.9,166.0,160.5,160.95,160.5,161.15,165.0,87.0,796,128810.75
2002-07-01,163.0,170.95,161.0,161.15,168.75,168.35,166.0,87.0,1550,258279.2
2002-07-02,169.9,169.9,162.5,168.35,165.0,165.0,170.95,87.0,70,11681.8
2002-07-03,165.0,168.0,165.0,165.0,168.0,168.0,170.95,87.0,657,109194.0
2002-07-04,169.95,180.5,169.95,168.0,176.0,175.15,170.95,87.0,2499,437502.75
2002-07-05,170.0,180.5,170.0,175.15,178.6,175.35,180.5,87.0,1293,227636.4
2002-07-08,170.0,176.0,170.0,175.35,175.0,175.1,180.5,87.0,280,48976.0
2002-07-09,177.95,180.0,167.1,175.1,167.1,167.1,180.5,87.0,956,165230.3
2002-07-10,173.85,175.0,167.1,167.1,174.0,174.0,180.5,87.0,505,87634.4
2002-07-11,171.0,171.0,171.0,174.0,171.0,171.0,180.5,87.0,134,22914.0
2002-07-12,167.0,180.0,167.0,171.0,172.5,172.5,180.5,87.0,1276,225725.7
2002-07-15,170.0,170.0,167.0,172.5,167.0,167.0,180.5,87.0,305,51535.0
2002-07-16,170.0,170.5,170.0,167.0,170.5,170.5,180.5,87.0,1026,174863.0
2002-07-17,168.0,168.0,165.0,170.5,165.15,165.15,180.5,87.0,599,99310.75
2002-07-18,174.0,174.0,169.15,165.15,173.0,173.0,180.5,87.0,514,88099.0
2002-07-19,170.9,171.0,165.0,173.0,171.0,170.7,180.5,87.0,1779,303169.0
2002-07-22,165.1,167.0,165.0,170.7,165.0,165.0,180.5,87.0,255,42285.0
2002-07-23,165.0,165.0,158.5,165.0,158.5,158.5,180.5,87.0,238,39205.0
2002-07-29,155.0,155.0,155.0,158.5,155.0,155.0,180.5,87.0,29,4495.0
2002-07-30,160.0,164.0,160.0,155.0,160.0,163.2,180.5,87.0,592,96473.75
2002-07-31,160.0,165.0,160.0,163.2,165.0,165.0,180.5,87.0,370,60610.0
2002-08-07,157.0,157.0,157.0,165.0,157.0,157.0,180.5,87.0,100,15700.0
2002-08-12,150.05,158.15,150.05,157.0,158.15,150.25,180.5,87.0,252,37843.8
2002-08-16,155.0,155.0,155.0,150.25,155.0,155.0,180.5,87.0,20,3100.0
2002-08-19,155.0,155.0,155.0,155.0,155.0,155.0,180.5,87.0,100,15500.0
2002-08-21,158.0,158.0,154.0,155.0,154.0,154.0,180.5,87.0,240,37520.0
2002-08-23,150.0,150.0,150.0,154.0,150.0,150.0,180.5,87.0,403,60450.0
2002-08-26,146.05,146.05,146.05,150.0,146.05,146.05,180.5,87.0,110,16065.5
2002-08-27,152.0,152.0,152.0,146.05,152.0,152.0,180.5,87.0,50,7600.0
2002-08-28,150.0,153.0,146.05,152.0,146.05,146.05,180.5,87.0,35,5215.8
2002-08-29,150.0,153.0,150.0,146.05,152.0,152.0,180.5,87.0,370,56183.5
2002-08-30,148.2,148.2,148.2,152.0,148.2,148.2,180.5,87.0,300,44460.0
2002-09-02,150.05,150.05,150.05,148.2,150.05,150.05,180.5,87.0,16,2400.8
2002-09-03,155.0,155.0,151.0,150.05,151.0,151.4,180.5,87.0,137,20904.5
2002-09-04,151.0,151.0,151.0,151.4,151.0,151.0,180.5,87.0,8,1208.0
2002-09-05,151.0,154.9,150.6,151.0,154.9,154.6,180.5,87.0,350,53350.0
2002-09-09,150.0,150.0,150.0,154.6,150.0,150.0,180.5,87.0,1135,170250.0
2002-09-11,151.0,151.0,150.0,150.0,150.0,150.0,180.5,87.0,126,18925.0
2002-09-12,150.0,150.0,150.0,150.0,150.0,150.0,180.5,87.0,215,32250.0
2002-09-13,150.0,150.0,150.0,150.0,150.0,150.0,180.5,87.0,300,45000.0
2002-09-16,149.9,149.9,143.0,150.0,143.0,143.0,180.5,87.0,45,6573.0
2002-09-17,135.05,149.0,135.05,143.0,148.95,148.9,180.5,87.0,104,14089.9
2002-09-18,148.1,148.1,140.05,148.9,147.0,146.7,180.5,87.0,401,59071.2
2002-09-19,135.0,140.0,134.05,146.7,138.05,138.05,180.5,87.0,135,18273.6
2002-09-23,145.0,145.25,145.0,138.05,145.0,145.0,180.5,87.0,208,30172.5
2002-09-24,139.0,139.0,139.0,145.0,139.0,139.0,180.5,87.0,235,32665.0
2002-09-26,135.25,135.25,135.05,139.0,135.05,135.05,180.5,87.0,110,14875.5
2002-09-27,145.0,145.0,135.0,135.05,135.0,135.0,180.5,87.0,152,20540.0
2002-10-04,139.0,145.0,135.0,135.0,135.0,135.0,180.5,87.0,1050,151500.0
2002-10-07,125.05,136.05,125.05,135.0,136.05,136.05,180.5,87.0,1516,197940.8
2002-10-11,132.0,132.0,132.0,136.05,132.0,132.0,180.5,90.0,100,13200.0
2002-10-18,126.05,126.05,126.05,132.0,126.05,126.05,180.5,90.0,100,12605.0
2002-10-21,126.2,126.2,126.1,126.05,126.1,126.15,180.5,90.0,100,12616.8
2002-10-22,126.0,126.0,125.0,126.15,125.0,125.0,180.5,90.0,5557,697198.0
2002-10-23,125.0,125.0,125.0,125.0,125.0,125.0,180.5,90.0,100,12500.0
2002-10-24,125.0,125.0,125.0,125.0,125.0,125.0,180.5,90.0,475,59375.0
2002-10-25,125.0,125.0,125.0,125.0,125.0,125.0,180.5,90.0,85,10625.0
2002-10-29,120.0,120.0,120.0,125.0,120.0,120.0,180.5,93.05,141,16920.0
2002-11-01,120.5,120.5,120.5,120.0,120.5,120.5,180.5,93.05,5,602.5
2002-11-07,125.0,125.0,125.0,120.5,125.0,125.0,180.5,93.05,10,1250.0
2002-11-08,125.0,125.0,125.0,125.0,125.0,125.0,180.5,93.05,5,625.0
2002-11-11,130.0,132.0,130.0,125.0,130.0,130.1,180.5,93.05,124,16220.0
2002-11-13,130.05,130.05,130.05,130.1,130.05,130.05,180.5,95.0,23,2991.15
2002-11-14,130.0,134.0,130.0,130.05,134.0,134.0,180.5,95.0,125,16500.0
2002-11-15,135.0,137.0,135.0,134.0,137.0,137.0,180.5,95.0,1739,236243.0
2002-11-18,134.5,134.5,134.0,137.0,134.0,134.0,180.5,95.0,1001,134634.0
2002-11-20,137.0,137.0,137.0,134.0,137.0,137.0,180.5,95.0,450,61650.0
2002-11-21,131.0,131.0,131.0,137.0,131.0,131.0,180.5,95.0,74,9694.0
2002-11-22,135.0,135.0,135.0,131.0,135.0,135.0,180.5,95.0,100,13500.0
2002-11-25,134.0,135.9,134.0,135.0,135.0,135.0,180.5,95.0,1101,148205.0
2002-11-26,135.0,135.0,134.0,135.0,134.0,134.4,180.5,95.0,1062,143308.0
2002-11-27,134.1,134.1,134.05,134.4,134.05,134.05,180.5,95.0,52,6971.85
2002-11-28,134.0,140.0,134.0,134.05,140.0,140.0,180.5,95.0,100,13652.0
2002-11-29,140.0,143.95,138.1,140.0,143.95,143.95,180.5,95.0,2011,280843.95
2002-12-02,141.0,141.0,141.0,143.95,141.0,141.0,180.5,95.0,100,14100.0
2002-12-03,135.0,135.0,135.0,141.0,135.0,135.0,180.5,95.6,900,121500.0
2002-12-04,135.0,135.0,135.0,135.0,135.0,135.0,180.5,95.6,5,675.0
2002-12-05,135.2,135.2,135.0,135.0,135.0,135.0,180.5,95.6,250,33770.0
2002-12-06,135.05,135.05,135.0,135.0,135.0,135.0,180.5,95.6,166,22412.5
2002-12-09,141.0,141.0,135.0,135.0,135.0,135.0,180.5,95.6,216,29860.2
2002-12-10,135.0,135.0,135.0,135.0,135.0,135.0,180.5,95.6,100,13500.0
2002-12-11,135.0,136.0,135.0,135.0,136.0,136.0,180.5,95.6,220,29720.0
2002-12-12,135.0,135.0,135.0,136.0,135.0,135.0,180.5,95.6,166,22410.0
2002-12-13,135.0,135.0,135.0,135.0,135.0,135.0,180.5,95.6,2,270.0
2002-12-16,135.05,135.05,135.0,135.0,135.0,135.0,180.5,95.6,850,114770.0
2002-12-17,138.95,138.95,136.0,135.0,136.0,136.0,180.5,95.6,161,22191.0
2002-12-18,135.0,135.0,135.0,136.0,135.0,135.0,180.5,95.6,466,62910.0
2002-12-20,135.0,135.0,135.0,135.0,135.0,135.0,180.5,95.6,2,270.0
2002-12-23,135.0,135.0,135.0,135.0,135.0,135.0,180.5,95.6,249,33615.0
2002-12-24,135.0,135.0,135.0,135.0,135.0,135.0,180.5,95.6,100,13500.0
2002-12-26,137.0,137.0,137.0,135.0,137.0,137.0,180.5,95.6,200,27400.0
2002-12-27,138.0,138.0,137.5,137.0,137.5,137.5,180.5,95.6,123,16962.5
2002-12-30,140.0,140.0,140.0,137.5,140.0,140.0,180.5,95.6,21,2940.0
2002-12-31,140.0,140.0,138.0,140.0,138.0,139.8,180.5,95.6,129,18034.0
2003-01-01,139.0,139.0,139.0,139.8,139.0,139.0,180.5,95.6,116,16124.0
2003-01-02,142.0,143.0,142.0,139.0,143.0,143.0,180.5,95.6,200,28500.0
2003-01-03,140.5,140.6,138.0,143.0,138.0,138.0,180.5,95.6,350,49052.5
2003-01-07,138.0,138.0,138.0,138.0,138.0,138.0,180.5,95.6,16,2208.0
2003-01-08,138.0,138.3,138.0,138.0,138.3,138.3,180.5,95.6,198,27368.4
2003-01-10,139.95,139.95,137.3,138.3,137.3,137.3,180.5,95.6,646,89678.3
2003-01-13,138.0,138.0,138.0,137.3,138.0,138.0,180.5,95.6,132,18216.0
2003-01-14,137.05,141.0,137.05,138.0,141.0,141.0,180.5,95.6,1218,169174.4
2003-01-15,150.0,154.9,140.05,141.0,141.05,141.05,180.5,95.6,10175,1502277.5
2003-01-16,130.0,145.0,130.0,141.05,145.0,145.0,180.5,95.6,591,84998.0
2003-01-17,141.0,142.0,141.0,145.0,141.25,141.25,180.5,95.6,26,3669.25
2003-01-20,140.0,140.0,138.65,141.25,140.0,140.0,180.5,95.6,332,46458.4
2003-01-21,135.0,137.7,135.0,140.0,137.7,137.7,180.5,98.0,63,8605.65
2003-01-22,137.0,140.0,137.0,137.7,140.0,139.35,180.5,98.0,250,34600.0
2003-01-23,137.1,137.1,137.1,139.35,137.1,137.1,180.5,98.0,16,2193.6
2003-01-24,138.0,139.95,137.05,137.1,139.95,139.95,180.5,98.0,3441,476358.0
2003-01-27,137.05,139.8,137.0,139.95,139.8,138.45,180.5,98.0,4950,683962.5
2003-01-29,132.05,139.75,132.05,138.45,137.0,137.0,180.5,100.0,517,72083.55
2003-01-30,137.0,137.0,137.0,137.0,137.0,137.0,180.5,100.0,1500,205500.0
2003-01-31,131.0,131.0,130.0,137.0,130.0,130.0,180.5,100.0,65,8500.0
2003-02-03,130.15,139.95,120.0,130.0,139.95,139.95,180.5,100.0,716,93708.2
2003-02-04,132.0,135.0,130.0,139.95,132.5,132.5,180.5,107.0,380,49712.4
2003-02-05,130.0,130.0,125.05,132.5,130.0,130.0,180.5,107.0,60,7591.7
2003-02-06,135.0,135.0,135.0,130.0,135.0,135.0,180.5,107.0,100,13500.0
2003-02-07,135.0,138.3,135.0,135.0,135.0,135.1,180.5,107.0,101,13638.3
2003-02-11,125.0,125.0,122.0,135.1,122.0,122.0,180.5,120.0,170,20812.0
2003-02-12,120.5,120.5,120.5,122.0,120.5,120.5,180.5,120.0,400,48200.0
2003-02-14,116.25,120.0,116.0,120.5,116.0,116.0,180.5,120.0,10235,1207572.5
2003-02-17,115.0,115.0,113.0,116.0,113.0,113.0,180.5,116.0,176,19950.5
2003-02-18,120.0,121.95,115.15,113.0,118.0,118.0,180.5,113.0,200,23446.1
2003-02-19,121.25,121.25,120.0,118.0,120.0,120.6,180.5,113.0,200,24123.5
2003-02-20,129.0,129.0,129.0,120.6,129.0,129.0,180.5,113.0,1,129.0
2003-02-24,118.7,128.9,118.0,129.0,118.0,118.5,180.5,113.0,216,25630.55
2003-02-25,129.9,129.9,119.1,118.5,119.1,120.85,180.5,113.0,5195,634386.7
2003-02-26,120.1,120.1,120.0,120.85,120.0,120.0,180.5,113.0,190,22809.0
2003-02-27,120.0,129.9,120.0,120.0,129.0,129.0,180.5,113.0,67,8283.9
2003-02-28,119.0,119.5,119.0,129.0,119.5,119.5,180.5,113.0,117,13981.0
2003-03-03,113.1,114.6,113.1,119.5,114.6,114.6,180.5,113.0,300,34200.0
2003-03-04,115.0,115.0,115.0,114.6,115.0,115.0,180.5,113.0,6,690.0
2003-03-06,115.0,123.25,115.0,115.0,123.25,123.25,180.5,113.0,20,2333.0
2003-03-07,112.0,112.0,110.95,123.25,110.95,110.95,180.5,113.0,105,11699.5
2003-03-10,110.0,122.0,107.0,110.95,107.0,107.0,180.5,110.95,390,43755.25
2003-03-11,108.0,113.0,108.0,107.0,113.0,113.0,180.5,107.0,8000,884000.0
2003-03-12,110.0,111.0,108.0,113.0,110.0,110.0,180.5,107.0,6500,714300.0
2003-03-13,106.0,108.1,106.0,110.0,107.1,107.1,180.5,107.0,1416,151568.35
2003-03-17,110.0,110.0,105.0,107.1,105.0,105.0,180.5,106.0,57,6110.8
2003-03-19,105.0,105.0,100.0,105.0,103.8,100.85,180.5,105.0,10521,1082777.05
2003-03-20,103.65,103.65,103.65,100.85,103.65,103.65,180.5,100.0,10,1036.5
2003-03-21,96.55,102.65,96.55,103.65,102.65,100.15,180.5,100.0,232,23182.8
2003-03-24,97.5,104.5,97.5,100.15,104.5,101.0,180.5,96.55,2000,202000.0
2003-03-25,102.0,102.0,102.0,101.0,102.0,102.0,180.5,96.55,300,30600.0
2003-03-26,97.0,101.95,97.0,102.0,101.95,101.95,180.5,96.55,17871,1759873.95
2003-04-02,101.0,101.9,101.0,101.95,101.0,101.0,180.5,96.55,67,6798.5
2003-04-03,104.95,104.95,104.95,101.0,104.95,104.95,180.5,96.55,100,10495.0
2003-04-04,101.0,109.6,100.0,104.95,100.0,102.2,180.5,96.55,289,29339.6
2003-04-07,101.0,101.0,101.0,102.2,101.0,101.0,180.5,96.55,66,6666.0
2003-04-09,100.1,102.0,100.0,101.0,102.0,102.0,180.5,96.55,39,3921.0
2003-04-10,102.0,102.0,92.0,102.0,92.0,92.4,180.5,96.55,881,83395.0
2003-04-11,92.0,98.9,87.3,92.4,98.9,96.7,180.5,92.0,219,19783.3
2003-04-15,89.3,99.0,89.25,96.7,99.0,99.0,180.5,87.3,37,3546.3
2003-04-17,98.65,98.65,98.65,99.0,98.65,98.65,180.5,87.3,10,986.5
2003-04-22,90.3,99.85,90.25,98.65,92.0,92.0,180.5,87.3,416,39644.0
2003-04-23,93.25,93.25,92.1,92.0,92.1,93.0,180.5,87.3,342,31837.8
2003-04-24,95.0,95.0,93.0,93.0,93.0,93.2,180.5,87.3,235,22032.5
2003-04-25,96.0,96.0,96.0,93.2,96.0,96.0,180.5,87.3,500,48000.0
2003-04-28,93.05,93.05,93.0,96.0,93.0,93.0,180.5,87.3,241,22418.0
2003-04-29,93.1,93.1,93.0,93.0,93.0,93.0,180.5,87.3,500,46510.0
2003-05-05,90.15,99.0,90.15,93.0,98.25,98.25,180.5,87.3,454,43624.9
2003-05-07,95.45,95.45,95.45,98.25,95.45,95.45,180.5,87.3,150,14317.5
2003-05-08,94.3,98.0,94.3,95.45,94.3,94.3,180.5,87.3,2450,235315.0
2003-05-09,99.9,103.7,99.9,94.3,101.0,101.7,180.5,87.3,2042,206373.9
2003-05-12,110.0,110.0,106.55,101.7,106.55,106.8,180.5,87.3,520,56046.75
2003-05-13,108.5,108.95,105.0,106.8,108.95,108.95,180.5,87.3,1273,136755.1
2003-05-14,105.0,114.8,105.0,108.95,109.1,109.05,180.5,87.3,152,16498.9
2003-05-15,115.0,115.0,115.0,109.05,115.0,115.0,180.5,87.3,126,14490.0
2003-05-16,115.0,117.5,110.25,115.0,110.25,110.75,180.5,87.3,450,51405.75
2003-05-19,115.0,119.0,115.0,110.75,115.0,115.0,180.5,87.3,150,17447.5
2003-05-20,118.0,120.0,115.0,115.0,120.0,119.05,180.5,87.3,222,25827.5
2003-05-21,120.0,120.0,116.0,119.05,116.0,116.0,180.5,87.3,28,3328.0
2003-05-23,119.9,127.6,118.0,116.0,120.0,123.8,180.5,87.3,2049,252205.45
2003-05-26,124.8,127.5,117.5,123.8,123.0,123.0,180.5,87.3,5104,625341.0
2003-05-27,122.35,124.0,120.0,123.0,120.0,121.9,180.5,87.3,879,107828.55
2003-05-28,122.0,127.5,122.0,121.9,127.5,126.35,180.5,87.3,1173,146091.05
2003-05-29,128.45,132.0,126.0,126.35,126.0,126.0,180.5,87.3,1160,150105.0
2003-05-30,125.0,125.0,122.5,126.0,125.0,125.0,180.5,87.3,850,106025.0
2003-06-02,125.0,130.0,125.0,125.0,126.15,126.35,180.5,87.3,91815,11479699.75
2003-06-03,129.95,130.0,127.0,126.35,129.0,129.0,180.5,87.3,776,100756.75
2003-06-04,129.5,135.0,123.15,129.0,127.9,127.25,180.5,87.3,12879,1676685.85
2003-06-05,128.05,130.0,123.1,127.25,123.1,123.1,180.5,87.3,2910,374663.1
2003-06-06,129.6,129.6,121.35,123.1,122.25,122.95,180.5,87.3,4248,530429.05
2003-06-09,126.0,126.0,120.25,122.95,124.5,123.15,180.5,87.3,1217,149684.4
2003-06-10,120.3,124.0,120.0,123.15,121.05,121.05,180.5,87.3,813,98227.5
2003-06-11,121.0,124.2,121.0,121.05,124.2,124.15,180.5,87.3,66,8144.4
2003-06-12,122.5,124.7,121.55,124.15,124.6,124.55,180.5,87.3,359,44521.3
2003-06-13,121.15,122.15,120.0,124.55,121.15,121.4,180.5,87.3,509,61797.65
2003-06-16,123.9,124.4,120.75,121.4,120.75,121.0,180.5,87.3,1200,148656.25
2003-06-17,124.0,125.0,122.0,121.0,122.5,122.5,180.5,87.3,4420,545398.8
2003-06-18,124.0,125.0,120.25,122.5,123.0,122.05,180.5,87.3,1369,168261.4
2003-06-19,120.0,122.35,119.25,122.05,119.25,119.95,180.5,87.3,724,86878.85
2003-06-20,115.6,122.7,115.6,119.95,122.7,122.7,180.5,87.3,228,26918.55
2003-06-23,122.5,122.75,120.35,122.7,122.75,122.75,180.5,87.3,2709,331664.3
2003-06-24,119.9,122.95,119.9,122.75,121.0,121.0,180.5,87.3,974,117339.0
2003-06-25,124.65,133.1,120.5,121.0,128.65,130.4,180.5,87.3,11495,1479470.2
2003-06-26,130.0,136.0,130.0,130.4,133.0,132.8,180.5,87.3,10247,1357329.5
2003-06-27,131.1,133.0,126.5,132.8,128.0,127.6,180.5,87.3,2341,303958.25
2003-06-30,125.1,129.8,125.1,127.6,126.2,126.2,180.5,87.3,592,75970.5
2003-07-01,124.5,126.0,124.5,126.2,126.0,126.0,180.5,87.3,110,13845.0
2003-07-02,126.1,132.9,126.1,126.0,129.0,129.0,180.5,87.3,4186,538728.7
2003-07-03,130.0,130.95,129.0,129.0,130.75,130.75,180.5,87.3,2359,306583.95
2003-07-04,131.9,135.8,129.0,130.75,135.25,133.9,180.5,87.3,2832,378996.4
2003-07-07,136.5,147.3,135.25,133.9,147.3,147.3,180.5,87.3,22152,3194343.95
2003-07-08,152.0,158.0,151.0,147.3,154.0,152.15,180.0,87.3,9318,1432506.6
2003-07-09,151.0,151.0,144.6,152.15,146.5,146.75,180.0,87.3,2052,304044.2
2003-07-10,147.0,147.0,145.0,146.75,146.0,146.0,180.0,87.3,321,46850.25
2003-07-11,140.0,144.0,137.1,146.0,141.0,141.0,180.0,87.3,1468,206016.1
2003-07-14,145.0,150.0,143.05,141.0,149.0,149.25,180.0,87.3,2892,426692.7
2003-07-15,150.0,153.0,136.0,149.25,146.15,146.15,174.0,87.3,15200,2205637.5
2003-07-16,145.55,150.0,145.55,146.15,150.0,150.0,174.0,87.3,838,125367.0
2003-07-17,150.0,150.0,146.5,150.0,148.5,148.5,174.0,87.3,1021,152115.75
2003-07-18,138.05,147.9,138.05,148.5,147.4,147.4,174.0,87.3,802,115907.9
2003-07-21,145.0,145.0,142.25,147.4,143.0,143.0,174.0,87.3,1745,250035.0
2003-07-22,139.15,142.0,139.15,143.0,142.0,142.0,167.0,87.3,100,14057.5
2003-07-23,140.0,144.25,140.0,142.0,144.0,144.0,167.0,87.3,660,94716.0
2003-07-24,142.0,145.0,142.0,144.0,142.5,142.5,167.0,87.3,325,46559.0
2003-07-25,146.5,149.8,141.25,142.5,149.75,149.75,167.0,87.3,341,49251.1
2003-07-28,150.0,162.25,150.0,149.75,161.5,160.2,167.0,87.3,2096,332590.05
2003-07-29,155.0,162.0,155.0,160.2,162.0,161.4,165.0,87.3,1400,222770.1
2003-07-30,150.15,160.0,150.15,161.4,157.5,157.5,165.0,87.3,21,3306.65
2003-07-31,161.9,161.9,159.75,157.5,160.0,160.0,165.0,87.3,1651,264688.9
2003-08-01,158.5,168.0,150.0,160.0,168.0,164.65,165.0,87.3,5571,885160.75
2003-08-04,168.0,184.0,168.0,164.65,176.3,176.2,168.0,87.3,4679,819494.2
2003-08-05,180.0,185.0,175.0,176.2,177.0,175.75,184.0,87.3,2808,501040.25
2003-08-06,171.1,173.0,167.0,175.75,169.0,169.0,185.0,87.3,898,153051.35
2003-08-07,171.0,174.0,166.25,169.0,173.0,171.95,185.0,87.3,15702,2661191.15
2003-08-08,170.0,170.0,166.7,171.95,168.1,168.1,185.0,87.3,521,88341.7
2003-08-11,165.0,165.0,165.0,168.1,165.0,165.0,185.0,87.3,116,19140.0
2003-08-12,169.0,169.0,159.5,165.0,162.5,162.5,185.0,87.3,750,121168.75
2003-08-13,158.5,160.25,158.5,162.5,160.25,160.25,185.0,87.3,677,108169.0
2003-08-14,165.0,165.0,160.25,160.25,162.9,162.9,185.0,87.3,306,49623.75
2003-08-18,164.9,165.0,161.0,162.9,163.0,162.0,185.0,87.3,250,40945.0
2003-08-19,160.0,162.0,160.0,162.0,160.75,160.75,185.0,87.3,1227,196728.25
2003-08-20,163.0,163.0,160.0,160.75,160.0,160.0,185.0,87.3,1921,309886.0
2003-08-21,161.0,165.0,160.0,160.0,160.0,160.15,185.0,87.3,1138,183188.95
2003-08-22,168.5,178.0,165.0,160.15,168.0,168.0,185.0,87.3,18955,3212462.5
2003-08-25,166.5,171.0,160.0,168.0,160.0,160.1,185.0,87.3,4635,758480.0
2003-08-26,165.0,176.9,165.0,160.1,173.0,174.15,185.0,87.3,2888,498643.25
2003-08-27,180.0,180.95,174.0,174.15,174.0,174.25,185.0,87.3,1575,278726.6
2003-08-28,172.0,172.0,167.0,174.25,169.4,169.4,185.0,87.3,1005,171040.75
2003-08-29,156.35,161.85,156.35,169.4,161.0,161.0,185.0,87.3,803,129563.1
2003-09-01,154.0,170.0,154.0,161.0,163.0,163.0,185.0,87.3,806,131678.0
2003-09-02,161.0,169.75,161.0,163.0,161.05,161.05,185.0,87.3,8485,1399995.4
2003-09-03,158.0,170.95,157.0,161.05,161.05,162.25,185.0,87.3,13250,2217876.15
2003-09-04,161.05,161.5,155.0,162.25,155.0,155.65,185.0,87.3,1224,195023.5
2003-09-05,160.5,160.5,156.0,155.65,156.25,156.25,185.0,87.3,632,99696.0
2003-09-08,158.0,158.0,156.1,156.25,156.1,156.35,185.0,87.3,150,23480.0
2003-09-09,155.0,160.0,155.0,156.35,159.0,159.0,185.0,87.3,807,126013.55
2003-09-10,155.0,163.0,155.0,159.0,161.5,160.65,185.0,87.3,3047,478131.85
2003-09-11,160.0,163.0,158.0,160.65,158.95,158.3,185.0,87.3,1551,248761.95
2003-09-12,162.0,162.0,155.0,158.3,157.8,157.8,185.0,87.3,596,94915.0
2003-09-15,155.0,159.0,155.0,157.8,155.0,157.5,185.0,87.3,767,120081.45
2003-09-16,155.1,160.0,155.0,157.5,155.0,155.0,185.0,87.3,511,79561.1
2003-09-17,157.0,157.25,156.1,155.0,156.1,156.1,185.0,87.3,433,67814.25
2003-09-18,155.0,156.0,150.0,156.1,150.0,150.0,185.0,87.3,3791,584535.0
2003-09-19,150.05,150.25,150.0,150.0,150.25,150.25,185.0,87.3,796,119465.3
2003-09-22,151.25,151.25,151.05,150.25,151.05,151.05,185.0,87.3,226,34142.3
2003-09-23,152.0,152.0,152.0,151.05,152.0,152.0,185.0,87.3,33,5016.0
2003-09-25,152.0,152.0,150.0,152.0,150.1,150.1,185.0,87.3,573,86358.25
2003-09-26,150.0,151.25,150.0,150.1,151.25,151.25,185.0,87.3,600,90125.0
2003-09-29,150.0,165.0,150.0,151.25,165.0,163.15,185.0,87.3,4859,754789.55
2003-09-30,170.0,170.0,156.05,163.15,159.0,159.0,185.0,87.3,461,73726.8
2003-10-01,157.5,165.0,155.2,159.0,165.0,164.5,185.0,87.3,2265,364109.5
2003-10-03,160.0,167.0,159.0,164.5,167.0,166.4,185.0,87.3,1040,170678.4
2003-10-06,162.0,167.0,162.0,166.4,165.25,165.25,185.0,87.3,1098,179990.0
2003-10-07,160.0,170.0,160.0,165.25,170.0,167.95,185.0,87.3,1985,329178.8
2003-10-08,164.05,165.5,163.0,167.95,164.0,164.75,185.0,87.3,400,65657.0
2003-10-09,155.35,168.75,155.35,164.75,168.75,168.75,185.0,87.3,3245,538042.5
2003-10-10,165.0,170.0,165.0,168.75,170.0,168.15,185.0,87.3,825,138343.0
2003-10-13,161.5,168.0,160.0,168.15,168.0,166.25,185.0,87.3,1251,203424.75
2003-10-14,155.0,167.0,155.0,166.25,161.0,161.0,185.0,87.3,2334,377671.5
2003-10-15,161.85,164.8,161.0,161.0,161.05,163.6,185.0,87.3,860,140431.5
2003-10-16,160.0,162.05,160.0,163.6,162.05,162.05,185.0,87.3,428,69037.65
2003-10-17,155.0,156.0,152.6,162.05,156.0,156.0,185.0,87.3,216,33297.5
2003-10-20,155.1,163.0,155.0,156.0,162.0,162.0,185.0,87.3,1251,195631.0
2003-10-21,185.0,185.0,150.1,162.0,153.1,154.05,185.0,87.3,256,39641.3
2003-10-22,146.0,165.0,146.0,154.05,157.0,157.0,185.0,87.3,1085,165912.1
2003-10-23,160.0,160.0,155.0,157.0,155.0,155.0,185.0,87.3,316,49980.0
2003-10-24,155.0,155.0,155.0,155.0,155.0,155.0,185.0,87.3,50,7750.0
2003-10-25,160.0,164.0,158.0,155.0,160.0,158.5,185.0,87.3,105,16800.0
2003-10-27,160.0,160.0,155.0,158.5,160.0,160.0,185.0,87.3,765,121290.0
2003-10-28,150.0,164.85,150.0,160.0,155.5,156.0,185.0,87.3,886,136600.5
2003-10-29,160.0,163.0,160.0,156.0,163.0,163.0,185.0,87.3,160,26045.0
2003-10-30,164.0,172.0,162.0,163.0,168.5,167.15,185.0,87.3,2158,355903.2
2003-10-31,174.9,200.5,168.05,167.15,200.0,198.1,185.0,87.3,11025,2053582.8
2003-11-03,200.0,220.0,200.0,198.1,220.0,217.75,200.5,87.3,11139,2335012.5
2003-11-04,220.0,225.0,212.0,217.75,216.1,219.15,220.0,87.3,11256,2458507.3
2003-11-05,211.0,217.0,207.3,219.15,210.15,210.4,225.0,87.3,2782,591326.4
2003-11-06,213.9,225.0,208.1,210.4,221.4,221.8,225.0,87.3,5315,1174874.5
2003-11-07,225.0,232.5,225.0,221.8,225.3,228.25,225.0,87.3,8000,1821994.8
2003-11-10,233.9,251.1,217.25,228.25,251.1,251.1,232.5,87.3,1090,262224.0
2003-11-11,256.0,268.0,245.0,251.1,256.9,253.75,251.1,87.3,7823,2036267.25
2003-11-12,250.0,256.0,250.0,253.75,250.75,252.45,268.0,87.3,3285,829787.0
2003-11-13,250.5,250.5,227.55,252.45,227.55,229.4,268.0,87.3,3875,923760.85
2003-11-14,231.25,234.0,225.0,229.4,229.4,230.4,268.0,87.3,2081,480764.3
2003-11-15,228.4,235.6,227.5,230.4,235.6,235.6,268.0,87.3,1245,284674.5
2003-11-17,238.95,243.4,236.3,235.6,238.05,238.0,268.0,87.3,1522,364645.2
2003-11-18,236.0,240.0,236.0,238.0,238.1,238.3,268.0,87.3,1693,403308.8
2003-11-19,233.05,238.0,233.0,238.3,236.0,236.0,268.0,87.3,379,88909.75
2003-11-20,237.0,237.25,232.0,236.0,233.5,232.85,268.0,87.3,812,190539.8
2003-11-21,230.0,230.0,220.1,232.85,220.1,220.85,268.0,87.3,1475,331826.0
2003-11-24,228.0,242.6,228.0,220.85,239.0,240.6,268.0,87.3,5385,1291081.8
2003-11-25,230.0,246.0,230.0,240.6,235.0,238.75,268.0,87.3,933,225160.45
2003-11-27,245.0,245.0,238.6,238.75,238.8,239.2,268.0,87.3,1857,450564.4
2003-11-28,233.55,243.95,231.1,239.2,231.1,234.55,268.0,87.3,1900,447553.95
2003-12-01,215.0,258.0,215.0,234.55,252.0,252.0,268.0,87.3,2481,619359.95
2003-12-02,255.0,260.0,245.0,252.0,246.0,246.05,268.0,87.3,2815,710461.25
2003-12-03,246.05,247.0,246.0,246.05,246.0,246.0,268.0,87.3,500,123060.0
2003-12-04,235.1,244.9,235.0,246.0,237.1,238.65,268.0,87.3,1415,336938.75
2003-12-05,240.5,250.0,239.95,238.65,243.25,243.25,268.0,87.3,2975,725466.05
2003-12-08,240.0,245.0,236.5,243.25,236.5,236.5,268.0,87.3,2127,511663.75
2003-12-09,238.4,247.5,238.4,236.5,246.3,246.3,268.0,87.3,1482,358111.15
2003-12-10,258.0,258.9,241.25,246.3,249.0,249.55,268.0,87.3,6710,1689614.8
2003-12-11,253.15,265.0,252.1,249.55,254.75,253.05,268.0,87.3,4912,1263774.4
2003-12-12,258.2,261.95,231.7,253.05,261.95,258.7,268.0,87.3,3627,927617.05
2003-12-15,252.6,259.0,250.0,258.7,255.0,257.0,268.0,87.3,4084,1042628.9
2003-12-16,254.0,260.0,250.05,257.0,255.0,255.45,268.0,87.3,2498,641741.85
2003-12-17,255.0,265.0,250.25,255.45,265.0,263.6,268.0,87.3,19837,5026397.95
2003-12-18,265.0,272.9,264.0,263.6,272.0,270.85,268.0,87.3,5805,1555907.15
2003-12-19,274.0,278.5,269.7,270.85,270.0,270.25,272.9,87.3,2429,665552.85
2003-12-22,275.0,290.0,275.0,270.25,288.1,286.6,278.5,87.3,5711,1633377.6
2003-12-23,296.1,315.0,295.0,286.6,305.0,305.35,290.0,87.3,7098,2180894.75
2003-12-24,309.95,311.5,305.0,305.35,307.0,307.3,315.0,87.3,2687,827579.0
2003-12-26,314.0,338.05,314.0,307.3,338.05,338.05,315.0,87.3,4734,1543404.5
2003-12-29,350.0,371.9,350.0,338.05,371.9,371.9,338.05,87.3,4171,1532118.0
2003-12-30,400.0,407.0,351.4,371.9,361.0,359.3,371.9,87.3,10537,3947473.35
2003-12-31,350.1,370.0,350.1,359.3,358.6,361.65,407.0,87.3,4324,1580149.2
2004-01-01,362.1,362.1,343.6,361.65,343.6,343.6,407.0,87.3,5275,1832963.6
2004-01-02,348.0,351.0,340.0,343.6,344.0,344.25,407.0,87.3,1728,599015.05
2004-01-05,346.0,350.0,330.15,344.25,333.0,333.75,407.0,87.3,2093,709588.2
2004-01-06,326.4,338.0,318.1,333.75,318.1,324.6,407.0,87.3,2772,915653.5
2004-01-07,312.6,322.9,308.5,324.6,322.9,313.9,407.0,87.3,2192,684998.65
2004-01-08,313.0,329.6,313.0,313.9,329.6,329.6,407.0,87.3,1416,463171.1
2004-01-09,325.0,328.0,316.0,329.6,316.0,316.0,407.0,87.3,2199,712538.1
2004-01-12,319.6,319.6,305.0,316.0,305.5,305.5,407.0,87.3,2533,782735.7
2004-01-13,310.0,314.0,302.0,305.5,314.0,313.85,407.0,87.3,2195,677022.25
2004-01-14,322.0,322.0,313.0,313.85,313.0,314.25,407.0,87.3,2069,657720.65
2004-01-15,310.0,318.95,310.0,314.25,310.1,310.0,407.0,87.3,863,268856.45
2004-01-16,308.0,308.0,297.1,310.0,297.5,297.5,407.0,87.3,3312,1003170.9
2004-01-19,300.0,310.0,300.0,297.5,310.0,309.7,407.0,87.3,4240,1291680.0
2004-01-20,312.2,320.0,310.0,309.7,310.0,310.5,407.0,87.3,2841,889466.0
2004-01-21,320.0,323.9,295.0,310.5,295.0,295.0,407.0,87.3,1456,438064.75
2004-01-22,295.0,298.3,280.25,295.0,285.0,284.9,407.0,87.3,619,177214.2
2004-01-23,285.0,297.0,280.0,284.9,296.0,296.0,407.0,87.3,2181,625106.9
2004-01-27,299.95,310.8,295.0,296.0,310.8,310.8,407.0,87.3,1406,430472.5
2004-01-28,322.0,326.35,305.1,310.8,305.1,317.4,407.0,87.3,2948,956695.2
2004-01-29,305.65,330.0,305.65,317.4,321.0,322.35,407.0,87.3,1980,641532.85
2004-01-30,321.15,321.7,311.0,322.35,311.0,313.45,407.0,87.3,1381,436091.2
2004-02-03,299.8,313.0,298.0,313.45,298.55,304.3,407.0,87.3,2991,914935.9
2004-02-04,295.1,310.95,292.0,304.3,295.05,296.8,407.0,87.3,1265,376104.25
2004-02-05,306.0,311.0,304.25,296.8,304.25,304.9,407.0,87.3,763,235488.95
2004-02-06,300.0,300.0,292.0,304.9,293.1,294.55,407.0,87.3,755,222235.5
2004-02-09,308.0,308.0,300.0,294.55,305.0,306.35,407.0,87.3,802,243693.75
2004-02-10,310.0,320.9,304.0,306.35,320.9,320.9,407.0,87.3,2125,676545.25
2004-02-11,320.0,336.95,312.5,320.9,336.9,336.7,407.0,87.3,5289,1755481.4
2004-02-12,330.25,340.0,330.25,336.7,340.0,339.05,407.0,87.3,1062,360349.65
2004-02-13,335.0,339.1,327.4,339.05,327.4,330.45,407.0,87.3,3694,1228278.6
2004-02-16,337.05,346.45,337.0,330.45,338.0,338.8,407.0,87.3,2676,914745.45
2004-02-17,338.15,354.0,338.15,338.8,354.0,350.95,407.0,87.3,2292,794431.95
2004-02-18,359.0,360.0,342.3,350.95,345.0,344.45,407.0,87.3,1991,692519.25
2004-02-19,340.1,340.75,327.4,344.45,335.0,328.45,407.0,87.3,1139,379141.4
2004-02-20,327.5,333.95,321.55,328.45,324.5,325.1,407.0,87.3,2407,782983.7
2004-02-23,328.95,329.0,315.0,325.1,315.0,317.3,407.0,87.3,1209,387376.75
2004-02-24,312.0,320.0,309.0,317.3,310.0,319.05,407.0,87.3,1175,370315.0
2004-02-25,315.0,319.0,308.05,319.05,311.0,311.15,407.0,87.3,652,205101.7
2004-02-26,315.0,315.0,315.0,311.15,315.0,315.0,407.0,87.3,320,100800.0
2004-02-27,310.0,326.85,310.0,315.0,326.85,324.75,407.0,87.3,1567,501014.0
2004-03-03,330.0,330.0,315.0,324.75,315.5,315.65,407.0,87.3,1085,344067.25
2004-03-04,316.25,316.25,315.0,315.65,315.0,315.0,407.0,87.3,119,37610.0
2004-03-05,320.0,328.0,317.0,315.0,317.0,319.2,407.0,87.3,2287,737093.55
2004-03-08,309.0,322.0,309.0,319.2,313.6,316.45,407.0,87.3,5118,1614902.3
2004-03-09,310.5,314.8,305.2,316.45,305.2,305.2,407.0,87.3,911,284269.4
2004-03-10,324.9,324.9,300.0,305.2,307.0,307.0,407.0,87.3,3661,1124608.65
2004-03-11,324.55,324.55,297.5,307.0,297.5,301.0,407.0,87.3,336,101283.6
2004-03-12,298.0,307.15,298.0,301.0,305.0,304.95,407.0,87.3,710,214097.5
2004-03-15,310.8,310.8,280.35,304.95,282.0,282.0,407.0,87.3,1125,332325.0
2004-03-16,282.05,286.95,274.0,282.0,286.95,286.95,407.0,87.3,423,118145.05
2004-03-17,273.5,280.0,273.5,286.95,276.15,276.15,407.0,87.3,120,33082.5
2004-03-18,280.0,280.0,280.0,276.15,280.0,280.0,407.0,87.3,100,28000.0
2004-03-19,278.95,278.95,273.55,280.0,273.55,273.55,407.0,87.3,570,158846.0
2004-03-22,284.8,284.8,260.1,273.55,260.1,260.75,407.0,87.3,492,129949.6
2004-03-23,250.3,260.1,250.3,260.75,260.1,260.1,407.0,87.3,205,52082.5
2004-03-24,255.15,270.0,255.15,260.1,270.0,269.4,407.0,87.3,725,192708.45
2004-03-25,285.0,285.0,270.0,269.4,270.0,270.0,407.0,87.3,535,149700.0
2004-03-26,278.0,280.0,275.0,270.0,275.0,275.0,407.0,87.3,750,209273.0
2004-03-29,277.0,280.0,277.0,275.0,280.0,280.0,407.0,87.3,225,62925.0
2004-03-30,294.8,296.0,291.15,280.0,292.5,292.35,407.0,87.3,336,98917.5
2004-03-31,315.0,315.0,273.0,292.35,296.8,294.4,407.0,87.3,6,1765.6
2004-04-01,280.05,292.2,280.0,294.4,290.05,290.05,407.0,87.3,376,108092.65
2004-04-02,296.05,307.5,296.05,290.05,300.0,300.0,407.0,87.3,2710,814103.55
2004-04-05,295.0,310.0,293.1,300.0,296.25,296.25,407.0,87.3,3473,1043553.25
2004-04-06,305.0,305.0,300.0,296.25,303.5,300.0,407.0,87.3,6557,1968971.0
2004-04-07,302.0,304.9,290.0,300.0,296.0,296.5,407.0,87.3,1622,480423.3
2004-04-08,300.0,325.0,300.0,296.5,321.15,321.35,407.0,87.3,14991,4698969.45
2004-04-12,330.0,339.0,323.0,321.35,326.0,326.3,407.0,87.3,30409,10059797.15
2004-04-13,330.0,331.9,318.1,326.3,330.0,327.25,407.0,89.25,3301,1069401.35
2004-04-15,335.0,347.5,327.05,327.25,345.0,345.2,407.0,89.25,8624,2894454.95
2004-04-16,354.0,367.0,352.1,345.2,364.0,364.65,407.0,89.25,12492,4515011.0
2004-04-17,365.75,365.75,358.3,364.65,364.9,364.25,407.0,89.25,4306,1561794.2
2004-04-19,371.0,375.0,355.0,364.25,355.0,360.7,407.0,89.25,8084,2948113.5
2004-04-20,352.0,374.0,352.0,360.7,368.5,366.95,407.0,90.15,8282,2992675.4
2004-04-21,375.0,393.0,372.5,366.95,384.9,384.7,407.0,90.15,13253,5116486.15
2004-04-22,389.0,391.9,367.0,384.7,380.0,381.85,407.0,90.15,18297,6983693.4
2004-04-23,389.0,389.0,375.1,381.85,380.0,383.15,407.0,90.15,3016,1146906.25
2004-04-27,351.5,365.15,344.85,383.15,350.0,346.95,407.0,90.15,12751,4457636.35
2004-04-28,351.0,364.9,347.05,346.95,361.9,359.3,407.0,90.15,1607,573918.5
2004-04-29,364.9,372.0,355.0,359.3,355.0,362.6,407.0,90.15,3622,1324031.6
2004-04-30,359.0,393.9,359.0,362.6,379.95,381.6,407.0,90.15,11331,4323900.85
2004-05-03,380.0,391.0,345.5,381.6,358.5,361.45,407.0,90.15,4642,1677115.8
2004-05-04,364.0,378.95,364.0,361.45,368.5,369.25,407.0,90.15,3929,1461513.3
2004-05-05,371.05,376.0,349.1,369.25,353.2,355.45,407.0,90.15,13127,4710047.6
2004-05-06,354.3,363.85,321.6,355.45,362.2,360.0,407.0,90.15,17126,6041580.8
2004-05-07,378.0,378.0,341.05,360.0,345.55,346.55,407.0,90.15,2268,802257.8
2004-05-10,346.0,346.0,335.0,346.55,343.0,337.85,407.0,90.15,2647,894262.8
2004-05-11,305.3,339.25,305.3,337.85,339.25,327.15,407.0,105.0,1022,331713.4
2004-05-12,320.0,348.9,320.0,327.15,330.0,330.8,407.0,105.0,3094,1042895.15
2004-05-13,338.5,338.5,321.0,330.8,321.0,322.4,407.0,105.0,1429,469139.9
2004-05-14,307.0,307.0,291.5,322.4,300.0,298.5,407.0,105.0,3601,1067264.4
2004-05-17,269.0,270.0,269.0,298.5,269.0,269.0,407.0,105.0,565,152200.0
2004-05-18,270.0,282.0,250.0,269.0,272.0,269.15,407.0,115.0,528,140028.0
2004-05-19,270.05,289.9,270.05,269.15,284.75,284.75,407.0,115.0,2096,582122.7
2004-05-20,298.0,298.0,282.0,284.75,282.0,282.1,407.0,115.0,2080,598671.0
2004-05-21,271.0,288.0,270.0,282.1,287.0,285.95,407.0,115.0,698,199091.6
2004-05-24,280.0,313.0,280.0,285.95,305.0,305.0,407.0,115.0,2718,814722.85
2004-05-25,290.0,308.9,290.0,305.0,308.9,306.35,407.0,115.6,287,86660.55
2004-05-26,298.0,310.0,298.0,306.35,307.0,307.85,407.0,115.6,1187,365428.75
2004-05-27,306.9,306.9,295.7,307.85,300.0,298.55,407.0,115.6,1527,458319.5
2004-05-28,275.0,293.7,272.5,298.55,284.7,281.05,407.0,115.6,4025,1127818.2
2004-05-31,265.0,285.0,255.0,281.05,282.0,277.95,407.0,115.6,2171,586012.6
2004-06-01,287.0,299.8,284.5,277.95,296.45,296.3,407.0,115.6,648,189467.15
2004-06-02,292.0,292.0,278.0,296.3,278.5,279.3,407.0,115.6,543,153665.75
2004-06-03,277.0,287.5,275.0,279.3,275.0,275.65,407.0,115.6,847,234298.65
2004-06-04,275.0,275.0,266.8,275.65,270.0,270.0,407.0,115.6,316,85053.8
2004-06-07,271.25,271.25,268.0,270.0,268.0,268.1,407.0,115.6,490,132086.45
2004-06-08,275.0,275.0,266.0,268.1,271.0,271.2,407.0,115.6,1135,307155.0
2004-06-09,270.0,270.0,266.1,271.2,270.0,270.0,407.0,115.6,5535,1494442.2
2004-06-10,272.0,283.0,271.0,270.0,279.0,278.05,407.0,115.6,335,92066.15
2004-06-11,272.0,276.7,265.0,278.05,265.0,269.35,407.0,115.6,884,239049.85
2004-06-14,267.0,267.0,245.0,269.35,260.0,260.0,407.0,115.6,1338,342516.5
2004-06-15,260.1,274.0,260.0,260.0,269.9,270.1,407.0,115.6,1683,446431.0
2004-06-16,270.0,274.9,268.15,270.1,268.15,268.15,407.0,115.6,361,98153.15
2004-06-17,279.0,279.0,272.0,268.15,278.4,276.05,407.0,115.6,1041,288021.0
2004-06-18,287.95,297.5,271.4,276.05,297.5,289.85,407.0,115.6,4617,1323507.15
2004-06-21,295.0,295.0,285.0,289.85,285.0,285.15,407.0,115.6,490,139819.0
2004-06-22,280.3,285.0,272.0,285.15,273.1,273.15,407.0,119.9,2557,707188.0
2004-06-23,273.5,280.4,270.25,273.15,270.25,270.6,407.0,119.9,6624,1816180.4
2004-06-24,270.0,274.0,266.1,270.6,270.1,270.95,407.0,119.9,136,36811.1
2004-06-25,268.0,276.45,268.0,270.95,272.05,272.05,407.0,119.9,431,117656.55
2004-06-28,272.5,291.0,272.5,272.05,291.0,291.0,407.0,119.9,2989,838659.85
2004-06-29,283.1,310.0,283.1,291.0,310.0,306.15,407.0,124.5,5815,1755515.8
2004-06-30,300.0,308.9,298.5,306.15,298.5,302.9,407.0,124.5,3171,963862.75
2004-07-01,299.0,305.0,295.1,302.9,304.9,304.9,407.0,124.5,225,67419.5
2004-07-02,299.0,302.9,297.0,304.9,302.9,302.9,407.0,124.5,580,175151.25
2004-07-05,303.0,303.0,296.3,302.9,300.0,299.15,407.0,124.5,1190,356321.3
2004-07-06,290.0,299.95,288.0,299.15,299.95,295.55,407.0,135.25,475,139362.45
2004-07-07,309.95,309.95,297.0,295.55,300.0,303.1,407.0,135.25,1718,521086.55
2004-07-08,300.0,306.0,290.1,303.1,292.1,292.35,407.0,135.25,2852,848123.6
2004-07-09,299.3,304.9,296.5,292.35,304.9,303.3,407.0,135.25,602,180628.05
2004-07-12,305.0,312.0,299.5,303.3,310.0,306.5,407.0,135.25,3800,1161561.75
2004-07-13,311.3,311.5,308.0,306.5,308.0,308.0,407.0,136.0,131,40631.3
2004-07-14,295.05,304.9,295.05,308.0,303.0,304.05,407.0,136.0,668,198376.65
2004-07-15,302.15,303.4,300.0,304.05,300.0,300.0,407.0,136.0,110,33221.55
2004-07-16,295.05,315.95,295.0,300.0,307.0,307.0,407.0,136.0,1444,442434.1
2004-07-19,305.0,315.0,305.0,307.0,308.2,308.2,407.0,136.0,414,128263.8
2004-07-20,310.0,310.0,303.05,308.2,310.0,307.85,407.0,139.15,230,70941.55
2004-07-21,305.0,310.0,303.0,307.85,310.0,310.0,407.0,139.15,501,154142.1
2004-07-22,311.0,318.0,306.0,310.0,318.0,315.4,407.0,139.15,821,256132.75
2004-07-23,301.6,317.3,301.0,315.4,317.3,308.35,407.0,139.15,2955,914988.0
2004-07-26,307.05,332.95,307.05,308.35,327.5,323.05,407.0,139.15,4948,1608302.75
2004-07-27,340.0,342.9,321.0,323.05,323.1,328.0,407.0,146.0,6713,2209053.25
2004-07-28,330.0,333.9,326.15,328.0,330.0,330.3,407.0,146.0,632,208609.75
2004-07-29,338.75,338.75,320.25,330.3,320.25,320.75,407.0,146.0,4395,1444277.45
2004-07-30,311.1,329.0,305.0,320.75,325.0,325.5,407.0,146.0,1318,422625.15
2004-08-02,326.0,329.0,322.05,325.5,324.7,322.6,407.0,146.0,3173,1032632.2
2004-08-03,323.0,329.0,318.5,322.6,319.1,319.85,407.0,146.0,7141,2319671.95
2004-08-04,327.0,351.85,322.1,319.85,351.85,351.85,407.0,146.0,25765,8882248.35
2004-08-05,356.0,375.0,350.5,351.85,352.7,356.05,407.0,146.0,56633,20775242.0
2004-08-06,360.0,367.45,342.1,356.05,343.25,345.95,407.0,146.0,19330,6785022.0
2004-08-09,345.95,356.9,337.1,345.95,338.5,340.1,407.0,146.0,10694,3710485.6
2004-08-10,338.0,347.5,336.05,340.1,336.05,340.1,407.0,146.0,7418,2539541.5
2004-08-11,331.0,343.0,317.0,340.1,317.0,327.0,407.0,146.0,4480,1483520.4
2004-08-12,325.9,327.9,311.1,327.0,323.25,322.35,407.0,146.0,8581,2767003.6
2004-08-13,320.0,327.9,320.0,322.35,324.5,326.15,407.0,146.0,12949,4213867.05
2004-08-16,321.1,327.0,321.1,326.15,325.0,326.7,407.0,146.0,11562,3762943.4
2004-08-17,328.0,328.0,322.0,326.7,325.0,323.05,407.0,146.0,4405,1423545.75
2004-08-18,326.0,350.0,326.0,323.05,338.0,336.75,407.0,146.0,12262,4163402.45
2004-08-19,340.0,340.0,330.0,336.75,335.95,335.35,407.0,146.0,3635,1214427.5
2004-08-20,330.0,342.0,320.0,335.35,324.05,325.6,407.0,146.0,1694,560044.2
2004-08-23,336.7,336.8,327.0,325.6,328.5,328.2,407.0,146.0,1243,413364.85
2004-08-24,329.0,329.0,325.05,328.2,328.05,328.05,407.0,146.0,167,54665.85
2004-08-25,327.0,338.5,327.0,328.05,328.2,328.55,407.0,146.0,1956,652504.4
2004-08-26,350.0,350.0,333.0,328.55,336.75,335.85,407.0,146.0,3389,1146853.7
2004-08-27,340.1,354.9,337.0,335.85,351.0,348.2,407.0,146.0,6923,2393273.35
2004-08-30,356.75,371.0,356.75,348.2,361.55,363.35,407.0,146.0,10275,3753904.15
2004-08-31,369.75,369.75,354.2,363.35,356.0,359.1,407.0,146.0,4983,1813545.6
2004-09-01,364.5,364.5,358.0,359.1,363.0,359.4,407.0,146.0,3228,1163720.9
2004-09-02,359.0,370.0,342.0,359.4,342.0,348.85,407.0,146.0,11808,4257696.1
2004-09-03,343.3,358.85,340.0,348.85,355.05,355.1,407.0,146.0,4634,1629959.6
2004-09-06,357.85,357.85,342.0,355.1,343.05,343.45,407.0,146.0,17539,6076742.8
2004-09-07,330.0,350.0,330.0,343.45,343.0,343.55,407.0,146.0,1355,467190.15
2004-09-08,348.0,348.0,341.25,343.55,341.55,341.5,407.0,146.0,2085,715201.8
2004-09-09,340.0,342.5,334.9,341.5,335.0,335.25,407.0,146.0,1832,615563.4
2004-09-10,341.95,341.95,335.3,335.25,335.3,337.1,407.0,146.0,912,309357.6
2004-09-13,347.9,350.8,345.4,337.1,345.5,345.85,407.0,146.0,4414,1537293.65
2004-09-14,343.95,344.0,339.0,345.85,339.1,340.7,407.0,146.0,991,339392.65
2004-09-15,356.0,356.0,336.0,340.7,338.95,337.25,407.0,146.0,2725,937000.2
2004-09-16,340.0,341.75,337.15,337.25,337.55,338.4,407.0,146.0,2914,988522.75
2004-09-17,340.0,352.0,335.0,338.4,347.0,345.5,407.0,146.0,5186,1786547.5
2004-09-20,349.9,350.0,345.0,345.5,346.25,347.4,407.0,146.0,2367,824621.75
2004-09-21,352.0,352.0,348.0,347.4,349.0,349.45,407.0,146.0,1085,379590.95
2004-09-22,352.0,354.7,348.5,349.45,348.5,349.55,407.0,146.0,3319,1165358.75
2004-09-23,340.1,360.0,340.1,349.55,341.1,344.7,407.0,146.0,1122,390538.4
2004-09-24,347.5,358.0,344.95,344.7,355.0,353.45,407.0,146.0,5475,1922384.1
2004-09-27,353.45,353.5,348.0,353.45,350.25,350.05,407.0,146.0,871,304787.1
2004-09-28,351.0,352.0,338.75,350.05,347.0,344.6,407.0,146.0,8096,2772828.7
2004-09-29,341.05,341.05,340.0,344.6,340.0,340.0,407.0,146.0,835,284015.75
2004-09-30,340.0,349.9,337.0,340.0,342.0,340.2,407.0,146.0,2636,896854.5
2004-10-01,345.0,345.0,339.35,340.2,339.35,339.8,407.0,146.0,1063,362177.25
2004-10-04,344.0,360.0,343.0,339.8,354.0,353.65,407.0,146.0,17611,6213141.55
2004-10-05,350.1,359.4,348.0,353.65,359.4,359.1,407.0,146.0,3169,1124294.1
2004-10-06,360.0,386.0,360.0,359.1,369.5,371.75,407.0,146.0,15345,5778469.65
2004-10-07,380.0,380.0,361.0,371.75,366.5,367.25,407.0,146.0,10660,3963881.05
2004-10-08,362.5,372.35,359.0,367.25,359.0,361.3,407.0,146.0,3878,1410280.6
2004-10-09,365.0,365.0,357.5,361.3,357.5,360.85,407.0,146.0,310,111845.5
2004-10-11,360.85,365.0,355.0,360.85,361.0,360.4,407.0,146.0,6948,2506314.75
2004-10-12,357.05,357.05,354.0,360.4,354.0,355.35,407.0,146.0,1467,521925.25
2004-10-14,351.0,359.0,351.0,355.35,359.0,359.0,407.0,146.0,1024,367205.1
2004-10-15,359.95,362.0,350.1,359.0,350.3,350.3,407.0,146.0,700,249570.5
2004-10-18,379.7,379.7,351.8,350.3,351.8,354.85,407.0,146.0,773,275551.05
2004-10-19,369.5,369.5,346.65,354.85,351.0,348.25,407.0,146.0,399,139705.85
2004-10-20,350.0,355.45,350.0,348.25,355.45,353.25,407.0,146.0,406,143185.4
2004-10-21,359.0,359.5,348.0,353.25,348.0,348.0,407.0,146.0,975,343994.3
2004-10-25,348.05,350.0,342.0,348.0,342.0,344.15,407.0,146.0,2625,912055.0
2004-10-26,350.0,350.0,336.6,344.15,347.5,342.5,407.0,150.0,8872,3052482.75
2004-10-27,364.4,370.0,350.15,342.5,350.4,352.4,407.0,150.0,11578,4162384.55
2004-10-28,354.0,365.0,354.0,352.4,361.3,361.55,407.0,150.0,4860,1750429.1
2004-10-29,360.05,379.9,357.15,361.55,362.25,363.0,407.0,150.0,15458,5658278.4
2004-11-01,373.0,373.0,358.05,363.0,359.05,359.45,407.0,150.0,2614,955674.7
2004-11-02,360.0,360.0,355.3,359.45,355.3,355.3,407.0,200.0,2930,1053659.3
2004-11-03,359.9,360.0,353.5,355.3,356.0,356.0,407.0,200.0,2916,1043835.5
2004-11-04,358.0,360.0,353.0,356.0,353.0,354.7,407.0,200.0,6957,2496023.6
2004-11-05,359.9,360.25,356.0,354.7,356.0,356.0,407.0,200.0,3730,1340756.4
2004-11-08,354.15,357.45,354.15,356.0,354.3,355.6,407.0,200.0,1253,445856.8
2004-11-09,349.25,357.5,349.25,355.6,357.5,356.45,407.0,215.0,1146,405128.75
2004-11-10,358.5,358.5,352.25,356.45,352.25,352.25,407.0,215.0,100,35381.25
2004-11-11,350.05,370.1,341.1,352.25,365.1,365.5,407.0,215.0,21619,7813283.05
2004-11-12,385.5,424.25,360.0,365.5,368.0,363.55,407.0,215.0,2465,910238.1
2004-11-16,370.5,383.0,352.1,363.55,360.0,361.4,424.25,215.0,2585,933816.95
2004-11-17,368.95,368.95,355.35,361.4,356.0,357.6,424.25,215.0,5454,1961109.6
2004-11-18,358.0,362.45,357.0,357.6,362.45,362.45,424.25,215.0,1871,672380.0
2004-11-19,368.0,370.0,356.0,362.45,356.0,356.2,424.25,215.0,3417,1241860.45
2004-11-22,391.75,391.75,350.1,356.2,358.0,357.55,424.25,215.0,2396,858106.75
2004-11-23,368.9,368.9,361.0,357.55,364.75,363.5,424.25,215.0,7544,2739670.45
2004-11-24,360.25,394.0,360.25,363.5,378.5,376.2,424.25,215.0,8536,3243567.85
2004-11-25,370.05,391.0,370.05,376.2,383.95,382.3,424.25,215.0,16105,6196156.25
2004-11-29,383.0,383.4,378.0,382.3,380.15,380.65,424.25,215.0,1998,760969.5
2004-11-30,392.0,399.0,376.5,380.65,380.0,377.75,424.25,215.0,3438,1301782.6
2004-12-01,375.0,382.0,367.0,377.75,380.1,380.5,424.25,215.0,1293,486736.65
2004-12-02,391.0,391.0,380.0,380.5,381.0,382.05,424.25,215.0,5662,2175629.8
2004-12-03,379.9,421.9,379.9,382.05,421.9,417.8,424.25,215.0,42863,17654865.9
2004-12-06,425.0,431.95,418.05,417.8,419.1,422.85,424.25,215.0,20941,8932323.15
2004-12-07,424.8,443.0,422.0,422.85,422.1,423.85,431.95,231.7,9964,4278176.4
2004-12-08,429.9,434.4,410.0,423.85,411.0,413.85,443.0,231.7,13932,5945450.75
2004-12-09,420.9,450.0,418.05,413.85,431.5,434.85,443.0,231.7,50097,21962989.35
2004-12-10,435.0,449.85,425.05,434.85,433.0,431.65,450.0,231.7,30905,13655031.15
2004-12-13,435.0,439.95,425.0,431.65,430.0,430.75,450.0,231.7,10813,4666996.55
2004-12-14,428.0,440.0,421.0,430.75,434.0,434.05,450.0,245.0,12848,5511356.2
2004-12-15,429.95,434.8,420.0,434.05,430.0,426.95,450.0,245.0,2933,1253723.0
2004-12-16,415.0,435.0,412.0,426.95,413.5,416.55,450.0,245.0,8138,3460921.7
2004-12-17,435.0,435.0,420.05,416.55,427.5,424.9,450.0,245.0,13353,5697015.25
2004-12-20,417.1,430.0,417.0,424.9,419.0,424.0,450.0,245.0,5199,2198516.5
2004-12-21,422.0,425.0,417.0,424.0,417.0,417.25,450.0,245.0,1142,479304.9
2004-12-22,421.0,424.0,410.0,417.25,415.5,415.25,450.0,245.0,4244,1776576.75
2004-12-23,419.0,433.5,416.05,415.25,418.5,421.25,450.0,245.0,18115,7676628.0
2004-12-24,437.0,447.0,428.0,421.25,444.0,441.2,450.0,245.0,13747,6051736.6
2004-12-27,490.0,490.0,440.0,441.2,442.8,444.45,450.0,245.0,2290,1017027.65
2004-12-28,444.0,465.0,444.0,444.45,460.0,458.25,490.0,245.0,6509,2944379.65
2004-12-29,445.25,470.0,445.0,458.25,463.0,460.3,490.0,245.0,5980,2754465.6
2004-12-30,464.0,464.0,446.25,460.3,458.0,458.0,490.0,245.0,4711,2150859.95
2004-12-31,461.0,495.0,457.15,458.0,492.25,493.15,490.0,245.0,8580,4158290.9
2005-01-03,508.0,584.4,501.0,493.15,522.6,524.2,495.0,245.0,27047,14077743.65
2005-01-04,547.9,547.9,510.0,524.2,515.0,518.5,584.4,245.0,9043,4730307.5
2005-01-05,524.0,524.0,471.0,518.5,493.1,495.25,584.4,245.0,10830,5408640.75
2005-01-06,490.0,504.0,453.3,495.25,490.0,483.4,584.4,245.0,58278,28182078.45
2005-01-07,489.5,490.0,472.0,483.4,490.0,482.7,584.4,245.0,5781,2773854.9
2005-01-10,503.0,507.0,482.25,482.7,484.2,487.85,584.4,245.0,5099,2540837.95
2005-01-11,482.0,487.9,456.3,487.85,480.95,467.95,584.4,245.0,4907,2335315.15
2005-01-12,463.2,480.0,457.1,467.95,457.1,460.1,584.4,245.0,2887,1341045.75
2005-01-13,461.1,475.0,461.0,460.1,467.0,470.45,584.4,245.0,1146,536156.75
2005-01-14,470.0,503.0,470.0,470.45,489.0,487.9,584.4,245.0,10630,5242958.0
2005-01-17,500.1,500.1,480.5,487.9,487.05,490.0,584.4,245.0,4934,2399765.0
2005-01-18,498.4,504.0,491.75,490.0,493.0,493.45,584.4,245.0,7445,3688332.0
2005-01-19,497.0,506.0,495.0,493.45,496.5,496.85,584.4,245.0,6762,3397128.9
2005-01-20,486.8,495.0,486.75,496.85,491.0,490.35,584.4,245.0,2190,1073811.55
2005-01-24,500.0,514.95,490.0,490.35,506.05,507.6,584.4,245.0,3172,1597547.9
2005-01-25,512.0,514.9,510.0,507.6,510.1,512.2,584.4,245.0,3027,1544381.85
2005-01-27,523.95,523.95,513.25,512.2,513.5,515.0,584.4,245.0,13568,7053157.0
2005-01-28,520.0,536.75,510.0,515.0,536.0,530.9,584.4,245.0,24664,12906545.75
2005-01-31,535.0,574.9,530.0,530.9,570.0,569.25,584.4,245.0,6903,3802841.8
2005-02-01,575.0,605.0,555.05,569.25,599.7,594.85,584.4,245.0,9375,5483600.3
2005-02-02,609.5,615.0,602.3,594.85,605.0,608.6,605.0,245.0,5442,3325520.75
2005-02-03,621.0,627.0,585.2,608.6,593.45,596.1,615.0,245.0,6839,4126698.4
2005-02-04,581.15,614.9,581.15,596.1,607.0,599.9,627.0,245.0,6605,3935218.3
2005-02-07,600.0,609.9,585.0,599.9,597.8,594.1,627.0,245.0,4956,2943055.35
2005-02-08,581.0,597.9,581.0,594.1,597.9,589.3,627.0,245.0,1776,1042792.9
2005-02-09,590.0,590.0,565.0,589.3,565.0,568.2,627.0,245.0,1455,837353.95
2005-02-10,562.0,564.85,545.0,568.2,545.0,552.0,627.0,245.0,2723,1510007.0
2005-02-11,550.0,560.0,548.0,552.0,554.9,548.7,627.0,245.0,835,461827.9
2005-02-14,542.0,547.4,530.0,548.7,530.0,531.9,627.0,245.0,5752,3093166.3
2005-02-15,538.85,554.8,532.25,531.9,540.1,544.45,627.0,245.0,3058,1645939.3
2005-02-16,552.0,580.0,528.2,544.45,528.2,529.95,627.0,245.0,4130,2322678.5
2005-02-17,532.0,533.5,520.0,529.95,520.25,524.35,627.0,245.0,4497,2362859.3
2005-02-18,534.9,534.9,520.0,524.35,526.3,528.95,627.0,245.0,2865,1512343.45
2005-02-21,520.4,534.9,520.0,528.95,533.0,532.65,627.0,245.0,3429,1795158.3
2005-02-22,525.0,539.4,525.0,532.65,538.9,535.05,627.0,245.0,4669,2473238.3
2005-02-23,543.0,558.0,540.0,535.05,550.0,550.2,627.0,245.0,3917,2156459.25
2005-02-24,550.0,551.0,550.0,550.2,551.0,551.0,627.0,245.0,987,543031.0
2005-02-25,533.0,539.0,525.0,551.0,531.0,531.2,627.0,245.0,1602,849133.55
2005-02-28,545.0,569.0,543.9,531.2,560.1,564.05,627.0,245.0,5971,3325182.7
2005-03-01,569.05,569.05,542.5,564.05,542.5,548.8,627.0,245.0,2206,1228127.0
2005-03-02,570.0,570.0,550.0,548.8,568.0,555.7,627.0,245.0,5860,3249732.6
2005-03-03,553.0,580.0,553.0,555.7,575.0,575.0,627.0,245.0,2624,1496011.45
2005-03-04,597.0,600.0,561.0,575.0,572.15,573.4,627.0,245.0,3840,2224769.0
2005-03-07,582.95,582.95,567.0,573.4,567.25,567.85,627.0,245.0,2486,1422806.1
2005-03-08,550.0,567.9,550.0,567.85,557.0,557.0,627.0,245.0,496,276452.55
2005-03-09,556.0,556.0,527.1,557.0,545.0,545.0,627.0,245.0,1572,853971.15
2005-03-10,543.5,549.95,535.0,545.0,535.0,541.15,627.0,245.0,204,110580.95
2005-03-11,548.0,550.0,541.0,541.15,541.0,541.0,627.0,245.0,751,410073.0
2005-03-14,551.8,560.0,551.8,541.0,555.0,555.0,627.0,245.0,3576,1986230.0
2005-03-15,525.0,574.4,525.0,555.0,565.0,561.5,627.0,245.0,1917,1084349.55
2005-03-16,563.0,576.0,561.0,561.5,570.0,570.0,627.0,245.0,2132,1215003.35
2005-03-17,564.8,575.0,560.1,570.0,560.5,568.0,627.0,245.0,3043,1736886.35
2005-03-18,576.95,581.0,570.0,568.0,570.0,573.9,627.0,245.0,4465,2554877.15
2005-03-21,569.85,569.85,541.0,573.9,541.0,546.85,627.0,245.0,808,445461.8
2005-03-22,546.0,546.05,520.05,546.85,526.5,529.2,627.0,245.0,2634,1423530.55
2005-03-23,485.0,543.0,485.0,529.2,535.0,539.95,627.0,245.0,9865,5149299.25
2005-03-24,549.0,549.0,526.05,539.95,530.0,527.3,627.0,245.0,443,235396.8
2005-03-28,520.1,549.85,520.1,527.3,532.1,532.1,627.0,245.0,1883,1006504.6
2005-03-29,548.0,548.5,525.5,532.1,532.5,527.5,627.0,245.0,3686,1994168.35
2005-03-30,527.5,535.0,520.0,527.5,530.0,528.85,627.0,245.0,3466,1841163.9
2005-03-31,530.0,545.0,530.0,528.85,540.0,540.55,627.0,245.0,3820,2064549.0
2005-04-01,539.7,545.0,536.8,540.55,536.8,543.75,627.0,245.0,2158,1171467.95
2005-04-04,547.5,547.5,540.0,543.75,540.0,541.0,627.0,245.0,270,146772.0
2005-04-05,554.75,555.0,526.05,541.0,526.5,528.45,627.0,245.0,562,299290.05
2005-04-06,530.0,550.0,530.0,528.45,539.95,539.8,627.0,245.0,1979,1066495.45
2005-04-07,545.0,550.0,533.0,539.8,547.95,545.2,627.0,245.0,875,473916.85
2005-04-08,543.95,548.0,525.55,545.2,529.0,529.3,627.0,245.0,6885,3638301.75
2005-04-11,536.95,541.9,525.0,529.3,525.0,525.0,627.0,245.0,434,231017.5
2005-04-12,533.0,533.0,530.0,525.0,530.0,530.0,627.0,245.0,3610,1913330.0
2005-04-13,540.0,540.0,530.25,530.0,530.6,530.55,627.0,245.0,506,268708.25
2005-04-15,525.0,525.1,520.0,530.55,520.0,520.0,627.0,245.0,656,341841.5
2005-04-18,520.0,525.15,520.0,520.0,525.15,525.15,627.0,245.0,1070,559839.5
2005-04-19,521.8,521.8,514.0,525.15,514.0,514.0,627.0,245.0,359,186598.6
2005-04-20,513.0,520.0,486.15,514.0,520.0,508.35,627.0,245.0,2712,1368670.5
2005-04-21,517.95,517.95,462.1,508.35,514.0,505.55,627.0,245.0,2761,1337756.95
2005-04-22,500.0,505.5,495.35,505.55,500.0,500.0,627.0,245.0,3563,1781550.0
2005-04-25,549.8,549.8,492.25,500.0,500.0,499.55,627.0,245.0,323,166527.65
2005-04-26,495.0,496.0,495.0,499.55,496.0,495.75,627.0,245.0,308,152663.5
2005-04-27,502.9,522.0,499.95,495.75,509.65,503.0,627.0,245.0,2355,1192203.25
2005-04-28,514.95,514.95,490.0,503.0,490.0,490.55,627.0,245.0,404,199414.55
2005-04-29,490.0,490.2,490.0,490.55,490.0,490.0,627.0,245.0,613,300370.6
2005-05-02,522.8,522.8,480.0,490.0,482.5,483.3,627.0,245.0,477,233156.8
2005-05-03,489.95,500.0,485.0,483.3,485.0,488.3,627.0,245.0,295,144779.25
2005-05-04,490.0,509.0,488.0,488.3,509.0,501.45,627.0,245.0,1021,506970.8
2005-05-05,480.1,512.0,480.0,501.45,511.9,511.25,627.0,245.0,5674,2850920.05
2005-05-06,492.1,505.25,480.1,511.25,490.1,495.85,627.0,245.0,3413,1692588.85
2005-05-09,494.05,495.55,494.05,495.85,495.55,495.55,627.0,245.0,110,54430.0
2005-05-10,494.0,499.9,494.0,495.55,494.1,494.1,627.0,245.0,204,101154.1
2005-05-11,496.0,496.0,485.0,494.1,493.8,493.8,627.0,245.0,846,414037.75
2005-05-12,486.4,495.0,486.4,493.8,492.0,493.5,627.0,245.0,250,122505.0
2005-05-13,486.1,508.8,486.1,493.5,490.0,490.0,627.0,245.0,231,113471.55
2005-05-16,498.9,500.0,490.3,490.0,490.3,490.3,627.0,245.0,8472,4227733.1
2005-05-17,491.15,497.9,491.0,490.3,491.0,491.0,627.0,245.0,824,406382.4
2005-05-18,485.0,507.0,485.0,491.0,504.0,504.0,627.0,245.0,1875,937070.4
2005-05-19,500.0,500.0,485.0,504.0,498.95,498.95,627.0,245.0,1956,961869.1
2005-05-20,495.0,495.0,487.2,498.95,487.2,488.0,627.0,245.0,255,125587.0
2005-05-23,494.0,506.9,490.0,488.0,506.5,502.55,627.0,245.0,1876,935329.5
2005-05-24,499.9,507.95,499.0,502.55,505.7,504.65,627.0,245.0,1913,960046.2
2005-05-25,498.0,509.0,494.0,504.65,494.0,494.15,627.0,245.0,356,176977.45
2005-05-26,498.0,498.0,490.0,494.15,490.0,490.0,627.0,245.0,150,73900.0
2005-05-27,490.0,499.9,481.0,490.0,482.05,488.9,627.0,245.0,1236,602556.5
2005-05-30,484.0,490.0,479.0,488.9,479.1,479.1,627.0,245.0,227,109809.75
2005-05-31,483.0,494.5,476.65,479.1,491.0,494.25,627.0,245.0,762,372360.0
2005-06-01,482.4,483.0,482.1,494.25,482.1,482.55,627.0,245.0,540,260428.6
2005-06-02,483.1,483.1,465.35,482.55,469.0,469.0,627.0,245.0,565,268420.25
2005-06-03,480.0,480.0,480.0,469.0,480.0,480.0,627.0,245.0,120,57600.0
2005-06-04,470.0,489.85,462.3,480.0,478.9,471.2,627.0,245.0,973,458180.05
2005-06-06,459.1,483.0,459.1,471.2,468.0,470.0,627.0,245.0,2372,1117339.3
2005-06-07,498.0,498.0,453.0,470.0,460.0,461.1,627.0,245.0,3921,1809430.8
2005-06-08,471.0,481.5,470.0,461.1,481.5,477.45,627.0,245.0,2415,1151115.65
2005-06-09,480.0,489.0,480.0,477.45,480.45,481.55,627.0,245.0,348,168098.25
2005-06-10,481.0,485.0,480.0,481.55,480.0,480.1,627.0,245.0,615,295325.5
2005-06-13,480.0,480.0,480.0,480.1,480.0,480.0,627.0,245.0,50,24000.0
2005-06-14,479.0,489.0,475.0,480.0,475.0,476.25,627.0,245.0,1255,600929.45
2005-06-15,488.0,517.95,485.0,476.25,505.0,503.2,627.0,245.0,3411,1717029.25
2005-06-16,501.1,524.0,480.15,503.2,500.0,500.2,627.0,245.0,4374,2219201.1
2005-06-17,540.0,540.0,476.0,500.2,500.5,496.1,627.0,245.0,873,431655.55
2005-06-20,503.0,503.0,483.05,496.1,483.05,484.9,627.0,245.0,1212,591391.75
2005-06-21,489.75,513.85,481.0,484.9,510.0,507.0,627.0,245.0,3890,1928505.65
2005-06-22,519.3,525.0,505.0,507.0,505.0,505.0,627.0,245.0,3005,1552617.6
2005-06-23,505.0,512.0,505.0,505.0,512.0,512.0,627.0,245.0,936,476166.75
2005-06-24,510.0,525.6,505.0,512.0,525.6,520.1,627.0,245.0,4315,2238461.45
2005-06-27,525.0,542.0,525.0,520.1,533.0,537.75,627.0,245.0,2702,1456049.75
2005-06-28,529.0,534.95,525.0,537.75,533.95,531.5,627.0,245.0,744,393093.2
2005-06-29,542.0,584.65,540.0,531.5,584.65,584.65,627.0,245.0,24553,14100530.25
2005-06-30,599.9,599.9,545.0,584.65,593.0,585.4,627.0,245.0,9414,5439746.25
2005-07-01,570.5,613.0,570.5,585.4,596.0,602.95,627.0,245.0,5946,3561698.25
2005-07-04,608.55,624.0,607.0,602.95,619.0,620.8,627.0,245.0,6227,3853563.4
2005-07-05,602.05,616.85,594.0,620.8,597.0,595.15,627.0,245.0,1570,952147.55
2005-07-06,597.0,616.45,597.0,595.15,615.0,615.0,627.0,245.0,3371,2059344.6
2005-07-07,619.85,623.0,603.05,615.0,614.0,614.05,627.0,245.0,2935,1807515.05
2005-07-08,607.0,612.0,605.0,614.05,608.4,606.35,627.0,245.0,1381,840737.0
2005-07-11,605.0,635.0,605.0,606.35,635.0,630.0,635.0,245.0,5871,3683739.45
2005-07-12,640.0,654.95,637.5,630.0,650.0,645.8,654.95,245.0,4458,2874147.0
2005-07-13,650.0,654.0,635.0,645.8,647.0,646.15,654.95,245.0,1984,1287259.95
2005-07-14,646.0,660.0,620.0,646.15,650.0,652.3,660.0,245.0,2779,1802871.25
2005-07-15,669.0,675.0,662.0,652.3,669.0,666.75,675.0,245.0,2854,1908384.65
2005-07-18,679.0,679.0,660.1,666.75,665.0,670.55,679.0,245.0,1086,726252.55
2005-07-19,665.0,672.0,663.0,670.55,669.95,666.8,679.0,245.0,2453,1635406.45
2005-07-20,670.0,670.0,661.6,666.8,665.0,664.0,679.0,245.0,486,323884.0
2005-07-21,668.0,705.0,645.1,664.0,700.0,697.35,705.0,245.0,5474,3718475.3
2005-07-22,699.9,728.95,689.0,697.35,710.0,709.1,728.95,245.0,6714,4745459.5
2005-07-25,700.0,760.0,700.0,709.1,731.05,734.3,760.0,245.0,12193,9005582.7
2005-07-26,754.95,754.95,720.0,734.3,733.95,733.55,760.0,245.0,1319,960319.35
2005-07-27,720.0,733.85,720.0,733.55,720.0,720.0,760.0,245.0,569,411529.75
2005-07-29,720.0,729.8,716.0,720.0,716.0,716.0,760.0,245.0,660,475033.8
2005-08-01,716.0,716.0,700.0,716.0,700.0,701.3,760.0,245.0,1726,1212550.15
2005-08-02,685.0,723.0,685.0,701.3,703.0,703.35,760.0,245.0,3543,2501238.25
2005-08-03,710.5,738.0,705.0,703.35,730.0,731.65,760.0,245.0,4102,2980075.3
2005-08-04,737.9,769.95,730.0,731.65,760.0,759.05,769.95,245.0,9993,7569897.8
2005-08-05,760.0,775.0,757.25,759.05,773.9,771.7,775.0,245.0,5566,4271700.7
2005-08-08,780.0,799.9,755.1,771.7,755.1,759.6,799.9,245.0,6895,5315228.7
2005-08-09,755.0,794.0,755.0,759.6,789.95,788.6,799.9,245.0,2996,2342421.0
2005-08-10,803.6,809.9,775.1,788.6,809.9,803.35,809.9,245.0,4456,3544775.25
2005-08-11,815.0,815.0,780.0,803.35,790.0,785.2,815.0,245.0,1250,999062.6
2005-08-12,800.0,800.0,780.0,785.2,781.0,780.9,815.0,245.0,1800,1417807.7
2005-08-16,755.05,805.0,755.05,780.9,800.0,799.35,815.0,245.0,3128,2440327.2
2005-08-17,809.95,810.0,801.0,799.35,801.1,801.4,815.0,245.0,866,697735.5
2005-08-18,800.0,810.0,780.0,801.4,780.0,785.25,815.0,245.0,5868,4684325.95
2005-08-19,780.0,788.0,770.0,785.25,788.0,783.6,815.0,245.0,1302,1013551.75
2005-08-22,796.0,796.0,762.0,783.6,766.25,766.25,815.0,325.05,798,617862.25
2005-08-23,765.0,770.0,748.5,766.25,750.0,753.95,815.0,325.05,4560,3473796.65
2005-08-24,760.0,767.0,735.1,753.95,767.0,765.9,815.0,325.05,2673,2015633.5
2005-08-25,757.0,767.0,757.0,765.9,767.0,765.9,815.0,325.05,305,233467.5
2005-08-26,779.0,779.0,762.5,765.9,768.05,770.85,815.0,325.05,1437,1103893.0
2005-08-29,782.0,784.0,756.0,770.85,756.0,759.45,815.0,330.0,1669,1274908.6
2005-08-30,778.0,799.5,771.0,759.45,782.05,782.4,815.0,330.0,3594,2833894.6
2005-08-31,793.0,816.0,778.0,782.4,780.0,789.15,816.0,330.0,379,300325.05
2005-09-01,800.0,800.0,785.0,789.15,785.0,786.9,816.0,330.0,926,738177.0
2005-09-02,781.0,800.0,781.0,786.9,798.0,796.5,816.0,330.0,1412,1120569.55
2005-09-05,805.0,805.0,780.1,796.5,786.05,798.4,816.0,330.0,1865,1486849.95
2005-09-06,776.0,794.0,776.0,798.4,794.0,794.0,816.0,330.0,745,585787.5
2005-09-08,800.0,800.0,782.05,794.0,800.0,800.0,816.0,330.0,1841,1461171.75
2005-09-09,799.95,802.0,782.0,800.0,800.0,799.95,816.0,330.0,1603,1276917.75
2005-09-12,799.5,805.0,790.1,799.95,802.0,803.4,816.0,335.0,2445,1959373.75
2005-09-13,810.0,825.0,800.25,803.4,825.0,816.4,825.0,335.0,1536,1244053.55
2005-09-14,825.0,843.0,800.0,816.4,808.0,816.0,843.0,335.0,3007,2460402.4
2005-09-15,811.5,825.0,811.5,816.0,813.0,816.7,843.0,335.0,458,375295.8
2005-09-16,756.0,840.0,756.0,816.7,820.5,825.55,843.0,335.0,501,413306.5
2005-09-19,845.0,850.0,820.0,825.55,821.0,821.0,850.0,336.6,846,705865.45
2005-09-20,822.0,848.0,822.0,821.0,830.0,826.4,850.0,336.6,1390,1158709.6
2005-09-21,830.0,830.0,802.05,826.4,822.0,821.55,850.0,336.6,2124,1736993.7
2005-09-22,802.65,810.0,785.25,821.55,785.25,786.45,850.0,336.6,1141,905453.25
2005-09-23,785.0,785.0,765.0,786.45,767.25,768.75,850.0,336.6,11291,8732030.8
2005-09-26,782.0,799.75,780.0,768.75,785.0,782.95,850.0,336.6,6392,5045136.35
2005-09-27,799.75,815.0,772.25,782.95,800.1,803.4,850.0,336.6,6688,5338556.05
2005-09-28,810.0,810.0,788.0,803.4,795.0,794.6,850.0,336.6,3534,2811788.75
2005-09-29,804.0,814.0,786.05,794.6,787.0,791.15,850.0,336.6,4256,3400576.3
2005-09-30,780.0,810.0,765.0,791.15,805.0,797.75,850.0,336.6,1912,1506216.3
2005-10-03,800.0,800.0,786.25,797.75,786.5,786.5,850.0,336.6,161,128242.5
2005-10-04,804.8,835.0,780.05,786.5,790.0,788.85,850.0,336.6,2258,1804009.4
2005-10-05,794.4,805.0,787.0,788.85,791.1,801.35,850.0,336.6,1672,1336166.45
2005-10-06,779.0,799.0,779.0,801.35,799.0,791.8,850.0,336.6,1733,1363624.1
2005-10-07,800.0,800.0,780.25,791.8,799.0,795.0,850.0,336.6,895,705964.25
2005-10-10,779.8,794.35,765.05,795.0,765.05,775.8,850.0,336.6,315,245886.15
2005-10-11,769.0,775.0,751.25,775.8,761.1,763.75,850.0,336.6,874,669557.7
2005-10-13,771.05,774.75,760.1,763.75,760.1,767.25,850.0,336.6,1278,985279.25
2005-10-14,761.5,761.5,750.0,767.25,750.0,751.35,850.0,336.6,886,666766.7
2005-10-17,745.0,770.0,725.25,751.35,749.0,739.15,850.0,336.6,2717,2014020.45
2005-10-18,754.9,759.9,716.0,739.15,725.0,737.95,850.0,336.6,583,434837.7
2005-10-19,710.5,730.0,710.5,737.95,720.0,719.95,850.0,336.6,1101,793664.05
2005-10-20,716.0,724.9,689.9,719.95,690.0,691.65,850.0,336.6,1452,1020532.75
2005-10-21,661.95,705.0,661.95,691.65,705.0,703.6,850.0,336.6,2006,1394591.85
2005-10-24,705.0,717.5,697.0,703.6,707.05,713.85,850.0,336.6,1394,990994.5
2005-10-25,720.0,720.0,649.6,713.85,693.0,697.85,850.0,336.6,2491,1704154.75
2005-10-26,680.0,698.95,679.8,697.85,680.1,680.3,850.0,336.6,628,430017.95
2005-10-27,688.0,708.95,670.0,680.3,670.0,672.05,850.0,336.6,552,373475.3
2005-10-28,698.7,698.7,650.0,672.05,684.0,658.6,850.0,336.6,29876,19723118.3
2005-10-31,685.0,750.0,661.0,658.6,703.0,710.9,850.0,341.1,6935,4772182.15
2005-11-01,705.1,750.0,705.0,710.9,724.0,729.6,850.0,341.1,2154,1546950.25
2005-11-02,696.0,729.9,696.0,729.6,729.9,726.95,850.0,341.1,922,662584.4
2005-11-07,735.0,741.0,710.15,726.95,740.0,734.55,850.0,341.1,1786,1307748.4
2005-11-08,735.0,735.0,723.05,734.55,725.0,725.6,850.0,341.1,1005,732819.25
2005-11-09,730.0,730.0,715.0,725.6,720.0,716.25,850.0,341.1,695,500491.5
2005-11-10,716.0,750.0,715.0,716.25,738.1,738.1,850.0,341.1,1195,883459.8
2005-11-11,786.0,850.0,749.1,738.1,821.0,823.5,850.0,341.1,4717,3720558.8
2005-11-14,832.0,834.0,790.0,823.5,810.0,808.25,850.0,350.1,3805,3064321.1
2005-11-16,809.95,810.05,796.0,808.25,796.0,803.7,850.0,350.1,1117,898208.85
2005-11-17,800.0,815.0,795.15,803.7,810.0,811.2,850.0,350.1,1086,876165.9
2005-11-18,809.5,859.0,809.5,811.2,825.0,822.9,859.0,350.1,3061,2531041.15
2005-11-21,775.0,825.0,775.0,822.9,825.0,819.9,859.0,350.1,971,792584.5
2005-11-22,815.05,830.0,815.05,819.9,826.45,821.3,859.0,350.1,982,810465.3
2005-11-23,825.0,827.0,813.0,821.3,823.5,826.05,859.0,350.1,1129,930383.15
2005-11-24,824.0,829.9,818.5,826.05,829.9,821.8,859.0,350.1,1573,1293047.65
2005-11-25,823.75,836.0,817.05,821.8,825.0,825.9,859.0,350.1,1451,1201452.55
2005-11-26,835.0,856.0,832.0,825.9,855.0,851.15,859.0,350.1,3270,2780859.15
2005-11-28,850.0,851.0,831.55,851.15,851.0,850.7,859.0,367.0,1309,1109063.5
2005-11-29,835.0,849.0,830.05,850.7,832.0,837.95,859.0,367.0,179,149570.9
2005-11-30,849.0,860.0,838.0,837.95,850.0,848.25,860.0,367.0,1139,966938.45
2005-12-01,848.5,853.0,845.05,848.25,850.0,848.55,860.0,367.0,2921,2482298.45
2005-12-02,855.0,888.0,855.0,848.55,882.0,877.4,888.0,367.0,2071,1806231.05
2005-12-05,855.0,880.0,855.0,877.4,857.05,857.05,888.0,410.0,630,546127.0
2005-12-06,845.0,870.0,840.5,857.05,870.0,866.0,888.0,410.0,722,622446.75
2005-12-07,870.0,888.0,830.3,866.0,882.75,880.05,888.0,410.0,1448,1269757.05
2005-12-08,888.0,888.0,868.0,880.05,868.0,870.05,888.0,410.0,184,161740.75
2005-12-09,895.0,957.1,852.3,870.05,930.0,924.7,957.1,410.0,4443,4132204.0
2005-12-12,889.95,934.7,889.95,924.7,901.5,905.1,957.1,410.0,1684,1532746.1
2005-12-13,924.0,988.0,924.0,905.1,980.0,973.85,988.0,410.0,5477,5228476.85
2005-12-14,997.9,1048.0,965.1,973.85,982.9,972.45,1048.0,410.0,4438,4337062.0
2005-12-15,982.0,988.5,965.1,972.45,965.1,966.8,1048.0,410.0,1115,1090271.9
2005-12-16,916.65,997.0,905.55,966.8,975.0,980.6,1048.0,410.0,1851,1785780.1
2005-12-19,980.0,1035.0,980.0,980.6,1020.0,1018.35,1048.0,410.0,7824,7851207.4
2005-12-20,1023.0,1034.0,1020.05,1018.35,1034.0,1027.9,1048.0,410.0,3015,3090910.8
2005-12-21,1040.0,1100.0,1040.0,1027.9,1060.0,1070.55,1100.0,410.0,6540,6885415.0
2005-12-22,1067.75,1099.0,1060.0,1070.55,1099.0,1089.05,1100.0,410.0,2345,2541013.35
2005-12-23,1125.0,1125.0,1075.0,1089.05,1110.0,1105.1,1125.0,410.0,3709,4073488.15
2005-12-26,1119.0,1119.0,1036.1,1105.1,1085.0,1063.65,1125.0,440.0,2788,2975602.45
2005-12-27,1077.0,1115.0,1065.0,1063.65,1100.0,1104.45,1125.0,440.0,3908,4304413.5
2005-12-28,1150.0,1150.0,1115.0,1104.45,1120.0,1122.8,1150.0,440.0,3263,3686509.2
2005-12-29,1125.5,1170.0,1125.5,1122.8,1170.0,1157.25,1170.0,440.0,2803,3225867.55
2005-12-30,1082.1,1185.0,1082.1,1157.25,1171.95,1164.1,1185.0,440.0,4133,4817057.55
2006-01-02,1184.0,1198.0,1171.95,1164.1,1175.7,1177.15,1198.0,453.0,3830,4523535.75
2006-01-03,1180.0,1199.0,1175.15,1177.15,1178.15,1182.0,1199.0,453.0,1461,1734496.2
2006-01-04,1182.0,1200.0,1140.0,1182.0,1141.0,1145.6,1200.0,453.0,2891,3360476.35
2006-01-05,1176.9,1177.0,1116.0,1145.6,1119.05,1125.8,1200.0,453.0,1835,2089555.85
2006-01-06,1077.5,1160.0,1077.5,1125.8,1125.0,1125.55,1200.0,453.0,2565,2927219.1
2006-01-09,1153.8,1163.0,1100.0,1125.55,1105.0,1108.15,1200.0,453.0,8122,9203738.9
2006-01-10,1126.9,1155.0,1115.0,1108.15,1130.0,1125.75,1200.0,453.0,2985,3383979.95
2006-01-12,1130.0,1135.0,1085.1,1125.75,1117.9,1114.3,1200.0,453.0,8736,9758434.2
2006-01-13,1125.0,1155.0,1125.0,1114.3,1140.0,1137.6,1200.0,453.0,4493,5125612.15
2006-01-16,1149.5,1165.0,1106.3,1137.6,1159.0,1146.05,1200.0,453.0,4711,5379028.45
2006-01-17,1179.9,1179.9,1145.1,1146.05,1166.85,1160.95,1200.0,453.0,2319,2686696.0
2006-01-18,1138.0,1167.9,1116.1,1160.95,1160.0,1162.75,1200.0,453.0,2207,2540571.2
2006-01-19,1165.0,1275.0,1164.0,1162.75,1221.1,1234.8,1275.0,453.0,16556,20349964.75
2006-01-20,1250.0,1310.0,1250.0,1234.8,1273.9,1266.6,1310.0,453.0,8575,11004030.5
2006-01-23,1305.0,1325.0,1273.9,1266.6,1290.0,1293.3,1325.0,453.0,6027,7790145.2
2006-01-24,1310.0,1328.35,1310.0,1293.3,1327.0,1321.6,1328.35,453.0,4282,5635432.05
2006-01-25,1330.0,1399.0,1285.0,1321.6,1356.5,1347.4,1399.0,453.0,12145,16354049.85
2006-01-27,1405.0,1450.0,1357.0,1347.4,1421.25,1421.35,1450.0,453.0,6290,8896556.15
2006-01-30,1400.0,1479.0,1330.0,1421.35,1330.0,1343.6,1479.0,453.0,4464,6148497.1
2006-01-31,1340.0,1369.0,1270.35,1343.6,1308.0,1305.25,1479.0,453.0,4416,5788157.9
2006-02-01,1307.1,1330.05,1273.0,1305.25,1300.0,1287.75,1479.0,453.0,5244,6839250.55
2006-02-02,1358.0,1416.5,1270.0,1287.75,1325.0,1372.45,1479.0,453.0,11217,15090907.55
2006-02-03,1400.0,1405.0,1335.0,1372.45,1337.05,1346.65,1479.0,453.0,10188,13990519.45
2006-02-06,1368.95,1371.0,1320.0,1346.65,1350.0,1353.65,1479.0,453.0,5325,7172762.1
2006-02-07,1356.0,1385.0,1322.1,1353.65,1371.3,1374.35,1479.0,453.0,4122,5582293.0
2006-02-08,1384.0,1384.0,1337.0,1374.35,1337.0,1344.05,1479.0,453.0,1665,2268626.95
2006-02-10,1364.9,1375.0,1350.0,1344.05,1353.0,1353.75,1479.0,453.0,2049,2785590.55
2006-02-13,1355.0,1355.0,1330.0,1353.75,1340.0,1341.35,1479.0,453.0,1010,1353343.0
2006-02-14,1345.0,1369.0,1330.0,1341.35,1341.5,1332.55,1479.0,453.0,1575,2120376.9
2006-02-15,1343.0,1350.0,1288.1,1332.55,1296.95,1295.8,1479.0,453.0,1824,2386786.35
2006-02-16,1301.0,1338.8,1280.0,1295.8,1280.0,1294.9,1479.0,453.0,2010,2606277.1
2006-02-17,1295.0,1295.0,1265.0,1294.9,1268.0,1270.05,1479.0,453.0,2117,2697185.2
2006-02-20,1230.0,1268.8,1226.1,1270.05,1257.0,1263.4,1479.0,453.0,737,920953.15
2006-02-21,1260.0,1260.0,1240.0,1263.4,1240.0,1245.35,1479.0,453.0,527,660853.85
2006-02-22,1274.8,1285.0,1250.05,1245.35,1276.0,1271.65,1479.0,453.0,1773,2246790.95
2006-02-23,1319.0,1319.0,1260.0,1271.65,1260.0,1264.8,1479.0,453.0,685,875885.65
2006-02-24,1270.0,1283.65,1234.2,1264.8,1274.0,1273.0,1479.0,453.0,2901,3675507.1
2006-02-27,1269.8,1314.0,1253.25,1273.0,1310.0,1301.35,1479.0,453.0,2204,2843866.65
2006-02-28,1309.0,1310.0,1281.0,1301.35,1308.0,1307.2,1479.0,453.0,989,1279949.0
2006-03-01,1271.0,1330.0,1262.0,1307.2,1307.0,1308.65,1479.0,453.0,1291,1690795.35
2006-03-02,1310.0,1341.8,1310.0,1308.65,1315.0,1319.5,1479.0,453.0,2792,3721699.85
2006-03-03,1334.0,1415.0,1305.0,1319.5,1392.0,1378.7,1479.0,453.0,3224,4407786.6
2006-03-06,1392.0,1450.0,1392.0,1378.7,1432.2,1445.2,1479.0,453.0,4291,6132947.0
2006-03-07,1450.0,1499.0,1395.05,1445.2,1445.0,1447.5,1499.0,453.0,4924,7099490.5
2006-03-08,1445.0,1450.0,1353.0,1447.5,1410.0,1375.95,1499.0,453.0,1937,2746350.4
2006-03-09,1410.0,1440.0,1350.0,1375.95,1419.0,1401.05,1499.0,453.0,1923,2681371.35
2006-03-10,1415.0,1430.0,1370.0,1401.05,1389.95,1387.55,1499.0,453.0,1190,1664119.55
2006-03-13,1448.0,1448.0,1352.05,1387.55,1355.0,1359.5,1499.0,453.0,3171,4358292.45
2006-03-14,1380.05,1400.0,1326.0,1359.5,1339.9,1349.35,1499.0,453.0,1831,2499368.0
2006-03-16,1355.0,1391.9,1305.0,1349.35,1306.0,1316.35,1499.0,453.0,1048,1403773.6
2006-03-17,1389.0,1389.0,1290.0,1316.35,1324.0,1317.1,1499.0,453.0,1912,2528664.85
2006-03-20,1300.0,1329.8,1295.05,1317.1,1323.7,1312.85,1499.0,453.0,3016,3951044.45
2006-03-21,1329.2,1369.9,1328.0,1312.85,1341.3,1343.8,1499.0,453.0,2689,3619640.25
2006-03-22,1350.0,1390.0,1322.0,1343.8,1345.0,1334.4,1499.0,453.0,52536,70941569.65
2006-03-23,1365.0,1370.0,1307.0,1334.4,1309.05,1319.2,1499.0,453.0,2823,3743093.45
2006-03-24,1325.0,1325.0,1265.0,1319.2,1290.0,1285.25,1499.0,453.0,6733,8682846.2
2006-03-27,1290.0,1300.0,1255.0,1285.25,1260.0,1259.85,1499.0,453.0,3193,4052993.35
2006-03-28,1270.0,1287.8,1220.0,1259.85,1230.0,1229.9,1499.0,453.0,2916,3646139.85
2006-03-29,1240.0,1352.9,1240.0,1229.9,1352.9,1352.9,1499.0,453.0,22621,30190553.85
2006-03-30,1395.0,1425.0,1377.0,1352.9,1382.0,1384.55,1499.0,453.0,11314,15795625.6
2006-03-31,1389.0,1410.0,1349.8,1384.55,1385.0,1386.95,1499.0,453.0,7767,10746117.3
2006-04-03,1394.9,1499.0,1380.0,1386.95,1490.0,1479.55,1499.0,453.0,36728,52552516.75
2006-04-04,1490.0,1550.0,1470.0,1479.55,1520.0,1536.55,1550.0,453.0,21919,32960362.65
2006-04-05,1599.0,1599.0,1501.0,1536.55,1523.0,1522.2,1599.0,453.0,3232,4939942.45
2006-04-07,1528.0,1530.0,1450.0,1522.2,1450.0,1507.65,1599.0,453.0,3516,5344477.15
2006-04-10,1507.65,1507.65,1460.25,1507.65,1480.0,1476.75,1599.0,453.0,1314,1936237.25
2006-04-12,1480.0,1522.0,1451.0,1476.75,1480.0,1481.9,1599.0,453.0,2640,3937314.1
2006-04-13,1460.05,1505.0,1410.0,1481.9,1505.0,1485.6,1599.0,453.0,6538,9533149.3
2006-04-17,1440.0,1540.0,1440.0,1485.6,1502.0,1502.9,1599.0,453.0,1288,1953356.1
2006-04-18,1535.0,1578.05,1511.0,1502.9,1550.25,1568.35,1599.0,453.0,10678,16505429.85
2006-04-19,1575.0,1644.95,1520.0,1568.35,1600.0,1602.65,1644.95,453.0,6773,10821609.2
2006-04-20,1630.0,1649.5,1585.0,1602.65,1585.0,1600.85,1649.5,453.0,1233,1997964.45
2006-04-21,1643.9,1680.9,1601.0,1600.85,1680.0,1674.85,1680.9,453.0,3356,5552713.35
2006-04-24,1698.9,1701.0,1640.0,1674.85,1660.0,1668.7,1701.0,453.0,1018,1703025.05
2006-04-25,1660.0,1670.0,1625.2,1668.7,1626.5,1626.7,1701.0,453.0,1202,1963990.05
2006-04-26,1605.05,1704.8,1600.0,1626.7,1660.0,1666.95,1704.8,453.0,4729,7894306.35
2006-04-27,1700.0,1701.0,1652.0,1666.95,1652.0,1670.95,1704.8,453.0,223,374984.7
2006-04-28,1601.0,1680.0,1599.0,1670.95,1644.0,1638.15,1704.8,453.0,963,1574462.0
2006-04-29,1660.0,1719.95,1650.0,1638.15,1650.0,1654.6,1719.95,453.0,1557,2615820.5
2006-05-02,1690.0,1695.0,1650.05,1654.6,1656.25,1657.45,1719.95,453.0,10542,17638858.75
2006-05-03,1690.0,1695.0,1640.0,1657.45,1640.0,1643.75,1719.95,453.0,418,696336.7
2006-05-04,1670.0,1670.0,1607.15,1643.75,1607.15,1612.75,1719.95,453.0,373,611195.9
2006-05-05,1620.0,1650.0,1580.1,1612.75,1583.05,1585.3,1719.95,453.0,946,1535639.8
2006-05-08,1590.0,1650.0,1551.0,1585.3,1555.0,1562.55,1719.95,453.0,1747,2784747.1
2006-05-09,1599.0,1609.9,1566.2,1562.55,1575.0,1586.1,1719.95,453.0,241,382874.35
2006-05-10,1600.0,1649.9,1551.0,1586.1,1649.9,1611.9,1719.95,453.0,1746,2805123.6
2006-05-11,1605.0,1625.0,1590.0,1611.9,1590.0,1592.55,1719.95,453.0,388,622797.05
2006-05-12,1593.0,1618.5,1590.0,1592.55,1595.0,1594.35,1719.95,453.0,47,74966.8
2006-05-15,1629.0,1629.0,1515.0,1594.35,1520.0,1516.95,1719.95,453.0,2167,3338338.15
2006-05-16,1520.0,1570.0,1442.0,1516.95,1570.0,1509.6,1719.95,453.0,1784,2674713.75
2006-05-17,1490.0,1580.0,1434.15,1509.6,1530.0,1505.35,1719.95,453.0,5943,8835748.3
2006-05-18,1455.0,1475.0,1430.45,1505.35,1430.45,1430.45,1719.95,453.0,861,1239838.3
2006-05-19,1361.5,1501.85,1358.95,1430.45,1360.0,1404.15,1719.95,453.0,910,1269158.25
2006-05-22,1360.0,1380.05,1333.95,1404.15,1333.95,1333.95,1719.95,453.0,226,307199.05
2006-05-23,1329.0,1335.0,1274.75,1333.95,1300.0,1329.15,1719.95,453.0,1967,2531610.7
2006-05-24,1297.9,1360.0,1262.7,1329.15,1268.8,1268.95,1719.95,453.0,3720,4988378.35
2006-05-25,1222.0,1305.0,1215.0,1268.95,1300.0,1258.2,1719.95,453.0,2418,3020625.0
2006-05-26,1232.7,1320.85,1232.7,1258.2,1315.0,1318.05,1719.95,453.0,754,990099.4
2006-05-29,1354.0,1354.0,1271.25,1318.05,1275.0,1289.8,1719.95,453.0,2660,3438222.55
2006-05-30,1290.0,1300.0,1255.8,1289.8,1255.8,1277.1,1719.95,453.0,5442,7021886.05
2006-05-31,1218.0,1295.0,1215.0,1277.1,1285.0,1279.05,1719.95,453.0,2435,3056806.05
2006-06-01,1250.9,1250.9,1215.1,1279.05,1215.1,1215.1,1719.95,453.0,434,530221.05
2006-06-02,1160.0,1243.0,1154.35,1215.1,1239.75,1194.5,1719.95,453.0,1560,1858797.2
2006-06-05,1190.0,1209.95,1135.0,1194.5,1135.0,1135.0,1719.95,453.0,5845,6659333.9
2006-06-06,1135.0,1175.0,1078.25,1135.0,1170.0,1144.15,1719.95,453.0,2300,2577591.75
2006-06-07,1150.0,1150.0,1086.95,1144.15,1086.95,1086.95,1719.95,453.0,185,201588.55
2006-06-08,1032.6,1074.65,1032.6,1086.95,1032.6,1032.6,1719.95,453.0,2102,2170955.85
2006-06-09,1000.0,1080.0,981.0,1032.6,1051.0,1055.85,1719.95,453.0,3420,3519491.25
2006-06-12,1001.0,1125.0,980.0,1055.85,1000.05,1042.6,1719.95,475.0,1703,1833503.7
2006-06-13,992.0,1035.0,938.35,1042.6,938.35,939.65,1719.95,475.0,3249,3092741.55
2006-06-14,951.05,1025.0,870.0,939.65,943.0,891.3,1719.95,475.0,2473,2329432.85
2006-06-15,950.05,980.0,852.0,891.3,980.0,968.95,1719.95,475.0,2098,1957359.9
2006-06-16,1040.0,1065.0,1010.0,968.95,1065.0,1049.15,1719.95,475.0,2205,2297862.4
2006-06-19,1048.95,1080.0,1002.0,1049.15,1035.0,1042.15,1719.95,481.0,361,378108.5
2006-06-20,1000.0,1090.0,1000.0,1042.15,1089.0,1069.8,1719.95,481.0,439,465054.0
2006-06-21,1084.5,1100.0,1065.0,1069.8,1078.0,1089.75,1719.95,481.0,629,687502.65
2006-06-22,1120.5,1144.25,1112.0,1089.75,1144.25,1144.25,1719.95,481.0,1881,2126494.1
2006-06-23,1090.0,1201.0,1090.0,1144.25,1201.0,1194.0,1719.95,481.0,986,1170705.45
2006-06-25,1235.0,1251.0,1235.0,1194.0,1251.0,1249.4,1719.95,481.0,229,284665.85
2006-06-26,1200.0,1299.9,1187.0,1249.4,1187.0,1187.05,1719.95,525.0,431,523251.15
2006-06-27,1198.3,1198.3,1127.7,1187.05,1127.7,1127.7,1719.95,525.0,1387,1567337.7
2006-06-28,1115.0,1175.0,1101.1,1127.7,1175.0,1171.65,1719.95,525.0,302,342106.2
2006-06-29,1230.0,1230.0,1120.0,1171.65,1140.0,1139.65,1719.95,525.0,1510,1765185.85
2006-06-30,1190.0,1196.0,1145.0,1139.65,1180.0,1191.25,1719.95,525.0,2800,3330447.75
2006-07-03,1200.0,1200.0,1150.0,1191.25,1170.0,1173.2,1719.95,594.0,323,379578.0
2006-07-04,1195.0,1210.0,1142.0,1173.2,1164.0,1156.1,1719.95,594.0,1325,1530269.85
2006-07-05,1132.0,1170.0,1131.25,1156.1,1140.0,1139.9,1719.95,594.0,696,800511.0
2006-07-06,1115.0,1125.0,1085.0,1139.9,1091.5,1094.1,1719.95,594.0,934,1030465.7
2006-07-07,1124.9,1125.0,1065.0,1094.1,1065.0,1073.05,1719.95,594.0,726,786721.1
2006-07-10,1040.9,1062.8,1022.1,1073.05,1035.0,1042.1,1719.95,605.0,309,321697.25
2006-07-11,1065.0,1079.95,1035.0,1042.1,1079.95,1074.9,1719.95,605.0,91,96276.25
2006-07-12,1027.0,1098.0,1027.0,1074.9,1098.0,1086.3,1719.95,605.0,431,458299.0
2006-07-13,1060.0,1102.0,1060.0,1086.3,1066.0,1081.7,1719.95,605.0,347,375780.5
2006-07-14,1050.0,1055.0,1042.0,1081.7,1042.0,1046.5,1719.95,605.0,190,199504.0
2006-07-17,1030.1,1031.25,994.2,1046.5,1001.0,1001.2,1719.95,645.1,515,520748.0
2006-07-18,1038.5,1038.5,962.05,1001.2,994.5,998.1,1719.95,645.1,250,245946.45
2006-07-19,990.0,990.0,948.2,998.1,948.2,948.2,1719.95,645.1,520,497660.75
2006-07-20,979.9,979.9,910.5,948.2,950.0,942.8,1719.95,645.1,360,338433.25
2006-07-21,926.0,947.95,902.05,942.8,902.05,910.15,1719.95,645.1,1579,1446380.75
2006-07-24,872.0,896.0,872.0,910.15,880.0,882.5,1719.95,649.6,212,187960.5
2006-07-25,907.0,915.0,889.9,882.5,913.0,910.9,1719.95,649.6,588,530587.3
2006-07-26,915.0,956.0,915.0,910.9,956.0,943.2,1719.95,649.6,512,481695.6
2006-07-27,969.0,969.0,940.15,943.2,969.0,969.0,1719.95,649.6,87,83966.4
2006-07-28,980.0,1017.0,970.0,969.0,981.0,992.25,1719.95,649.6,1603,1600985.1
2006-07-31,1000.0,1000.0,945.0,992.25,952.6,969.8,1719.95,649.6,739,720602.85
2006-08-01,989.0,990.0,935.0,969.8,987.8,974.85,1719.95,649.6,269,264624.85
2006-08-02,965.0,990.0,952.0,974.85,984.5,976.9,1719.95,649.6,2420,2384035.45
2006-08-03,953.0,1025.75,953.0,976.9,1020.75,1024.95,1719.95,649.6,1368,1386419.05
2006-08-04,1059.0,1060.0,975.0,1024.95,990.0,995.35,1719.95,649.6,3490,3609228.3
2006-08-07,1001.05,1040.0,990.0,995.35,990.0,1014.05,1719.95,649.6,589,594531.35
2006-08-08,1005.0,1033.0,1001.0,1014.05,1005.0,1007.1,1719.95,649.6,452,459814.7
2006-08-09,1050.0,1057.5,1022.0,1007.1,1055.0,1052.3,1719.95,649.6,2201,2304261.25
2006-08-10,1057.0,1086.0,1021.05,1052.3,1048.0,1052.75,1719.95,649.6,1161,1232086.0
2006-08-11,1060.0,1060.0,1019.0,1052.75,1020.0,1025.6,1719.95,649.6,1341,1386610.25
2006-08-14,1049.45,1065.0,1007.0,1025.6,1040.0,1050.5,1719.95,649.6,2291,2361978.15
2006-08-16,1049.0,1061.0,1010.0,1050.5,1010.0,1018.75,1719.95,649.6,3292,3397431.5
2006-08-17,1018.0,1018.0,962.0,1018.75,984.95,987.4,1719.95,649.6,3547,3474600.75
2006-08-18,965.0,1024.0,961.0,987.4,985.0,988.55,1719.95,649.6,3943,3957790.3
2006-08-21,1008.6,1008.6,990.0,988.55,990.0,991.1,1719.95,649.6,1025,1023685.85
2006-08-22,1013.85,1013.9,980.0,991.1,980.0,988.9,1719.95,649.6,1015,1008828.25
2006-08-23,996.9,1000.05,983.0,988.9,992.95,985.75,1719.95,649.6,763,756821.0
2006-08-24,973.0,998.5,972.0,985.75,978.6,986.0,1719.95,649.6,235,231020.95
2006-08-25,985.0,998.9,975.0,986.0,987.0,979.9,1719.95,649.6,699,688759.05
2006-08-28,985.0,989.7,965.0,979.9,965.0,972.25,1719.95,649.6,698,683180.75
2006-08-29,997.0,997.0,930.0,972.25,940.0,942.95,1719.95,649.6,2312,2212550.8
2006-08-30,974.7,974.7,946.0,942.95,947.0,957.05,1719.95,649.6,1823,1744846.5
2006-08-31,948.0,965.7,907.8,957.05,907.8,922.75,1719.95,649.6,2623,2484559.85
2006-09-01,955.0,958.0,930.0,922.75,939.95,939.3,1719.95,649.6,1360,1280507.65
2006-09-04,968.0,968.0,920.0,939.3,920.0,926.45,1719.95,649.6,2502,2334401.45
2006-09-05,939.0,939.0,900.0,926.45,909.0,908.1,1719.95,649.6,2532,2320032.1
2006-09-06,930.0,938.0,896.0,908.1,897.0,899.8,1719.95,649.6,7280,6605497.45
2006-09-07,908.0,914.0,893.0,899.8,912.0,909.6,1719.95,649.6,4704,4261245.05
2006-09-08,915.0,938.0,895.0,909.6,895.1,898.6,1719.95,649.6,5522,5012571.95
2006-09-11,940.0,945.0,890.0,898.6,890.0,896.75,1719.95,649.6,2634,2384262.55
2006-09-12,913.45,913.45,880.0,896.75,890.0,886.25,1719.95,649.6,2142,1907771.65
2006-09-13,907.0,907.0,885.0,886.25,885.05,888.15,1719.95,649.6,5079,4526258.55
2006-09-14,905.0,905.0,871.1,888.15,875.0,877.25,1719.95,649.6,2577,2291189.45
2006-09-15,867.05,895.0,851.0,877.25,890.0,887.55,1719.95,649.6,1485,1306887.15
2006-09-18,899.9,903.0,877.25,887.55,884.0,881.3,1719.95,649.6,976,868807.35
2006-09-19,880.0,897.95,875.05,881.3,883.0,883.15,1719.95,649.6,2681,2380937.5
2006-09-20,870.0,890.0,870.0,883.15,872.0,875.4,1719.95,649.6,553,486367.75
2006-09-21,880.0,896.0,865.0,875.4,872.25,872.65,1719.95,649.6,1233,1077439.35
2006-09-22,870.0,878.0,860.0,872.65,861.0,861.2,1719.95,649.6,1627,1408252.65
2006-09-25,874.2,874.2,845.0,861.2,846.0,851.0,1719.95,649.6,779,669815.85
2006-09-26,895.0,899.0,850.0,851.0,850.0,856.2,1719.95,649.6,1088,935475.45
2006-09-27,869.95,869.95,846.25,856.2,853.45,854.65,1719.95,649.6,1203,1030439.0
2006-09-28,851.0,903.0,851.0,854.65,897.0,894.2,1719.95,649.6,9493,8418843.1
2006-09-29,915.0,945.0,886.0,894.2,898.6,892.9,1719.95,649.6,7565,6912201.45
2006-10-03,900.0,921.15,890.05,892.9,890.05,894.65,1719.95,649.6,2686,2423741.85
2006-10-04,895.0,915.0,885.0,894.65,885.1,891.7,1719.95,649.6,1871,1688157.85
2006-10-05,899.8,899.8,875.0,891.7,875.0,882.45,1719.95,649.6,1337,1186643.85
2006-10-06,877.5,887.9,875.0,882.45,880.0,879.9,1719.95,649.6,969,854027.55
2006-10-09,880.0,895.0,875.0,879.9,890.0,884.35,1719.95,649.6,1226,1081796.0
2006-10-10,898.0,902.0,880.0,884.35,881.5,885.35,1719.95,649.6,1195,1065452.0
2006-10-11,898.0,898.0,875.0,885.35,879.0,877.75,1719.95,649.6,845,747136.85
2006-10-12,882.0,890.0,865.0,877.75,877.0,882.65,1719.95,649.6,803,703225.3
2006-10-13,890.0,890.0,872.0,882.65,879.0,877.65,1719.95,649.6,847,745345.3
2006-10-16,899.0,899.0,871.5,877.65,875.0,881.5,1719.95,649.6,1551,1372713.4
2006-10-17,872.05,879.0,860.0,881.5,860.0,862.35,1719.95,649.6,3996,3475622.6
2006-10-18,879.0,888.0,870.0,862.35,880.0,878.2,1719.95,649.6,2668,2346901.45
2006-10-19,918.0,918.0,860.0,878.2,866.8,861.9,1719.95,649.6,1535,1337789.15
2006-10-20,871.0,888.8,870.05,861.9,885.0,881.8,1719.95,649.6,3294,2903811.8
2006-10-21,888.0,888.0,876.2,881.8,877.4,884.45,1719.95,649.6,269,237952.5
2006-10-23,877.0,898.7,876.0,884.45,880.0,886.4,1719.95,649.6,1090,966395.25
2006-10-26,895.0,895.0,872.0,886.4,879.95,881.45,1719.95,649.6,1008,888539.95
2006-10-27,880.0,897.0,878.15,881.45,881.0,883.45,1719.95,649.6,3498,3107216.45
2006-10-30,890.0,971.8,887.0,883.45,971.8,970.1,1719.95,661.0,16752,15872964.45
2006-10-31,995.0,1012.0,935.0,970.1,967.0,974.8,1719.95,661.0,12617,12344464.4
2006-11-01,930.0,994.0,930.0,974.8,952.0,955.8,1719.95,661.0,2210,2131087.7
2006-11-02,973.0,973.0,948.0,955.8,948.0,951.95,1719.95,661.0,1523,1457688.05
2006-11-03,906.0,989.2,906.0,951.95,948.0,948.0,1719.95,661.0,1285,1234776.5
2006-11-06,948.0,970.0,948.0,948.0,959.9,957.65,1719.95,710.15,2181,2089159.45
2006-11-07,925.0,959.0,924.0,957.65,935.0,933.2,1719.95,710.15,2181,2050653.7
2006-11-08,926.1,948.0,901.0,933.2,920.0,920.95,1719.95,710.15,1835,1702594.85
2006-11-09,947.0,989.0,910.0,920.95,920.0,919.85,1719.95,710.15,3489,3299211.55
2006-11-10,915.0,922.0,901.5,919.85,910.0,907.2,1719.95,710.15,923,838446.7
2006-11-13,920.0,925.0,900.0,907.2,901.0,906.2,1719.95,775.0,975,887146.45
2006-11-14,910.0,920.0,890.0,906.2,890.0,896.45,1719.95,775.0,1314,1186047.35
2006-11-15,885.0,907.0,881.0,896.45,900.0,901.55,1719.95,775.0,621,554128.25
2006-11-16,909.9,909.9,867.0,901.55,872.0,873.05,1719.95,775.0,2011,1778904.9
2006-11-17,865.0,875.0,840.0,873.05,840.05,844.25,1719.95,775.0,2506,2140376.3
2006-11-20,811.0,885.0,811.0,844.25,843.0,840.3,1719.95,775.0,3777,3226811.3
2006-11-21,899.0,899.0,820.1,840.3,856.0,852.05,1719.95,775.0,1236,1062177.55
2006-11-22,874.9,890.0,848.0,852.05,859.0,857.95,1719.95,775.0,2183,1898448.15
2006-11-23,855.0,855.0,835.0,857.95,847.0,848.6,1719.95,775.0,754,639864.95
2006-11-24,848.1,850.0,830.0,848.6,833.0,831.3,1719.95,775.0,9306,7781737.65
2006-11-27,883.0,883.0,779.0,831.3,825.0,824.55,1719.95,779.0,1882,1559622.75
2006-11-28,820.1,830.0,810.0,824.55,816.0,812.9,1719.95,779.0,1756,1438104.0
2006-11-29,811.0,823.0,795.15,812.9,799.0,797.9,1719.95,779.0,2305,1858132.35
2006-11-30,830.0,830.0,795.5,797.9,802.0,806.8,1719.95,779.0,6564,5284932.15
2006-12-01,805.0,810.0,795.0,806.8,795.0,797.25,1719.95,779.0,2252,1809697.8
2006-12-04,795.0,877.0,780.0,797.25,808.0,817.35,1719.95,779.0,10848,8931005.95
2006-12-05,821.0,852.0,821.0,817.35,847.75,841.55,1719.95,779.0,6376,5339178.4
2006-12-06,867.0,867.0,844.25,841.55,850.0,848.5,1719.95,779.0,5815,4972096.1
2006-12-07,802.5,855.0,802.5,848.5,842.05,844.4,1719.95,779.0,7109,6032330.8
2006-12-08,840.2,865.0,829.9,844.4,835.0,839.4,1719.95,779.0,3626,3077901.85
2006-12-11,835.0,850.0,816.05,839.4,819.15,819.4,1719.95,779.0,1063,882439.8
2006-12-12,802.0,840.0,785.0,819.4,800.0,797.0,1719.95,779.0,2033,1633090.9
2006-12-13,797.0,825.0,770.05,797.0,807.0,806.25,1719.95,770.05,4265,3440722.8
2006-12-14,800.0,838.9,800.0,806.25,814.9,811.25,1719.95,770.05,1205,985402.35
2006-12-15,815.0,839.0,805.0,811.25,806.35,815.25,1719.95,770.05,1765,1440320.95
2006-12-18,818.0,825.0,804.0,815.25,812.9,809.1,1719.95,770.05,6576,5359807.7
2006-12-19,849.0,890.0,800.0,809.1,801.05,809.8,1719.95,770.05,5490,4602310.25
2006-12-20,830.5,839.95,810.0,809.8,812.0,823.7,1719.95,770.05,1710,1402875.4
2006-12-21,805.0,819.75,798.0,823.7,815.0,807.9,1719.95,770.05,2281,1836790.3
2006-12-22,814.0,814.0,800.0,807.9,802.0,803.8,1719.95,770.05,2324,1869299.85
2006-12-26,781.0,814.0,781.0,803.8,796.0,796.65,1719.95,770.05,2240,1793343.1
2006-12-27,785.0,808.0,785.0,796.65,797.0,795.1,1719.95,770.05,1323,1057373.3
2006-12-28,804.9,810.0,792.2,795.1,805.85,802.8,1719.95,770.05,4180,3361959.25
2006-12-29,810.0,812.0,792.1,802.8,799.0,795.9,1719.95,770.05,968,775613.25
2007-01-02,785.05,802.45,783.2,795.9,792.3,795.35,1719.95,770.05,1277,1013829.15
2007-01-03,804.9,804.9,798.05,795.35,801.0,799.45,1719.95,770.05,460,368075.5
2007-01-04,800.0,805.0,792.1,799.45,798.05,802.2,1719.95,770.05,680,544444.2
2007-01-05,803.5,807.75,778.0,802.2,780.0,785.0,1719.95,770.05,1435,1136969.7
2007-01-08,819.9,850.0,778.1,785.0,780.0,779.85,1719.95,770.05,3824,3027322.4
2007-01-09,799.0,799.0,760.15,779.85,768.0,770.1,1719.95,760.15,2072,1604165.4
2007-01-10,755.0,780.0,739.0,770.1,775.0,773.8,1719.95,739.0,1794,1361066.2
2007-01-11,799.0,799.0,780.2,773.8,786.0,785.9,1719.95,739.0,891,704343.9
2007-01-12,823.0,855.0,811.0,785.9,811.0,815.75,1719.95,739.0,4762,3945485.05
2007-01-15,820.0,820.0,793.0,815.75,800.9,798.1,1719.95,739.0,1376,1107941.6
2007-01-16,776.0,799.0,775.0,798.1,779.0,776.25,1719.95,739.0,2210,1729186.8
2007-01-17,780.0,800.0,778.0,776.25,785.5,785.5,1719.95,739.0,1756,1385437.6
2007-01-18,798.95,799.5,780.0,785.5,781.0,784.45,1719.95,739.0,928,729374.2
2007-01-19,785.0,785.0,768.0,784.45,773.0,770.65,1719.95,739.0,1558,1204447.45
2007-01-22,770.0,786.0,766.0,770.65,776.5,769.35,1719.95,739.0,951,735654.5
2007-01-23,765.2,776.0,741.0,769.35,749.0,747.05,1719.95,739.0,2726,2058536.65
2007-01-24,750.0,769.2,745.0,747.05,745.0,746.05,1719.95,739.0,1335,1006393.45
2007-01-25,750.0,750.0,729.0,746.05,734.95,733.75,1719.95,729.0,1582,1162739.65
2007-01-29,747.0,747.0,732.0,733.75,740.0,741.75,1719.95,729.0,3217,2386969.2
2007-01-31,730.0,737.9,705.0,741.75,715.0,713.25,1719.95,705.0,4713,3371526.95
2007-02-01,725.0,725.0,690.25,713.25,693.0,694.3,1719.95,690.25,3128,2189460.7
2007-02-02,650.0,725.0,650.0,694.3,715.0,718.2,1719.95,650.0,3369,2377676.75
2007-02-05,714.8,752.0,707.0,718.2,739.9,741.45,1719.95,650.0,6360,4600299.2
2007-02-06,725.1,750.0,725.1,741.45,734.0,737.3,1719.95,650.0,1323,979380.95
2007-02-07,739.0,750.0,731.0,737.3,745.0,740.75,1719.95,650.0,1474,1096720.0
2007-02-08,720.0,739.95,720.0,740.75,724.0,732.1,1719.95,650.0,1169,850582.9
2007-02-09,712.0,727.9,711.05,732.1,711.05,714.95,1719.95,650.0,772,555589.55
2007-02-12,710.0,713.0,680.25,714.95,680.25,688.35,1719.95,650.0,4519,3156147.2
2007-02-13,680.25,705.0,680.25,688.35,690.0,690.05,1719.95,650.0,3979,2759832.5
2007-02-14,690.0,709.4,689.0,690.05,707.65,703.3,1719.95,650.0,2378,1659503.75
2007-02-15,723.95,730.0,702.0,703.3,715.5,719.6,1719.95,650.0,5420,3889491.6
2007-02-19,711.05,740.0,711.05,719.6,725.0,723.4,1719.95,650.0,694,504989.75
2007-02-20,750.0,750.0,710.0,723.4,720.0,714.25,1719.95,650.0,801,575573.25
2007-02-21,727.0,727.0,700.0,714.25,700.0,704.6,1719.95,650.0,1077,767495.85
2007-02-22,661.55,719.95,661.55,704.6,691.0,699.75,1719.95,650.0,646,453691.25
2007-02-23,691.0,708.5,683.0,699.75,684.05,689.55,1719.95,650.0,3158,2194837.55
2007-02-26,650.1,709.75,650.1,689.55,699.95,699.85,1719.95,650.0,811,565375.2
2007-02-27,685.0,698.0,668.0,699.85,690.0,686.4,1719.95,650.0,1279,876911.05
2007-02-28,626.0,709.65,626.0,686.4,684.0,676.1,1719.95,626.0,1226,836271.4
2007-03-01,680.0,695.5,660.0,676.1,660.0,665.5,1719.95,626.0,4152,2765526.2
2007-03-02,685.0,712.0,681.0,665.5,683.0,687.2,1719.95,626.0,2568,1785579.5
2007-03-05,684.5,689.8,660.0,687.2,665.0,664.5,1719.95,626.0,1128,750729.4
2007-03-06,633.0,690.0,633.0,664.5,662.5,658.05,1719.95,626.0,938,621325.45
2007-03-07,673.0,673.0,631.05,658.05,650.0,653.8,1719.95,626.0,1491,975358.3
2007-03-08,634.0,644.95,633.0,653.8,642.0,640.85,1719.95,626.0,1288,825664.3
2007-03-09,642.0,649.4,635.5,640.85,640.0,640.6,1719.95,626.0,838,535947.75
2007-03-12,645.0,680.0,645.0,640.6,655.0,655.55,1719.95,626.0,598,393252.4
2007-03-13,660.0,678.0,660.0,655.55,675.0,671.75,1719.95,626.0,557,372765.6
2007-03-14,670.0,670.0,648.0,671.75,662.45,662.45,1719.95,626.0,714,470998.25
2007-03-15,652.0,659.45,645.2,662.45,645.2,649.05,1719.95,626.0,889,578368.6
2007-03-16,651.0,651.0,636.0,649.05,640.0,639.8,1719.95,626.0,1996,1276271.75
2007-03-19,639.0,648.0,637.0,639.8,640.0,641.2,1719.95,626.0,480,307182.8
2007-03-20,653.0,654.0,640.0,641.2,643.0,640.2,1719.95,626.0,367,237771.7
2007-03-21,632.0,649.8,630.0,640.2,640.0,640.95,1719.95,626.0,327,210551.55
2007-03-22,637.0,649.0,637.0,640.95,639.0,639.9,1719.95,626.0,634,407621.0
2007-03-23,610.0,654.0,600.0,639.9,640.0,640.2,1719.95,600.0,762,484144.2
2007-03-26,635.0,675.0,635.0,640.2,657.0,666.75,1719.95,600.0,2162,1438469.1
2007-03-28,665.0,682.0,653.5,666.75,670.0,667.65,1719.95,600.0,7825,5244735.85
2007-03-29,680.0,690.0,650.1,667.65,669.5,664.85,1719.95,600.0,3584,2419860.1
2007-03-30,668.0,677.0,650.0,664.85,660.0,659.5,1719.95,600.0,4374,2885044.85
2007-04-02,660.0,678.9,650.1,659.5,650.1,659.0,1719.95,600.0,4062,2707034.4
2007-04-03,658.0,669.4,645.1,659.0,655.4,661.35,1719.95,600.0,2174,1429518.9
2007-04-04,679.0,693.8,670.0,661.35,676.0,674.8,1719.95,600.0,1815,1226118.75
2007-04-05,665.0,678.6,655.1,674.8,656.1,664.5,1719.95,600.0,1215,816286.25
2007-04-09,694.0,694.0,663.0,664.5,684.9,680.45,1719.95,600.0,1806,1226740.45
2007-04-10,680.0,685.0,664.0,680.45,668.05,668.55,1719.95,600.0,740,500421.9
2007-04-11,675.0,700.0,661.5,668.55,698.0,693.2,1719.95,600.0,2269,1557988.95
2007-04-12,676.5,755.0,675.25,693.2,755.0,746.0,1719.95,600.0,5090,3743696.9
2007-04-13,760.0,810.0,745.0,746.0,805.0,798.85,1719.95,600.0,4545,3532902.1
2007-04-16,815.0,830.0,800.2,798.85,825.0,826.45,1719.95,600.0,4999,4116675.85
2007-04-17,835.0,835.0,825.0,826.45,830.0,825.8,1719.95,600.0,7960,6576809.85
2007-04-18,825.8,830.0,820.0,825.8,827.0,826.25,1719.95,600.0,1562,1289594.55
2007-04-19,795.0,827.9,795.0,826.25,825.0,825.8,1719.95,600.0,1315,1083222.5
2007-04-20,825.0,835.0,825.0,825.8,825.2,827.25,1719.95,600.0,1282,1060043.4
2007-04-23,825.0,826.0,824.95,827.25,825.2,825.2,1719.95,600.0,2972,2452273.55
2007-04-24,825.0,829.9,800.0,825.2,800.0,800.25,1719.95,600.0,682,554378.8
2007-04-25,801.2,805.0,800.0,800.25,800.0,800.0,1719.95,600.0,1625,1300608.0
2007-04-26,795.1,805.0,785.0,800.0,800.0,800.0,1719.95,600.0,1735,1388033.75
2007-04-27,804.0,804.0,800.0,800.0,800.0,800.35,1719.95,600.0,790,632048.7
2007-04-30,801.0,820.0,800.0,800.35,816.95,816.95,1695.0,600.0,416,335263.5
2007-05-03,823.5,823.5,800.2,816.95,800.2,802.6,1695.0,600.0,373,302112.25
2007-05-04,800.1,819.95,800.0,802.6,800.0,800.0,1695.0,600.0,615,492569.5
2007-05-07,830.0,830.0,800.0,800.0,820.0,820.0,1650.0,600.0,1435,1163869.9
2007-05-08,839.5,839.5,800.0,820.0,800.0,805.1,1650.0,600.0,944,772624.7
2007-05-09,801.0,812.0,800.0,805.1,805.9,805.65,1650.0,600.0,205,164381.0
2007-05-10,806.0,817.0,803.0,805.65,803.0,806.25,1650.0,600.0,124,99966.4
2007-05-11,802.0,815.0,800.0,806.25,815.0,807.9,1650.0,600.0,184,148372.85
2007-05-14,829.0,829.85,800.0,807.9,806.85,806.45,1629.0,600.0,1308,1057664.2
2007-05-15,806.85,808.8,800.0,806.45,800.0,800.0,1629.0,600.0,205,164247.3
2007-05-16,806.0,806.0,800.0,800.0,800.0,800.0,1629.0,600.0,1279,1024047.5
2007-05-17,802.6,814.0,800.0,800.0,800.0,800.0,1629.0,600.0,287,229970.25
2007-05-18,800.1,803.0,800.0,800.0,800.0,800.0,1629.0,600.0,690,552064.4
2007-05-21,820.0,830.0,805.0,800.0,809.0,816.1,1380.05,600.0,962,782481.7
2007-05-22,820.0,850.0,802.25,816.1,805.0,805.35,1380.05,600.0,1240,1019916.7
2007-05-23,830.0,830.0,800.0,805.35,800.0,800.0,1380.05,600.0,919,737246.0
2007-05-24,800.05,801.0,795.25,800.0,800.0,800.0,1380.05,600.0,900,719936.25
2007-05-25,800.0,804.0,800.0,800.0,800.0,800.0,1380.05,600.0,258,206450.5
2007-05-28,800.0,818.0,800.0,800.0,817.0,814.85,1354.0,600.0,684,555962.75
2007-05-29,804.25,816.95,803.1,814.85,812.8,806.75,1354.0,600.0,206,166156.35
2007-05-30,802.1,802.1,800.0,806.75,800.0,800.0,1354.0,600.0,1738,1390450.0
2007-05-31,805.0,809.4,800.0,800.0,800.0,800.0,1354.0,600.0,292,234073.5
2007-06-01,816.0,816.0,800.0,800.0,800.0,800.1,1354.0,600.0,1785,1428282.5
2007-06-04,801.0,802.0,800.0,800.1,800.0,800.0,1299.9,600.0,609,487240.0
2007-06-05,801.0,808.0,800.0,800.0,800.0,802.2,1299.9,600.0,325,260602.5
2007-06-06,804.0,804.0,800.0,802.2,800.0,801.7,1299.9,600.0,328,262967.3
2007-06-07,800.0,804.9,800.0,801.7,800.0,800.0,1299.9,600.0,333,266452.75
2007-06-08,809.95,809.95,800.05,800.0,804.75,802.05,1299.9,600.0,442,354780.9
2007-06-11,801.0,802.2,800.0,802.05,800.0,800.0,1299.9,600.0,211,168905.25
2007-06-12,800.0,801.0,800.0,800.0,800.0,800.0,1299.9,600.0,1801,1440850.55
2007-06-13,800.0,800.0,800.0,800.0,800.0,800.0,1299.9,600.0,816,652800.0
2007-06-14,800.0,805.0,800.0,800.0,805.0,800.0,1299.9,600.0,662,529761.0
2007-06-15,802.3,807.9,800.0,800.0,800.05,800.05,1299.9,600.0,473,379298.6
2007-06-18,805.0,805.0,800.0,800.05,800.05,800.65,1299.9,600.0,683,546787.6
2007-06-19,801.0,801.0,800.0,800.65,800.0,800.0,1299.9,600.0,602,481605.0
2007-06-20,800.0,815.0,800.0,800.0,815.0,814.45,1299.9,600.0,742,598302.0
2007-06-21,800.2,809.8,800.0,814.45,801.2,803.1,1299.9,600.0,376,301383.6
2007-06-22,804.0,804.5,802.0,803.1,802.0,802.0,1299.9,600.0,500,401429.5
2007-06-25,800.15,800.6,800.1,802.0,800.1,800.15,1299.9,600.0,870,696161.5
2007-06-26,820.0,820.0,801.0,800.15,801.0,801.0,1299.9,600.0,315,252400.0
2007-06-27,809.0,820.0,803.0,801.0,812.0,808.8,1299.9,600.0,275,223345.5
2007-06-28,804.0,810.0,770.5,808.8,771.0,799.8,1299.9,600.0,617,494088.75
2007-06-29,800.0,839.8,800.0,799.8,839.8,839.35,1299.9,600.0,3105,2569388.0
2007-07-02,871.9,871.9,805.0,839.35,807.0,812.45,1210.0,600.0,2797,2355389.05
2007-07-03,816.0,820.0,800.5,812.45,800.5,802.9,1210.0,600.0,750,607257.95
2007-07-04,800.05,810.0,795.0,802.9,800.0,800.25,1210.0,600.0,4001,3220777.5
2007-07-05,802.0,812.0,800.0,800.25,805.0,807.2,1210.0,600.0,352,282952.0
2007-07-06,810.0,810.0,802.0,807.2,802.0,802.55,1210.0,600.0,303,243229.7
2007-07-09,800.1,816.0,800.0,802.55,801.3,809.95,1102.0,600.0,802,647500.1
2007-07-10,803.0,809.0,800.0,809.95,800.0,800.05,1102.0,600.0,4527,3622280.45
2007-07-11,801.1,809.0,800.0,800.05,800.0,800.75,1102.0,600.0,285,228692.85
2007-07-12,805.6,808.0,800.0,800.75,801.0,801.0,1102.0,600.0,1210,969734.35
2007-07-13,835.9,836.0,740.9,801.0,790.0,790.0,1102.0,600.0,4012,3196924.25
2007-07-16,780.0,800.0,744.0,790.0,790.05,790.05,1086.0,600.0,805,633853.35
2007-07-17,790.0,791.0,790.0,790.05,790.05,790.05,1086.0,600.0,730,576709.0
2007-07-18,790.0,807.9,790.0,790.05,790.0,792.8,1086.0,600.0,3388,2678910.15
2007-07-19,790.0,806.0,785.0,792.8,790.0,789.1,1086.0,600.0,2884,2277503.1
2007-07-20,785.0,786.0,785.0,789.1,785.0,785.0,1086.0,600.0,398,312461.95
2007-07-23,780.0,785.0,780.0,785.0,780.0,780.0,1086.0,600.0,966,754452.45
2007-07-24,799.05,799.05,780.0,780.0,785.0,782.5,1086.0,600.0,308,241133.15
2007-07-25,780.0,780.0,763.0,782.5,763.0,765.8,1086.0,600.0,1130,870021.5
2007-07-26,770.0,772.1,712.55,765.8,771.0,751.05,1086.0,600.0,773,580405.35
2007-07-27,750.0,790.0,721.0,751.05,722.0,759.55,1086.0,600.0,559,430409.0
2007-07-30,772.0,772.0,690.0,759.55,690.0,700.1,1086.0,600.0,1024,734263.7
2007-07-31,695.0,730.0,693.1,700.1,702.0,702.0,1086.0,600.0,666,470100.5
2007-08-01,705.0,710.0,675.0,702.0,675.0,677.15,1086.0,600.0,434,299249.45
2007-08-02,640.05,690.0,640.05,677.15,675.0,679.7,1086.0,600.0,889,596866.2
2007-08-03,724.4,725.0,680.0,679.7,695.0,685.2,1086.0,600.0,527,364423.95
2007-08-06,693.0,693.0,665.1,685.2,675.0,676.1,1086.0,600.0,306,206981.8
2007-08-07,676.1,685.0,670.0,676.1,670.0,674.45,1086.0,600.0,250,168866.25
2007-08-08,685.0,688.8,681.0,674.45,682.0,682.0,1086.0,600.0,117,79950.9
2007-08-09,682.0,689.9,665.0,682.0,675.0,669.8,1086.0,600.0,498,335815.1
2007-08-10,650.0,674.0,650.0,669.8,673.0,672.6,1086.0,600.0,195,129038.5
2007-08-13,660.0,724.0,660.0,672.6,680.0,676.05,1065.0,600.0,542,365226.45
2007-08-14,683.9,684.0,670.0,676.05,670.05,670.05,1065.0,600.0,67,45529.75
2007-08-16,660.0,675.0,650.0,670.05,665.0,659.7,1065.0,600.0,270,178286.65
2007-08-17,652.0,674.8,650.0,659.7,655.1,655.1,1065.0,600.0,235,153628.95
2007-08-20,680.0,680.0,652.0,655.1,657.5,656.5,1013.9,600.0,221,145771.0
2007-08-21,657.5,657.5,602.0,656.5,639.0,633.8,1013.9,600.0,284,181934.35
2007-08-22,616.0,617.0,588.15,633.8,607.5,599.75,1013.9,588.15,868,521775.8
2007-08-23,608.0,619.9,590.2,599.75,598.0,594.35,1013.9,588.15,415,250209.4
2007-08-24,601.0,601.0,580.0,594.35,586.9,583.0,1013.9,580.0,398,232324.65
2007-08-27,577.15,589.85,577.15,583.0,585.0,584.85,1012.0,577.15,2507,1465499.1
2007-08-28,625.0,625.0,590.0,584.85,610.0,609.85,1012.0,577.15,6776,4098366.5
2007-08-29,630.0,651.0,625.0,609.85,647.0,649.15,1012.0,577.15,1752,1124849.15
2007-08-30,700.0,701.0,655.0,649.15,663.0,665.9,1012.0,577.15,1197,805947.3
2007-08-31,690.0,698.85,648.0,665.9,660.0,666.25,1012.0,577.15,1447,959734.45
2007-09-03,655.0,667.0,651.2,666.25,667.0,664.1,1012.0,577.15,292,192561.1
2007-09-04,660.0,670.0,645.0,664.1,650.0,648.1,1012.0,577.15,443,290612.4
2007-09-05,622.45,657.7,622.45,648.1,650.0,647.0,1012.0,577.15,175,113722.0
2007-09-06,655.0,655.0,641.0,647.0,654.0,652.45,1012.0,577.15,65,42218.15
2007-09-07,659.45,659.9,645.0,652.45,645.0,646.0,1012.0,577.15,218,141629.35
2007-09-10,658.8,658.8,630.25,646.0,635.0,635.0,1012.0,577.15,528,338883.75
2007-09-11,644.9,644.9,635.0,635.0,642.0,635.5,1012.0,577.15,146,92832.55
2007-09-12,620.1,650.0,620.1,635.5,630.0,632.0,1012.0,577.15,1361,863904.3
2007-09-13,640.0,645.0,626.0,632.0,639.0,631.6,1012.0,577.15,878,560434.3
2007-09-14,663.0,663.0,635.0,631.6,642.9,637.55,1012.0,577.15,431,275422.9
2007-09-17,635.05,648.0,625.1,637.55,630.0,636.7,1012.0,577.15,373,237411.05
2007-09-18,635.0,644.5,632.5,636.7,632.5,633.35,1012.0,577.15,256,163039.0
2007-09-19,647.0,760.05,646.8,633.35,760.05,760.05,1012.0,577.15,12465,9100872.5
2007-09-20,780.0,794.0,695.45,760.05,721.0,721.3,1012.0,577.15,12275,9372715.15
2007-09-21,690.0,739.8,690.0,721.3,720.0,718.3,1012.0,577.15,4100,2956197.5
2007-09-24,675.1,709.0,675.1,718.3,690.0,695.65,1012.0,577.15,788,550662.95
2007-09-25,680.0,724.0,670.0,695.65,688.0,684.7,1012.0,577.15,3884,2686460.7
2007-09-26,720.0,730.0,685.05,684.7,686.0,686.25,1012.0,577.15,3412,2409121.5
2007-09-27,699.0,699.5,672.0,686.25,690.0,690.25,1012.0,577.15,1306,897662.1
2007-09-28,690.0,707.5,670.05,690.25,670.05,677.95,1012.0,577.15,1559,1067600.2
2007-10-01,695.0,700.0,671.2,677.95,680.0,685.7,1012.0,577.15,1705,1175144.65
2007-10-03,690.0,705.0,659.0,685.7,666.1,673.15,1012.0,577.15,1802,1224668.0
2007-10-04,688.0,688.0,642.2,673.15,647.0,647.2,1012.0,577.15,3100,2048447.8
2007-10-05,680.0,680.0,649.0,647.2,650.0,650.1,1012.0,577.15,486,317067.15
2007-10-08,650.0,650.0,615.0,650.1,625.0,627.95,1012.0,577.15,630,395759.0
2007-10-09,621.25,644.5,606.25,627.95,612.5,623.1,1012.0,577.15,931,581460.0
2007-10-10,700.0,734.9,631.0,623.1,632.1,635.35,1012.0,577.15,28653,19169093.3
2007-10-11,737.0,737.0,612.55,635.35,643.7,649.75,1012.0,577.15,1114,719673.2
2007-10-12,717.1,717.1,631.1,649.75,640.0,640.35,1012.0,577.15,40371,26801331.6
2007-10-15,674.0,674.0,620.05,640.35,636.0,641.3,1012.0,577.15,1423,927976.65
2007-10-16,650.0,650.0,625.1,641.3,625.1,628.15,1012.0,577.15,2041,1293202.0
2007-10-17,635.9,635.9,595.0,628.15,615.0,613.95,1012.0,577.15,838,512572.85
2007-10-18,625.0,731.85,620.0,613.95,700.0,676.9,1012.0,577.15,13826,9370898.85
2007-10-19,634.9,653.95,615.0,676.9,615.0,621.6,1012.0,577.15,1878,1181660.7
2007-10-22,575.0,680.0,575.0,621.6,680.0,676.95,1012.0,575.0,3151,2099568.8
2007-10-23,680.0,777.0,670.0,676.95,720.0,747.0,1012.0,575.0,11220,8274782.6
2007-10-24,751.0,763.95,709.0,747.0,750.0,750.2,1012.0,575.0,4567,3408895.95
2007-10-25,748.0,785.0,748.0,750.2,775.0,775.45,1012.0,575.0,2656,2046498.9
2007-10-26,752.1,815.0,752.1,775.45,807.0,801.65,1012.0,575.0,48872,39123778.45
2007-10-29,800.0,820.0,800.0,801.65,818.0,813.5,1012.0,575.0,2533,2048337.0
2007-10-30,806.0,824.0,800.0,813.5,800.0,800.1,1012.0,575.0,13490,10814433.4
2007-10-31,809.9,822.0,781.2,800.1,820.5,820.25,1012.0,575.0,1769,1432989.7
2007-11-01,825.0,825.0,805.25,820.25,810.0,810.65,1012.0,575.0,1761,1434347.2
2007-11-02,810.0,850.05,800.0,810.65,840.05,841.0,1012.0,575.0,2830,2355196.85
2007-11-05,840.0,845.9,835.0,841.0,840.0,841.05,989.0,575.0,2332,1960159.8
2007-11-06,840.0,850.0,831.0,841.05,840.0,840.0,989.0,575.0,2842,2388011.7
2007-11-07,768.6,850.0,768.6,840.0,842.0,840.0,989.0,575.0,1973,1649233.4
2007-11-08,840.0,889.4,840.0,840.0,875.0,879.6,989.0,575.0,1767,1533351.45
2007-11-09,875.0,890.0,875.0,879.6,875.0,882.95,989.0,575.0,270,238051.45
2007-11-12,875.0,894.9,875.0,882.95,876.5,879.75,925.0,575.0,1736,1526850.85
2007-11-13,895.0,902.0,846.0,879.75,850.0,874.1,925.0,575.0,1623,1428155.85
2007-11-14,874.0,874.0,840.0,874.1,840.0,840.3,925.0,575.0,769,649661.35
2007-11-15,840.05,885.0,840.05,840.3,870.0,870.8,925.0,575.0,919,794964.15
2007-11-16,897.0,897.0,860.0,870.8,865.0,863.0,925.0,575.0,1884,1649286.25
2007-11-19,865.0,865.0,840.0,863.0,840.5,841.35,902.0,575.0,482,407004.85
2007-11-20,840.05,880.0,840.05,841.35,865.0,873.8,902.0,575.0,2380,2048232.2
2007-11-21,1037.4,1037.4,850.1,873.8,850.1,860.3,1037.4,575.0,2063,1854438.95
2007-11-22,950.0,1000.0,849.0,860.3,850.0,855.0,1037.4,575.0,2589,2213448.45
2007-11-23,850.05,900.0,831.25,855.0,900.0,891.65,1037.4,575.0,4427,3785809.05
2007-11-26,900.0,905.0,851.0,891.65,900.0,884.7,1037.4,575.0,1482,1307644.35
2007-11-27,900.0,910.0,875.0,884.7,875.15,885.9,1037.4,575.0,4902,4403050.95
2007-11-28,875.1,876.0,862.0,885.9,862.0,862.85,1037.4,575.0,5506,4816954.7
2007-11-29,860.1,860.1,847.0,862.85,848.2,853.05,1037.4,575.0,235,201319.5
2007-11-30,848.0,860.0,840.05,853.05,843.15,843.45,1037.4,575.0,283,239856.2
2007-12-03,852.0,863.0,840.05,843.45,851.1,852.2,1037.4,575.0,985,834215.9
2007-12-04,842.1,849.5,840.0,852.2,840.0,840.1,1037.4,575.0,8830,7418935.2
2007-12-05,845.05,845.05,810.0,840.1,810.0,819.8,1037.4,575.0,10494,8806999.65
2007-12-06,871.1,871.1,820.0,819.8,824.0,825.15,1037.4,575.0,797,663790.8
2007-12-07,825.0,875.0,815.5,825.15,870.0,858.5,1037.4,575.0,1160,984658.1
2007-12-10,851.0,880.0,835.0,858.5,860.0,852.55,1037.4,575.0,1303,1105711.05
2007-12-11,890.0,915.0,867.2,852.55,887.5,885.5,1037.4,575.0,4023,3592866.35
2007-12-12,860.2,915.0,860.2,885.5,904.0,899.2,1037.4,575.0,1125,1010175.85
2007-12-13,937.95,937.95,875.0,899.2,885.0,876.25,1037.4,575.0,733,647087.95
2007-12-14,919.0,945.0,877.5,876.25,912.3,922.45,1037.4,575.0,3278,3014066.9
2007-12-17,921.0,933.8,870.0,922.45,871.0,873.95,1037.4,575.0,684,614385.8
2007-12-18,880.0,897.95,870.0,873.95,870.0,875.6,1037.4,575.0,609,534799.7
2007-12-19,865.1,959.0,865.1,875.6,909.9,907.0,1037.4,575.0,2988,2770248.4
2007-12-20,940.0,940.0,875.0,907.0,894.95,884.0,1037.4,575.0,396,355856.25
2007-12-24,875.0,889.95,861.0,884.0,874.0,868.3,1037.4,575.0,920,803460.0
2007-12-26,862.1,895.0,861.0,868.3,881.0,893.5,1037.4,575.0,685,607208.5
2007-12-27,881.0,894.95,878.0,893.5,880.0,879.75,1037.4,575.0,33094,29096430.8
2007-12-28,860.0,890.0,860.0,879.75,881.95,884.35,1037.4,575.0,873,765562.8
2007-12-31,889.8,918.4,849.95,884.35,849.95,854.55,1037.4,575.0,4468,3951837.55
2008-01-01,884.3,899.0,855.0,854.55,875.0,874.6,1037.4,575.0,820,721825.9
2008-01-02,870.05,914.0,860.0,874.6,898.0,902.3,1037.4,575.0,1588,1418031.4
2008-01-03,909.4,910.0,877.2,902.3,900.0,899.6,1037.4,575.0,383,342488.6
2008-01-04,900.0,920.0,893.1,899.6,910.0,906.8,1037.4,575.0,1092,993260.2
2008-01-07,905.0,1049.4,893.05,906.8,1003.0,1011.75,1049.4,575.0,7835,7816781.3
2008-01-08,1128.0,1131.45,901.1,1011.75,901.1,943.95,1131.45,575.0,2840,2875016.3
2008-01-09,905.0,1098.0,905.0,943.95,1085.0,1060.2,1131.45,575.0,5102,5314879.2
2008-01-10,1054.0,1085.0,1054.0,1060.2,1080.0,1075.35,1131.45,575.0,5781,6217780.4
2008-01-11,1099.0,1100.0,1075.0,1075.35,1075.0,1078.95,1131.45,575.0,2278,2451493.65
2008-01-14,1060.0,1110.0,1060.0,1078.95,1090.0,1082.35,1131.45,575.0,2159,2334918.85
2008-01-15,1168.0,1168.0,1020.0,1082.35,1021.0,1029.05,1168.0,575.0,1263,1351545.15
2008-01-16,1020.0,1020.0,962.0,1029.05,1020.0,999.95,1168.0,575.0,1046,1051376.0
2008-01-17,1020.8,1100.0,1020.8,999.95,1064.1,1065.45,1168.0,575.0,6358,6867897.25
2008-01-18,1056.0,1078.0,907.0,1065.45,975.0,964.1,1168.0,575.0,1675,1710258.25
2008-01-21,950.0,950.0,775.0,964.1,780.0,794.6,1168.0,575.0,1785,1535132.25
2008-01-22,780.0,829.0,652.0,794.6,786.0,780.45,1168.0,575.0,1465,1104750.55
2008-01-23,849.0,849.0,725.0,780.45,819.0,795.55,1168.0,575.0,1017,787320.15
2008-01-24,801.0,839.0,660.0,795.55,796.9,787.5,1168.0,575.0,5124,3937933.3
2008-01-25,800.0,840.0,795.05,787.5,840.0,839.2,1168.0,575.0,2289,1906514.45
2008-01-28,801.1,829.0,801.1,839.2,812.0,817.75,1168.0,575.0,592,482102.95
2008-01-29,806.0,820.0,800.0,817.75,800.0,805.45,1168.0,575.0,201,162167.15
2008-01-30,801.0,815.0,800.0,805.45,800.05,800.1,1168.0,575.0,2255,1804710.95
2008-01-31,950.0,950.0,800.0,800.1,900.0,894.05,1168.0,575.0,3913,3397965.0
2008-02-01,880.0,924.95,850.05,894.05,900.0,886.85,1168.0,575.0,1486,1300062.1
2008-02-04,925.0,928.6,900.0,886.85,900.0,902.35,1168.0,575.0,501,455026.85
2008-02-05,911.0,929.95,900.0,902.35,905.0,904.65,1168.0,575.0,2722,2469022.4
2008-02-06,900.05,914.95,900.05,904.65,903.05,904.55,1168.0,575.0,231,209183.0
2008-02-07,900.0,925.0,900.0,904.55,901.0,900.0,1168.0,575.0,3257,2934261.15
2008-02-08,900.05,965.0,900.0,900.0,900.0,900.0,1168.0,575.0,3548,3193275.6
2008-02-11,900.0,900.05,850.05,900.0,884.4,884.4,1168.0,575.0,4321,3862753.2
2008-02-12,787.1,875.0,787.1,884.4,865.0,865.0,1168.0,575.0,691,593139.65
2008-02-13,850.15,897.9,850.0,865.0,855.0,850.35,1168.0,575.0,2242,1908928.15
2008-02-14,870.0,900.0,865.05,850.35,865.05,865.05,1168.0,575.0,410,362172.05
2008-02-15,898.0,898.0,870.05,865.05,880.0,870.75,1168.0,575.0,629,547819.55
2008-02-18,890.0,965.0,890.0,870.75,950.0,938.25,1168.0,575.0,1490,1368161.4
2008-02-19,948.0,1000.0,948.0,938.25,975.0,975.05,1168.0,575.0,2457,2396212.15
2008-02-20,975.0,994.25,960.05,975.05,989.0,978.2,1168.0,575.0,2487,2415199.15
2008-02-21,987.0,989.0,975.5,978.2,982.0,982.0,1168.0,575.0,142,139428.0
2008-02-22,958.0,969.7,951.0,982.0,969.7,969.7,1168.0,575.0,41,39314.0
2008-02-25,997.8,1022.0,997.8,969.7,1000.05,1005.95,1168.0,575.0,3369,3371490.05
2008-02-26,1000.0,1014.0,1000.0,1005.95,1002.1,1007.0,1168.0,575.0,374,375607.8
2008-02-27,1020.0,1020.0,1000.0,1007.0,1000.0,1000.25,1168.0,575.0,265,266007.25
2008-02-28,1000.05,1007.7,1000.05,1000.25,1001.0,1001.0,1168.0,575.0,133,133017.15
2008-02-29,1001.0,1018.0,1000.0,1001.0,1000.05,1000.9,1168.0,575.0,864,864704.5
2008-03-03,1000.0,1000.0,940.9,1000.9,940.9,976.15,1168.0,575.0,509,503746.5
2008-03-04,950.0,970.0,932.05,976.15,940.0,940.0,1168.0,575.0,1072,1012856.45
2008-03-05,940.0,948.0,927.0,940.0,927.0,931.2,1168.0,575.0,458,427334.05
2008-03-07,926.0,959.8,875.0,931.2,897.0,897.0,1168.0,575.0,921,827325.8
2008-03-10,825.0,874.0,825.0,897.0,866.0,859.2,1168.0,575.0,99,84227.5
2008-03-11,900.0,928.0,870.05,859.2,918.0,914.8,1168.0,575.0,857,771242.45
2008-03-12,992.8,992.8,912.0,914.8,925.0,913.3,1168.0,575.0,377,353456.75
2008-03-13,880.0,884.0,867.0,913.3,884.0,884.0,1168.0,575.0,128,112089.5
2008-03-14,894.0,894.0,830.05,884.0,840.0,841.85,1168.0,575.0,213,180635.85
2008-03-17,800.05,824.0,778.0,841.85,800.0,800.3,1168.0,575.0,1579,1271833.55
2008-03-18,815.0,830.0,800.0,800.3,800.05,800.05,1168.0,575.0,390,316419.95
2008-03-19,805.0,850.0,790.25,800.05,790.25,793.9,1168.0,575.0,773,618702.5
2008-03-24,835.0,835.0,796.05,793.9,800.0,800.0,1168.0,575.0,721,574972.45
2008-03-25,755.0,818.0,755.0,800.0,784.0,782.7,1168.0,575.0,128,101460.4
2008-03-26,805.0,825.0,802.0,782.7,823.0,816.0,1168.0,575.0,22,18051.4
2008-03-27,800.0,829.0,800.0,816.0,800.25,808.35,1168.0,575.0,164,132162.25
2008-03-28,820.0,833.0,785.2,808.35,826.95,827.3,1168.0,575.0,209,171619.35
2008-03-31,800.2,825.0,792.0,827.3,795.1,795.1,1168.0,575.0,1003,813398.2
2008-04-01,833.0,833.0,833.0,795.1,833.0,833.0,1168.0,575.0,1,833.0
2008-04-02,840.1,869.0,800.1,833.0,800.1,805.05,1168.0,575.0,297,244898.55
2008-04-03,825.0,825.0,781.7,805.05,800.1,800.1,1168.0,575.0,57,45269.1
2008-04-04,805.1,808.4,790.0,800.1,805.0,804.95,1168.0,575.0,122,97717.5
2008-04-07,810.0,840.0,791.0,804.95,830.0,830.0,1168.0,575.0,193,157751.0
2008-04-08,801.1,801.1,800.0,830.0,800.0,800.0,1168.0,575.0,8,6405.5
2008-04-09,772.0,849.8,772.0,800.0,825.0,828.65,1168.0,575.0,1278,1053199.8
2008-04-10,825.0,825.0,786.0,828.65,798.0,794.35,1168.0,575.0,509,408355.3
2008-04-11,790.0,809.0,790.0,794.35,803.0,803.0,1168.0,575.0,157,125580.2
2008-04-15,800.0,808.0,797.6,803.0,797.6,799.5,1168.0,575.0,323,259391.4
2008-04-16,819.0,819.0,798.05,799.5,803.25,804.15,1168.0,575.0,173,139714.1
2008-04-17,819.9,829.0,810.05,804.15,810.05,810.95,1168.0,575.0,518,424966.65
2008-04-21,795.0,870.0,795.0,810.95,835.0,834.85,1168.0,575.0,1333,1111399.5
2008-04-22,820.0,849.8,820.0,834.85,830.0,830.0,1168.0,575.0,252,209029.0
2008-04-23,845.0,848.0,840.0,830.0,842.0,842.15,1168.0,575.0,433,365121.2
2008-04-24,849.95,849.95,830.0,842.15,830.0,830.0,1168.0,575.0,375,316823.9
2008-04-25,816.95,855.0,816.95,830.0,850.0,850.0,1168.0,575.0,320,271328.4
2008-04-28,857.0,924.4,857.0,850.0,924.4,917.25,1168.0,575.0,783,702807.55
2008-04-29,932.0,973.0,930.0,917.25,960.0,960.3,1168.0,575.0,883,840315.5
2008-04-30,951.0,987.5,920.0,960.3,943.0,941.5,1168.0,575.0,378,361069.6
2008-05-02,1070.0,1110.0,930.1,941.5,954.9,935.95,1168.0,575.0,197,189011.25
2008-05-05,860.1,1000.0,860.0,935.95,975.0,966.45,1168.0,575.0,670,645560.15
2008-05-06,970.0,970.0,910.0,966.45,930.0,928.4,1168.0,575.0,220,203647.35
2008-05-07,932.3,932.3,910.05,928.4,911.0,910.4,1168.0,575.0,179,163812.55
2008-05-08,915.0,946.0,829.45,910.4,905.0,901.7,1168.0,575.0,335,302713.7
2008-05-09,895.0,905.0,871.2,901.7,871.5,873.95,1168.0,575.0,118,104188.95
2008-05-12,875.0,875.0,849.95,873.95,875.0,871.85,1168.0,575.0,157,136734.65
2008-05-13,875.0,898.0,862.1,871.85,865.0,865.0,1168.0,575.0,38,33281.5
2008-05-14,860.0,910.0,860.0,865.0,876.0,872.85,1168.0,575.0,112,98060.3
2008-05-15,841.0,939.0,841.0,872.85,925.0,929.55,1168.0,575.0,464,426416.9
2008-05-16,846.9,1000.0,846.9,929.55,918.0,893.95,1168.0,575.0,149,135521.2
2008-05-20,885.0,890.0,870.0,893.95,890.0,890.0,1168.0,575.0,126,111068.1
2008-05-21,866.0,879.9,866.0,890.0,875.0,875.0,1168.0,575.0,172,150233.1
2008-05-22,908.0,915.0,866.5,875.0,909.95,902.3,1168.0,575.0,153,136774.85
2008-05-23,922.0,922.0,881.0,902.3,908.95,900.75,1168.0,575.0,466,421095.8
2008-05-26,866.0,898.0,830.0,900.75,893.9,891.05,1168.0,575.0,207,182841.15
2008-05-27,900.0,917.0,855.0,891.05,876.95,876.95,1168.0,575.0,261,231018.35
2008-05-28,865.05,885.0,850.0,876.95,860.5,872.9,1168.0,575.0,264,226424.6
2008-05-29,890.0,890.0,822.0,872.9,849.9,836.4,1168.0,575.0,898,758260.0
2008-05-30,850.1,850.1,835.0,836.4,840.0,840.0,1168.0,575.0,31,26076.25
2008-06-02,875.0,900.0,830.25,840.0,830.25,831.65,1168.0,575.0,120,102620.25
2008-06-03,849.95,850.0,849.95,831.65,850.0,850.0,1168.0,575.0,10,8499.8
2008-06-04,840.5,859.0,820.0,850.0,820.0,830.65,1168.0,575.0,378,316224.6
2008-06-05,800.0,873.0,800.0,830.65,800.05,800.05,1168.0,575.0,246,199180.2
2008-06-06,800.0,835.0,786.1,800.05,805.0,831.8,1168.0,575.0,162,129711.6
2008-06-09,800.0,823.8,794.5,831.8,807.0,805.3,1168.0,575.0,100,80454.4
2008-06-10,799.0,804.8,798.5,805.3,804.8,803.8,1168.0,575.0,738,590106.65
2008-06-11,848.0,848.0,800.0,803.8,800.0,803.05,1168.0,575.0,207,167336.7
2008-06-13,780.1,896.5,780.1,803.05,812.2,811.7,1168.0,575.0,116,95237.35
2008-06-16,894.9,894.9,815.1,811.7,815.1,815.15,1168.0,575.0,451,369496.65
2008-06-17,888.5,888.5,825.0,815.15,826.0,846.25,1168.0,575.0,458,385001.55
2008-06-18,825.9,859.0,825.9,846.25,830.0,837.45,1168.0,575.0,166,139364.0
2008-06-19,849.0,849.95,817.05,837.45,817.05,823.9,1168.0,575.0,126,104931.2
2008-06-20,820.0,820.0,800.55,823.9,800.55,801.2,1168.0,575.0,112,91480.75
2008-06-23,750.0,790.0,737.0,801.2,760.0,768.0,1168.0,575.0,178,132799.8
2008-06-24,786.0,800.0,750.0,768.0,750.05,764.85,1168.0,575.0,6497,4978248.95
2008-06-25,756.1,795.0,756.1,764.85,790.0,790.0,1168.0,575.0,220,172522.0
2008-06-26,800.0,800.0,791.05,790.0,791.1,794.15,1168.0,575.0,371,295381.35
2008-06-27,775.0,775.0,745.0,794.15,751.0,751.35,1168.0,575.0,143,107488.1
2008-06-30,761.0,761.0,720.0,751.35,720.0,722.0,1168.0,575.0,5267,3804762.35
2008-07-01,670.0,707.0,670.0,722.0,680.0,681.45,1168.0,575.0,197,134603.45
2008-07-02,679.0,747.0,660.0,681.45,730.0,730.0,1168.0,575.0,493,358410.65
2008-07-03,730.0,730.0,678.1,730.0,678.1,680.1,1168.0,575.0,151,104746.1
2008-07-04,660.0,730.0,660.0,680.1,719.0,719.0,1168.0,575.0,64,45254.05
2008-07-07,730.0,800.0,721.05,719.0,760.0,745.95,1168.0,575.0,529,400545.3
2008-07-08,712.05,754.95,712.05,745.95,735.2,735.2,1168.0,575.0,588,440016.75
2008-07-09,725.0,817.0,725.0,735.2,810.0,809.05,1168.0,575.0,302,239047.9
2008-07-10,795.0,796.0,787.0,809.05,787.0,787.0,1168.0,575.0,216,171368.0
2008-07-11,807.8,810.0,780.0,787.0,809.5,804.95,1168.0,575.0,590,475652.2
2008-07-14,839.85,839.85,761.05,804.95,805.0,783.35,1168.0,575.0,419,332872.7
2008-07-15,775.0,780.0,755.0,783.35,755.0,757.1,1168.0,575.0,150,115585.0
2008-07-16,752.0,752.0,750.0,757.1,750.0,750.0,1168.0,575.0,130,97530.7
2008-07-17,760.0,760.0,751.0,750.0,755.0,755.0,1168.0,575.0,96,72640.25
2008-07-18,774.9,774.9,700.0,755.0,700.0,726.35,1168.0,575.0,664,484404.2
2008-07-21,748.0,783.0,736.0,726.35,782.0,778.35,1168.0,575.0,395,295580.0
2008-07-22,799.9,810.0,798.0,778.35,800.0,800.15,1168.0,575.0,168,134420.6
2008-07-23,834.95,834.95,805.0,800.15,820.0,820.0,1168.0,575.0,313,255681.2
2008-07-24,780.0,839.95,780.0,820.0,787.0,796.25,1168.0,575.0,436,345669.7
2008-07-25,811.0,811.0,811.0,796.25,811.0,811.0,1168.0,575.0,3,2433.0
2008-07-28,820.0,880.0,805.05,811.0,880.0,845.2,1168.0,575.0,432,358183.8
2008-07-29,869.8,869.8,820.05,845.2,820.05,831.5,1168.0,575.0,198,167220.2
2008-07-30,794.0,890.0,794.0,831.5,890.0,890.0,1168.0,575.0,69,59573.5
2008-07-31,854.7,854.7,827.0,890.0,835.0,833.6,1168.0,575.0,128,107267.4
2008-08-01,800.0,889.9,800.0,833.6,870.0,880.95,1168.0,575.0,346,303815.95
2008-08-04,900.0,944.95,895.0,880.95,905.1,914.55,1168.0,575.0,724,661167.3
2008-08-05,910.1,950.0,910.1,914.55,936.0,936.05,1168.0,575.0,580,544894.45
2008-08-06,944.95,999.0,940.1,936.05,965.0,963.95,1168.0,575.0,2234,2170327.45
2008-08-07,965.1,985.0,950.0,963.95,951.5,956.55,1168.0,575.0,999,965670.05
2008-08-08,935.0,984.95,930.0,956.55,941.1,940.4,1168.0,575.0,487,465021.5
2008-08-11,969.0,989.9,952.0,940.4,972.0,974.4,1168.0,575.0,570,557152.8
2008-08-12,990.8,999.0,950.3,974.4,992.0,988.85,1168.0,575.0,330,324777.65
2008-08-13,994.9,994.9,941.2,988.85,950.0,950.7,1168.0,575.0,744,718460.4
2008-08-14,950.0,960.0,942.0,950.7,942.25,942.25,1168.0,575.0,587,557750.95
2008-08-18,950.0,958.9,920.0,942.25,946.5,928.7,1168.0,575.0,578,540913.35
2008-08-19,930.0,970.0,930.0,928.7,960.0,963.0,1168.0,575.0,954,914573.2
2008-08-20,915.0,987.9,915.0,963.0,987.9,986.35,1168.0,575.0,543,524068.15
2008-08-21,958.0,975.0,958.0,986.35,975.0,967.6,1168.0,575.0,136,131355.5
2008-08-22,985.0,985.0,930.0,967.6,930.2,935.35,1168.0,575.0,397,373263.5
2008-08-25,950.0,957.5,910.0,935.35,924.0,930.95,1168.0,575.0,553,521359.25
2008-08-26,910.25,939.0,910.0,930.95,925.0,925.0,1168.0,575.0,70,64376.25
2008-08-27,944.95,944.95,916.1,925.0,919.0,921.35,1168.0,575.0,361,336339.05
2008-08-28,900.0,915.0,900.0,921.35,915.0,913.2,1168.0,575.0,182,165509.0
2008-08-29,905.15,930.0,905.15,913.2,916.0,916.95,1168.0,575.0,192,177803.0
2008-09-01,906.4,948.4,901.1,916.95,918.0,910.8,1168.0,575.0,301,274829.45
2008-09-02,930.0,930.0,912.0,910.8,920.0,919.95,1168.0,575.0,31,28537.0
2008-09-04,906.0,910.05,906.0,919.95,910.0,910.0,1168.0,575.0,12,10912.25
2008-09-05,907.1,919.0,900.0,910.0,900.7,900.7,1168.0,575.0,31,28029.1
2008-09-08,900.0,929.75,900.0,900.7,907.1,907.1,1168.0,575.0,180,165245.2
2008-09-09,915.0,955.0,911.5,907.1,912.0,912.0,1168.0,575.0,205,189512.55
2008-09-10,911.0,911.0,860.0,912.0,864.95,873.35,1168.0,575.0,414,363488.1
2008-09-11,892.0,896.0,851.2,873.35,851.2,851.6,1168.0,575.0,495,426224.05
2008-09-12,850.0,850.0,818.05,851.6,839.75,829.45,1168.0,575.0,115,95865.5
2008-09-15,851.1,874.0,801.1,829.45,839.5,839.7,1168.0,575.0,333,275757.2
2008-09-16,800.0,825.0,800.0,839.7,825.0,825.0,1168.0,575.0,192,156981.0
2008-09-17,805.0,829.95,804.95,825.0,811.0,812.4,1168.0,575.0,1634,1334952.0
2008-09-18,800.0,800.0,661.6,812.4,745.75,768.6,1168.0,575.0,954,714744.4
2008-09-19,789.0,840.0,760.5,768.6,825.0,825.0,1168.0,575.0,161,131644.3
2008-09-22,810.05,857.95,810.0,825.0,830.0,844.7,1168.0,575.0,371,310928.35
2008-09-23,849.95,849.95,803.3,844.7,803.3,810.3,1168.0,575.0,101,82049.8
2008-09-24,811.05,839.05,811.0,810.3,811.0,811.15,1168.0,575.0,120,97749.75
2008-09-25,839.2,839.2,839.2,811.15,839.2,839.2,1168.0,575.0,10,8392.0
2008-09-26,832.0,855.0,765.0,839.2,809.95,796.2,1168.0,575.0,788,650981.0
2008-09-29,765.0,949.95,726.85,796.2,770.0,770.55,1168.0,575.0,224,180472.35
2008-09-30,760.0,760.0,725.0,770.55,750.0,751.7,1168.0,575.0,1054,787282.9
2008-10-01,751.0,760.0,725.0,751.7,725.0,738.65,1168.0,575.0,967,715236.6
2008-10-03,720.0,842.9,700.0,738.65,700.0,709.25,1168.0,575.0,329,235894.55
2008-10-06,715.0,715.0,644.0,709.25,670.0,657.5,1168.0,575.0,330,219973.35
2008-10-07,700.0,700.0,615.0,657.5,616.0,621.55,1168.0,575.0,8910,5941033.3
2008-10-08,561.0,627.0,550.0,621.55,570.0,589.35,1168.0,550.0,715,413168.85
2008-10-10,557.05,610.0,557.05,589.35,600.0,597.15,1168.0,550.0,15382,8707278.0
2008-10-13,580.0,600.0,560.1,597.15,587.1,590.25,1168.0,550.0,710,420462.2
2008-10-14,655.0,655.0,591.15,590.25,600.0,599.95,1168.0,550.0,535,321928.65
2008-10-15,552.55,714.0,552.55,599.95,590.0,590.0,1168.0,550.0,6920,4086104.35
2008-10-16,561.0,598.9,553.0,590.0,591.9,591.9,1168.0,550.0,168,96088.7
2008-10-17,511.1,589.9,501.1,591.9,501.1,520.85,1168.0,501.1,1071,567805.1
2008-10-20,525.0,525.0,435.0,520.85,450.0,441.45,1168.0,435.0,13504,6523805.15
2008-10-21,445.0,529.75,445.0,441.45,529.75,511.55,1168.0,435.0,206510,98199492.35
2008-10-22,486.05,522.9,484.15,511.55,510.0,510.05,1168.0,435.0,648,336451.7
2008-10-23,508.0,522.9,500.0,510.05,520.0,520.0,1168.0,435.0,1570,815928.6
2008-10-24,500.0,500.0,450.0,520.0,450.0,450.0,1168.0,435.0,3129,1513113.4
2008-10-27,436.45,450.0,372.0,450.0,450.0,449.85,1168.0,372.0,2834,1228200.45
2008-10-28,500.0,500.0,450.0,449.85,450.0,455.7,1168.0,372.0,94,43977.2
2008-10-29,471.0,475.0,450.0,455.7,450.0,451.5,1168.0,372.0,1216,557451.35
2008-10-31,480.0,541.8,480.0,451.5,541.8,541.8,1168.0,372.0,1945,1018963.95
2008-11-03,599.0,635.0,599.0,541.8,600.0,600.35,1168.0,372.0,2310,1386223.7
2008-11-04,605.0,638.0,600.0,600.35,603.0,603.85,1168.0,372.0,1107,674168.05
2008-11-05,625.0,643.0,625.0,603.85,625.0,625.75,1168.0,372.0,2035,1273573.1
2008-11-06,630.0,676.0,625.0,625.75,655.0,655.0,1168.0,372.0,6445,4097172.5
2008-11-07,651.05,670.0,650.05,655.0,650.05,652.6,1168.0,372.0,202,132335.3
2008-11-10,650.05,665.0,650.05,652.6,653.0,653.0,1168.0,372.0,61,39745.55
2008-11-11,650.05,678.0,650.05,653.0,675.0,675.0,1168.0,372.0,1079,727798.75
2008-11-12,675.0,695.0,675.0,675.0,675.0,675.0,1168.0,372.0,334,225676.2
2008-11-14,698.0,713.0,675.0,675.0,675.0,675.85,1168.0,372.0,682,474897.25
2008-11-17,675.0,700.0,675.0,675.85,675.0,676.25,1168.0,372.0,213,144315.0
2008-11-18,690.0,690.0,675.0,676.25,675.0,675.0,1168.0,372.0,466,315040.0
2008-11-19,675.0,690.0,675.0,675.0,675.0,675.0,1168.0,372.0,173,116988.5
2008-11-20,675.0,685.0,640.0,675.0,651.0,651.0,1168.0,372.0,4152,2781006.85
2008-11-21,650.15,672.95,650.0,651.0,650.0,650.0,1168.0,372.0,1473,957534.95
2008-11-24,650.0,650.4,650.0,650.0,650.0,650.0,1168.0,372.0,1582,1028304.8
2008-11-25,650.0,650.0,625.0,650.0,630.0,630.0,1168.0,372.0,45,28216.15
2008-11-26,627.1,649.8,627.1,630.0,649.8,640.9,1168.0,372.0,114,73259.9
2008-11-28,694.0,694.0,622.5,640.9,630.2,630.2,1168.0,372.0,204,132023.35
2008-12-01,679.0,679.0,638.05,630.2,672.0,654.0,1168.0,372.0,84,54765.0
2008-12-02,625.0,654.0,625.0,654.0,625.05,625.15,1168.0,372.0,134,83871.55
2008-12-03,625.15,645.0,625.0,625.15,625.0,625.0,1168.0,372.0,1151,719818.1
2008-12-04,644.0,650.0,627.1,625.0,650.0,646.8,1168.0,372.0,71,45719.0
2008-12-05,630.0,644.5,626.55,646.8,630.0,630.05,1168.0,372.0,51,32229.35
2008-12-08,630.0,646.1,630.0,630.05,630.0,630.0,1168.0,372.0,152,96288.6
2008-12-10,689.95,689.95,636.0,630.0,667.95,667.95,1168.0,372.0,31,20715.0
2008-12-11,650.0,650.0,650.0,667.95,650.0,650.0,1168.0,372.0,25,16250.0
2008-12-12,625.2,682.95,625.2,650.0,640.0,653.75,1168.0,372.0,65,42183.55
2008-12-15,650.0,691.0,641.1,653.75,678.95,684.75,1168.0,372.0,121,81672.05
2008-12-16,689.0,699.0,675.0,684.75,694.0,680.7,1168.0,372.0,127,87546.0
2008-12-17,680.0,680.0,665.75,680.7,665.75,665.75,1168.0,372.0,25,16857.5
2008-12-18,650.0,680.0,650.0,665.75,680.0,680.0,1168.0,372.0,15,9900.0
2008-12-19,724.0,725.0,626.9,680.0,670.1,670.0,1168.0,372.0,171,115562.55
2008-12-22,680.75,694.5,649.05,670.0,662.0,660.0,1168.0,372.0,15080,9952816.9
2008-12-23,650.1,659.9,646.0,660.0,656.0,656.0,1168.0,372.0,2724,1792174.1
2008-12-24,645.1,662.95,645.0,656.0,650.0,650.0,1168.0,372.0,72,46610.0
2008-12-26,653.0,670.0,653.0,650.0,656.0,655.9,1168.0,372.0,53,34710.4
2008-12-29,591.1,682.95,591.1,655.9,668.85,647.65,1168.0,372.0,75,46788.5
2008-12-30,666.0,691.0,666.0,647.65,689.5,690.7,1168.0,372.0,81,55349.1
2008-12-31,699.95,740.0,691.0,690.7,738.8,732.7,1168.0,372.0,526,380613.1
2009-01-01,732.0,805.95,732.0,732.7,759.0,765.4,1168.0,372.0,364,276962.4
2009-01-02,707.3,785.0,707.3,765.4,785.0,779.1,1168.0,372.0,447,344247.2
2009-01-05,785.0,809.8,771.0,779.1,798.0,795.2,1168.0,372.0,264,207348.0
2009-01-06,800.0,805.0,783.0,795.2,783.0,783.0,1168.0,372.0,64,51124.1
2009-01-07,785.0,860.0,785.0,783.0,839.0,831.0,1168.0,372.0,2109,1765941.35
2009-01-09,825.1,838.0,801.0,831.0,823.0,820.8,1168.0,372.0,172,141989.0
2009-01-12,782.05,782.05,782.0,820.8,782.0,782.0,1168.0,372.0,10,7820.05
2009-01-13,771.1,802.0,771.1,782.0,802.0,794.55,1168.0,372.0,82,63963.0
2009-01-14,802.0,816.95,780.0,794.55,800.0,800.0,1168.0,372.0,677,541049.0
2009-01-15,764.0,800.0,750.25,800.0,800.0,794.4,1168.0,372.0,240,186802.9
2009-01-16,800.0,805.0,800.0,794.4,805.0,803.75,1168.0,372.0,20,16075.0
2009-01-19,800.0,814.95,784.0,803.75,805.0,801.6,1110.0,372.0,276,221212.25
2009-01-20,762.0,840.0,762.0,801.6,800.0,800.6,1110.0,372.0,161,127751.85
2009-01-21,815.0,815.0,780.0,800.6,809.95,781.45,1110.0,372.0,135,105716.45
2009-01-22,780.0,800.0,775.0,781.45,775.0,778.15,1110.0,372.0,129,100450.8
2009-01-23,819.7,819.7,751.0,778.15,772.0,771.2,1110.0,372.0,135,102375.9
2009-01-27,779.0,784.0,750.0,771.2,750.0,760.7,1110.0,372.0,545,418133.0
2009-01-28,760.0,799.0,759.0,760.7,792.0,788.3,1110.0,372.0,223,175055.5
2009-01-29,799.75,805.0,752.75,788.3,776.0,801.3,1110.0,372.0,942,754341.95
2009-01-30,800.0,810.0,780.0,801.3,809.95,806.1,1110.0,372.0,1819,1429684.1
2009-02-02,849.0,849.0,810.0,806.1,810.0,810.0,1110.0,372.0,17,13809.0
2009-02-03,810.0,860.0,765.0,810.0,800.0,800.9,1110.0,372.0,381,308705.05
2009-02-04,800.0,800.1,781.0,800.9,781.0,783.6,1110.0,372.0,28,22143.2
2009-02-05,780.0,780.0,771.1,783.6,771.1,771.1,1110.0,372.0,63,49033.2
2009-02-06,800.0,815.0,700.0,771.1,799.4,784.9,1110.0,372.0,373,284965.1
2009-02-09,785.0,795.0,771.25,784.9,780.0,780.0,1110.0,372.0,90,70047.6
2009-02-10,785.0,809.9,780.0,780.0,799.4,799.4,1110.0,372.0,30,23728.0
2009-02-11,795.0,798.75,770.0,799.4,780.0,782.5,1110.0,372.0,322,251545.85
2009-02-12,795.0,795.0,761.1,782.5,780.0,780.0,1110.0,372.0,66,50807.6
2009-02-13,799.0,799.0,761.0,780.0,765.0,767.55,1110.0,372.0,2960,2274757.8
2009-02-16,790.0,790.0,750.6,767.55,755.25,759.7,1110.0,372.0,506,383758.25
2009-02-17,760.0,760.0,715.65,759.7,723.1,729.45,1110.0,372.0,272,197059.05
2009-02-18,767.0,767.0,720.0,729.45,725.05,731.4,1110.0,372.0,167,122094.65
2009-02-19,753.1,753.1,730.0,731.4,730.0,730.0,1110.0,372.0,3,2218.2
2009-02-20,730.0,730.0,711.55,730.0,712.2,713.0,1110.0,372.0,1513,1078783.55
2009-02-24,721.0,721.0,695.5,713.0,702.5,702.5,1110.0,372.0,1631,1142113.35
2009-02-25,721.0,734.95,716.2,702.5,726.0,726.0,1110.0,372.0,487,353306.05
2009-02-26,726.0,726.0,710.0,726.0,710.0,711.85,1110.0,372.0,39,27909.5
2009-02-27,702.0,710.0,682.0,711.85,699.95,694.0,1110.0,372.0,516,364508.0
2009-03-02,695.0,695.0,661.05,694.0,667.0,667.0,1110.0,372.0,219,147798.45
2009-03-03,689.95,689.95,675.0,667.0,675.0,675.0,1110.0,372.0,505,343405.0
2009-03-04,670.0,688.0,652.1,675.0,653.0,653.8,1110.0,372.0,130,85981.95
2009-03-05,680.0,686.0,601.1,653.8,651.0,645.0,1110.0,372.0,121,76837.15
2009-03-06,582.0,648.7,582.0,645.0,620.0,617.25,1110.0,372.0,54,33557.2
2009-03-09,660.0,660.1,615.3,617.25,623.0,623.0,1110.0,372.0,136,85630.0
2009-03-12,623.0,623.0,623.0,623.0,623.0,623.0,1110.0,372.0,5,3115.0
2009-03-13,623.0,644.0,623.0,623.0,630.0,642.45,1110.0,372.0,66,42440.25
2009-03-16,640.95,640.95,606.0,642.45,621.0,621.0,1110.0,372.0,96,60473.45
2009-03-17,640.0,650.0,619.0,621.0,620.0,621.0,1110.0,372.0,538,339697.6
2009-03-18,659.0,687.0,640.0,621.0,668.0,657.7,1110.0,372.0,213,140214.1
2009-03-19,668.0,679.0,651.0,657.7,676.0,671.5,1110.0,372.0,304,202292.45
2009-03-20,661.0,685.0,660.0,671.5,684.0,675.55,1110.0,372.0,392,263504.5
2009-03-23,661.0,675.0,656.5,675.55,656.5,656.5,1110.0,372.0,7119,4696820.6
2009-03-24,672.0,674.0,646.05,656.5,653.0,653.0,1110.0,372.0,333,218506.6
2009-03-25,647.0,675.0,625.0,653.0,675.0,658.3,1110.0,372.0,446,289250.6
2009-03-26,662.5,662.5,637.05,658.3,651.05,659.15,1110.0,372.0,140,91844.3
2009-03-27,662.0,662.0,644.0,659.15,660.0,656.9,1110.0,372.0,409,265953.9
2009-03-30,665.0,674.0,660.0,656.9,660.0,668.0,1110.0,372.0,184,122321.6
2009-03-31,660.0,674.0,660.0,668.0,670.0,670.0,1110.0,372.0,270,180652.0
2009-04-01,688.0,688.0,665.0,670.0,669.95,669.65,1110.0,372.0,434,291900.1
2009-04-02,684.95,685.0,650.0,669.65,650.0,661.2,1110.0,372.0,448,301279.6
2009-04-06,670.0,700.0,670.0,661.2,690.0,689.1,1110.0,372.0,613,422739.75
2009-04-08,690.0,730.0,676.0,689.1,730.0,729.65,1110.0,372.0,1518,1087589.0
2009-04-09,849.8,849.8,736.0,729.65,790.0,781.45,1110.0,372.0,1850,1403690.0
2009-04-13,790.0,800.0,780.0,781.45,795.95,791.45,1110.0,372.0,924,732285.95
2009-04-15,800.0,850.0,800.0,791.45,849.95,845.4,1110.0,372.0,2927,2448421.05
2009-04-16,850.0,850.0,780.0,845.4,780.0,804.8,1110.0,372.0,1379,1130956.1
2009-04-17,808.0,847.0,786.0,804.8,786.0,800.3,1110.0,372.0,353,287193.6
2009-04-20,804.0,821.0,800.0,800.3,810.0,809.95,1110.0,372.0,32,25927.1
2009-04-21,804.0,817.85,783.1,809.95,805.0,803.0,1110.0,372.0,592,473184.75
2009-04-22,806.0,817.85,752.1,803.0,780.0,780.0,1110.0,372.0,343,274518.85
2009-04-23,765.0,824.95,765.0,780.0,824.95,823.3,1110.0,372.0,1030,840298.05
2009-04-24,820.0,820.0,780.15,823.3,801.95,797.35,1110.0,372.0,134,106327.6
2009-04-27,802.0,804.0,792.05,797.35,794.0,797.15,1110.0,372.0,170,136032.05
2009-04-28,767.0,797.0,765.0,797.15,765.0,770.85,1110.0,372.0,86,66262.85
2009-04-29,790.0,790.0,720.0,770.85,755.1,758.85,1110.0,372.0,729,558656.05
2009-05-04,799.0,870.0,780.0,758.85,815.0,825.9,1000.0,372.0,3454,2881882.65
2009-05-05,821.0,888.0,802.15,825.9,851.1,861.35,1000.0,372.0,3681,3164578.65
2009-05-06,882.0,882.9,847.0,861.35,850.25,852.1,1000.0,372.0,1137,987676.1
2009-05-07,860.0,880.0,825.25,852.1,873.0,866.9,1000.0,372.0,1413,1227517.35
2009-05-08,898.9,899.0,846.2,866.9,870.0,859.55,1000.0,372.0,1492,1295078.0
2009-05-11,870.0,870.0,812.25,859.55,821.0,847.55,1000.0,372.0,329,274521.8
2009-05-12,823.0,850.0,820.0,847.55,827.0,831.85,1000.0,372.0,248,205462.9
2009-05-13,768.0,834.9,768.0,831.85,834.9,834.9,1000.0,372.0,135,110398.5
2009-05-14,795.0,827.7,743.15,834.9,813.1,813.4,1000.0,372.0,446,359955.8
2009-05-15,855.0,860.0,803.0,813.4,816.25,818.95,1000.0,372.0,654,538947.5
2009-05-19,820.0,880.0,820.0,818.95,868.0,868.0,999.0,372.0,1164,995999.7
2009-05-20,823.3,900.0,823.3,868.0,890.0,890.0,999.0,372.0,1626,1424769.95
2009-05-21,915.0,924.95,840.05,890.0,924.0,920.0,999.0,372.0,1317,1204594.05
2009-05-22,930.0,930.0,881.1,920.0,901.0,901.0,999.0,372.0,427,388261.65
2009-05-25,930.0,945.0,886.15,901.0,920.0,924.5,999.0,372.0,1277,1185401.4
2009-05-26,930.0,945.0,900.0,924.5,900.0,900.8,999.0,372.0,295,274566.0
2009-05-27,871.15,929.0,871.15,900.8,890.05,897.45,999.0,372.0,1007,912218.95
2009-05-28,910.0,924.95,895.0,897.45,913.0,911.8,999.0,372.0,843,761723.45
2009-05-29,895.0,918.0,895.0,911.8,896.2,904.1,999.0,372.0,534,484287.4
2009-06-01,920.0,929.95,894.0,904.1,894.0,907.05,999.0,372.0,7078,6414003.45
2009-06-02,925.0,929.9,897.0,907.05,901.0,902.85,999.0,372.0,2306,2083289.55
2009-06-03,901.0,928.0,901.0,902.85,915.0,913.75,999.0,372.0,942,859735.35
2009-06-04,901.1,925.0,901.1,913.75,910.0,910.35,999.0,372.0,615,562918.0
2009-06-05,939.7,1092.45,913.0,910.35,1042.8,1026.75,1092.45,372.0,7985,8111642.25
2009-06-08,1050.0,1089.0,1010.0,1026.75,1015.0,1019.4,1092.45,372.0,3043,3180237.45
2009-06-09,1015.0,1080.0,1001.1,1019.4,1073.0,1064.05,1092.45,372.0,3087,3280232.35
2009-06-10,1100.0,1266.6,1099.9,1064.05,1142.55,1137.65,1266.6,372.0,4215,4787394.9
2009-06-11,1198.0,1198.0,1090.0,1137.65,1151.1,1170.75,1266.6,372.0,3197,3633304.6
2009-06-12,1170.2,1205.0,1142.0,1170.75,1149.5,1143.8,1266.6,372.0,1115,1308096.4
2009-06-15,1099.0,1148.0,1083.1,1143.8,1110.0,1095.4,1266.6,372.0,1443,1586173.15
2009-06-16,1013.3,1119.95,1013.3,1095.4,1093.2,1093.2,1266.6,372.0,545,592079.65
2009-06-17,1070.0,1117.0,1002.25,1093.2,1002.25,1028.55,1266.6,372.0,536,563604.9
2009-06-18,1001.0,1034.85,971.0,1028.55,997.95,986.45,1266.6,372.0,314,311708.05
2009-06-19,997.95,997.95,967.0,986.45,995.95,974.25,1266.6,372.0,506,493648.8
2009-06-22,1047.7,1047.7,965.55,974.25,971.0,972.95,1266.6,372.0,403,395054.8
2009-06-23,950.0,975.0,933.0,972.95,975.0,975.0,1266.6,372.0,262,250950.0
2009-06-24,973.0,1069.9,960.0,975.0,1035.0,1032.0,1266.6,372.0,1475,1468043.7
2009-06-25,1075.0,1095.0,1045.15,1032.0,1085.0,1075.25,1266.6,372.0,824,888483.35
2009-06-26,1145.0,1145.0,1000.0,1075.25,1000.0,1022.75,1266.6,372.0,634,660303.4
2009-06-29,1065.0,1065.0,984.0,1022.75,984.0,1003.4,1266.6,372.0,722,743041.0
2009-06-30,1019.85,1039.9,966.9,1003.4,997.85,983.55,1266.6,372.0,1400,1401771.05
2009-07-01,976.1,985.0,955.0,983.55,984.0,974.4,1266.6,372.0,308,297475.35
2009-07-02,974.0,998.9,969.0,974.4,998.7,996.75,1266.6,372.0,208,204955.9
2009-07-03,1018.95,1018.95,980.0,996.75,998.0,994.7,1266.6,372.0,150,147988.55
2009-07-06,951.65,990.0,928.0,994.7,928.0,928.0,1266.6,372.0,684,649702.6
2009-07-07,949.0,949.0,905.75,928.0,927.0,931.45,1266.6,372.0,99,92729.85
2009-07-08,927.0,949.0,908.0,931.45,910.0,910.4,1266.6,372.0,206,190351.0
2009-07-09,905.0,910.0,892.0,910.4,900.0,900.0,1266.6,372.0,224,201875.4
2009-07-10,921.9,922.0,901.0,900.0,914.0,908.1,1266.6,372.0,65,59523.95
2009-07-13,890.0,899.0,875.5,908.1,898.6,896.85,1266.6,372.0,534,476439.35
2009-07-14,902.2,938.0,900.0,896.85,900.0,911.65,1266.6,372.0,43,39170.05
2009-07-15,939.85,939.85,937.5,911.65,937.5,937.5,1266.6,372.0,20,18773.5
2009-07-16,901.2,945.0,901.2,937.5,920.0,921.0,1266.6,372.0,133,122966.2
2009-07-17,958.85,960.0,900.5,921.0,950.0,952.9,1266.6,372.0,1220,1163293.25
2009-07-20,1119.85,1119.85,955.0,952.9,1008.0,1007.95,1266.6,372.0,1075,1111323.4
2009-07-21,1008.0,1015.0,984.0,1007.95,995.7,999.9,1266.6,372.0,2900,2901108.7
2009-07-22,1000.0,1010.0,980.7,999.9,997.0,993.3,1266.6,372.0,155,155111.25
2009-07-23,980.8,1000.0,966.5,993.3,983.0,982.35,1266.6,372.0,3903,3828222.8
2009-07-24,975.0,1025.0,961.0,982.35,1005.0,1005.75,1266.6,372.0,1261,1258359.6
2009-07-27,1005.5,1074.0,1005.5,1005.75,1073.3,1065.9,1266.6,372.0,730,771483.15
2009-07-28,1078.0,1173.0,1078.0,1065.9,1101.5,1109.45,1266.6,372.0,2519,2799101.0
2009-07-29,1135.0,1136.0,1050.0,1109.45,1076.1,1085.4,1266.6,372.0,900,986210.15
2009-07-30,1015.0,1141.0,1015.0,1085.4,1075.0,1073.35,1266.6,372.0,424,457055.9
2009-07-31,1117.75,1145.0,1065.0,1073.35,1110.9,1087.35,1266.6,372.0,716,788137.05
2009-08-03,1100.0,1150.0,1090.0,1087.35,1150.0,1141.4,1266.6,372.0,1207,1357765.85
2009-08-04,1191.1,1260.0,1143.0,1141.4,1249.0,1240.1,1266.6,372.0,5735,6995560.45
2009-08-05,1350.0,1350.0,1240.0,1240.1,1310.0,1292.5,1350.0,372.0,2312,2964677.65
2009-08-06,1180.0,1349.5,1180.0,1292.5,1275.0,1287.65,1350.0,372.0,4863,6324060.15
2009-08-07,1275.0,1287.95,1230.0,1287.65,1250.0,1253.75,1350.0,372.0,1062,1343347.9
2009-08-10,1260.0,1324.95,1260.0,1253.75,1300.0,1307.05,1350.0,372.0,2203,2875736.9
2009-08-11,1305.0,1510.0,1292.0,1307.05,1420.0,1438.85,1510.0,372.0,15675,22435376.9
2009-08-12,1440.0,1533.0,1429.0,1438.85,1468.0,1475.7,1533.0,372.0,11570,17072835.75
2009-08-13,1500.0,1524.0,1451.0,1475.7,1455.0,1467.35,1533.0,372.0,7298,10898648.1
2009-08-14,1475.0,1485.0,1301.4,1467.35,1347.0,1348.35,1533.0,372.0,5256,7295197.4
2009-08-17,1335.0,1340.0,1255.05,1348.35,1279.9,1277.3,1533.0,372.0,4077,5306188.0
2009-08-18,1295.0,1321.8,1270.0,1277.3,1290.0,1294.15,1533.0,372.0,690,896455.8
2009-08-19,1302.0,1302.0,1250.05,1294.15,1273.0,1276.3,1533.0,372.0,1002,1268556.85
2009-08-20,1311.2,1311.2,1255.15,1276.3,1274.0,1270.75,1533.0,372.0,702,898093.0
2009-08-21,1258.0,1368.0,1254.25,1270.75,1334.9,1334.1,1533.0,372.0,728,961877.7
2009-08-24,1335.0,1375.1,1290.3,1334.1,1310.0,1306.2,1533.0,372.0,947,1252925.0
2009-08-25,1295.0,1300.0,1285.0,1306.2,1285.0,1294.85,1533.0,372.0,588,762249.05
2009-08-26,1286.0,1300.0,1250.0,1294.85,1275.0,1274.15,1533.0,372.0,1139,1461235.7
2009-08-27,1250.0,1300.0,1222.7,1274.15,1238.0,1249.75,1533.0,372.0,1624,2080147.75
2009-08-28,1238.0,1323.9,1238.0,1249.75,1308.0,1299.9,1533.0,372.0,1831,2363927.05
2009-08-31,1266.2,1323.9,1266.0,1299.9,1310.0,1309.55,1533.0,372.0,1470,1923075.75
2009-09-01,1401.0,1414.7,1325.0,1309.55,1325.0,1335.95,1533.0,372.0,1117,1505163.8
2009-09-02,1399.95,1399.95,1321.1,1335.95,1337.0,1333.05,1533.0,372.0,2084,2800536.75
2009-09-03,1359.9,1359.9,1300.0,1333.05,1340.0,1330.25,1533.0,372.0,1340,1771098.05
2009-09-04,1330.0,1330.0,1280.3,1330.25,1303.0,1299.75,1533.0,372.0,895,1163050.85
2009-09-07,1295.0,1349.9,1290.0,1299.75,1291.0,1291.75,1533.0,372.0,929,1207284.25
2009-09-08,1295.0,1310.0,1270.0,1291.75,1280.0,1285.3,1533.0,372.0,552,711252.55
2009-09-09,1275.0,1280.0,1210.0,1285.3,1248.0,1246.45,1533.0,372.0,1181,1468437.25
2009-09-10,1299.0,1338.35,1230.1,1246.45,1231.0,1256.4,1533.0,372.0,768,970589.75
2009-09-11,1290.0,1290.0,1225.6,1256.4,1232.0,1247.25,1533.0,372.0,1066,1340113.65
2009-09-14,1250.0,1257.7,1225.0,1247.25,1235.0,1238.55,1533.0,372.0,317,394048.4
2009-09-15,1250.0,1274.0,1232.6,1238.55,1249.0,1244.3,1533.0,372.0,339,423204.05
2009-09-16,1250.1,1275.0,1250.1,1244.3,1251.25,1252.8,1533.0,372.0,316,397709.7
2009-09-17,1258.9,1279.25,1254.0,1252.8,1273.0,1265.0,1533.0,372.0,865,1096437.8
2009-09-18,1275.0,1275.0,1255.0,1265.0,1265.0,1261.15,1533.0,372.0,268,338036.55
2009-09-22,1275.0,1275.0,1230.0,1261.15,1230.0,1251.7,1533.0,372.0,359,454404.7
2009-09-23,1230.75,1251.0,1201.1,1251.7,1224.8,1214.8,1533.0,372.0,600,736309.65
2009-09-24,1203.0,1237.0,1203.0,1214.8,1208.0,1209.7,1533.0,372.0,501,608527.7
2009-09-25,1215.0,1225.0,1210.1,1209.7,1220.0,1221.3,1533.0,372.0,175,213343.45
2009-09-29,1239.85,1239.85,1210.0,1221.3,1220.0,1220.0,1533.0,372.0,268,327078.45
2009-09-30,1201.1,1250.0,1200.0,1220.0,1238.75,1229.9,1533.0,372.0,1753,2161971.05
2009-10-01,1274.95,1315.0,1201.1,1229.9,1209.5,1215.35,1533.0,372.0,8613,10736182.35
2009-10-05,1220.0,1239.95,1104.8,1215.35,1180.0,1181.05,1533.0,372.0,1246,1475123.15
2009-10-06,1199.0,1199.0,1150.0,1181.05,1151.0,1163.4,1533.0,372.0,1268,1469768.05
2009-10-07,1151.75,1225.0,1151.75,1163.4,1210.0,1201.15,1533.0,372.0,1888,2272767.4
2009-10-08,1210.0,1260.0,1171.15,1201.15,1225.0,1225.35,1533.0,372.0,1478,1804129.35
2009-10-09,1180.0,1244.8,1180.0,1225.35,1190.0,1195.1,1533.0,372.0,420,507709.75
2009-10-12,1200.0,1224.7,1174.35,1195.1,1224.7,1205.65,1533.0,372.0,492,589197.75
2009-10-14,1180.0,1260.0,1180.0,1205.65,1250.0,1243.55,1533.0,372.0,1886,2319850.95
2009-10-15,1250.0,1258.0,1215.0,1243.55,1217.0,1217.55,1533.0,372.0,4102,5000078.25
2009-10-16,1230.0,1249.05,1220.0,1217.55,1239.9,1225.75,1533.0,372.0,239,293284.85
2009-10-17,1290.0,1324.0,1191.1,1225.75,1247.0,1240.0,1533.0,372.0,1394,1728668.2
2009-10-20,1249.0,1275.0,1241.0,1240.0,1270.0,1262.5,1533.0,372.0,1174,1482555.75
2009-10-21,1287.8,1287.8,1246.0,1262.5,1246.0,1250.25,1533.0,372.0,529,663770.9
2009-10-22,1273.95,1275.0,1250.0,1250.25,1255.0,1263.45,1533.0,372.0,1949,2470020.95
2009-10-23,1256.15,1270.0,1240.0,1263.45,1252.0,1252.95,1533.0,372.0,1601,2018805.15
2009-10-26,1269.95,1277.0,1252.05,1252.95,1260.2,1260.1,1533.0,372.0,1456,1847645.4
2009-10-27,1260.0,1277.95,1221.1,1260.1,1235.0,1232.7,1533.0,372.0,1442,1804117.65
2009-10-28,1246.95,1250.0,1225.0,1232.7,1235.0,1242.35,1533.0,372.0,407,504869.05
2009-10-29,1230.0,1230.0,1200.0,1242.35,1216.0,1212.55,1533.0,372.0,471,570146.2
2009-10-30,1220.0,1250.0,1190.0,1212.55,1210.0,1201.25,1533.0,372.0,362,439002.9
2009-11-03,1210.0,1227.0,1150.0,1201.25,1150.0,1152.2,1533.0,582.0,274,323740.2
2009-11-04,1154.15,1199.7,1150.0,1152.2,1159.6,1155.0,1533.0,582.0,455,527710.75
2009-11-05,1194.0,1194.0,1021.0,1155.0,1118.0,1113.55,1533.0,582.0,2622,2858381.9
2009-11-06,1192.8,1245.0,1129.0,1113.55,1210.0,1207.45,1533.0,582.0,1682,2001073.7
2009-11-09,1200.0,1250.1,1200.0,1207.45,1240.0,1243.65,1533.0,582.0,1842,2260438.45
2009-11-10,1245.0,1282.95,1211.0,1243.65,1212.3,1213.7,1533.0,582.0,752,943702.75
2009-11-11,1219.0,1219.0,1205.0,1213.7,1210.0,1210.0,1533.0,582.0,601,728625.4
2009-11-12,1200.5,1250.0,1200.5,1210.0,1229.0,1229.15,1533.0,582.0,566,697468.5
2009-11-13,1248.95,1249.0,1231.0,1229.15,1244.0,1238.75,1533.0,582.0,147,182576.45
2009-11-16,1236.0,1243.9,1212.0,1238.75,1224.0,1223.7,1533.0,582.0,114,139392.55
2009-11-17,1205.0,1221.7,1195.1,1223.7,1200.0,1200.0,1533.0,582.0,489,590017.65
2009-11-18,1214.95,1215.0,1195.1,1200.0,1203.0,1200.75,1533.0,582.0,228,273980.3
2009-11-19,1176.5,1202.5,1176.5,1200.75,1190.0,1194.25,1533.0,582.0,345,411868.8
2009-11-20,1200.0,1210.0,1160.3,1194.25,1204.9,1199.85,1533.0,582.0,581,691275.95
2009-11-23,1200.0,1200.0,1178.0,1199.85,1195.85,1189.4,1533.0,582.0,1242,1475696.25
2009-11-24,1201.0,1235.0,1175.0,1189.4,1234.1,1221.45,1533.0,582.0,1016,1229814.35
2009-11-25,1240.0,1330.0,1220.0,1221.45,1235.0,1229.6,1533.0,582.0,1061,1319003.85
2009-11-26,1248.8,1248.8,1180.0,1229.6,1206.0,1206.0,1533.0,582.0,229,275654.5
2009-11-27,1164.05,1199.9,1163.0,1206.0,1182.0,1180.9,1533.0,582.0,133,157191.25
2009-11-30,1250.0,1250.0,1195.0,1180.9,1201.0,1196.9,1533.0,582.0,1051,1287632.4
2009-12-01,1248.0,1248.0,1198.0,1196.9,1198.0,1202.5,1533.0,582.0,367,445907.95
2009-12-02,1229.9,1230.0,1186.0,1202.5,1190.05,1190.05,1533.0,582.0,449,545718.25
2009-12-03,1180.0,1225.0,1160.05,1190.05,1199.95,1183.65,1533.0,582.0,644,773731.65
2009-12-04,1199.95,1222.0,1172.3,1183.65,1222.0,1216.95,1533.0,582.0,790,948683.95
2009-12-07,1217.0,1217.0,1108.65,1216.95,1212.0,1209.1,1533.0,582.0,464,550096.35
2009-12-08,1247.95,1248.0,1200.0,1209.1,1201.0,1209.65,1533.0,582.0,496,600228.45
2009-12-09,1215.9,1215.9,1195.0,1209.65,1196.0,1195.25,1533.0,582.0,334,400522.7
2009-12-10,1196.15,1214.95,1196.15,1195.25,1205.0,1205.0,1533.0,582.0,329,396456.35
2009-12-11,1215.0,1224.95,1200.0,1205.0,1215.0,1208.3,1533.0,582.0,393,477792.9
2009-12-14,1215.0,1215.0,1180.05,1208.3,1208.0,1207.75,1533.0,582.0,116,139821.0
2009-12-15,1209.0,1219.95,1200.0,1207.75,1200.0,1201.5,1533.0,582.0,1021,1228669.85
2009-12-16,1200.0,1212.0,1190.0,1201.5,1208.0,1204.9,1533.0,582.0,192,230151.95
2009-12-17,1205.0,1229.9,1202.1,1204.9,1202.1,1204.25,1533.0,582.0,312,375989.75
2009-12-18,1229.9,1229.9,1200.0,1204.25,1217.95,1217.95,1533.0,582.0,254,309354.95
2009-12-21,1208.0,1220.0,1201.0,1217.95,1201.0,1201.2,1533.0,582.0,277,333640.55
2009-12-22,1201.0,1204.0,1193.0,1201.2,1193.55,1193.95,1533.0,582.0,340,407751.8
2009-12-23,1200.0,1217.0,1200.0,1193.95,1205.0,1205.0,1533.0,582.0,523,629796.95
2009-12-24,1209.0,1209.0,1192.0,1205.0,1192.0,1195.95,1533.0,582.0,370,444413.5
2009-12-29,1202.0,1215.0,1192.0,1195.95,1213.85,1201.5,1533.0,582.0,1230,1476713.9
2009-12-30,1201.0,1216.0,1195.0,1201.5,1210.0,1210.0,1533.0,582.0,298,358970.95
2009-12-31,1222.0,1222.0,1195.05,1210.0,1201.5,1204.5,1533.0,582.0,1073,1298343.6
2010-01-04,1200.0,1252.0,1198.0,1204.5,1224.0,1218.3,1533.0,582.0,7135,8667952.95
2010-01-05,1249.0,1365.0,1225.0,1218.3,1286.0,1285.0,1533.0,582.0,40290,52507035.1
2010-01-06,1309.9,1360.0,1260.0,1285.0,1269.0,1270.7,1533.0,582.0,10946,14460280.15
2010-01-07,1310.0,1330.0,1266.0,1270.7,1268.0,1288.75,1533.0,582.0,3950,5134867.35
2010-01-08,1326.4,1339.95,1285.0,1288.75,1300.0,1295.8,1533.0,582.0,3637,4730318.35
2010-01-11,1300.0,1311.9,1270.25,1295.8,1270.25,1278.6,1533.0,582.0,2534,3280453.25
2010-01-12,1290.0,1296.0,1251.45,1278.6,1265.0,1265.2,1533.0,582.0,1015,1298149.7
2010-01-13,1252.0,1285.0,1251.2,1265.2,1266.2,1272.25,1533.0,582.0,791,999762.6
2010-01-14,1256.0,1284.0,1255.0,1272.25,1255.0,1258.5,1533.0,582.0,525,666579.8
2010-01-15,1247.1,1280.0,1230.0,1258.5,1265.1,1264.45,1533.0,582.0,3445,4341476.5
2010-01-18,1261.0,1310.0,1250.0,1264.45,1263.0,1264.8,1533.0,582.0,719,915170.85
2010-01-19,1262.0,1309.0,1245.5,1264.8,1256.0,1256.55,1533.0,582.0,1540,1975911.3
2010-01-20,1275.0,1295.0,1250.0,1256.55,1295.0,1281.0,1533.0,582.0,1549,1962728.05
2010-01-21,1287.0,1287.0,1215.0,1281.0,1220.0,1220.65,1533.0,582.0,1932,2386189.35
2010-01-22,1215.05,1235.0,1200.0,1220.65,1211.1,1215.35,1533.0,582.0,620,754178.2
2010-01-25,1210.0,1225.0,1210.0,1215.35,1212.05,1214.1,1533.0,582.0,889,1078488.2
2010-01-27,1173.0,1218.9,1172.0,1214.1,1200.0,1189.75,1533.0,582.0,1406,1682988.55
2010-01-28,1210.0,1210.0,1180.0,1189.75,1180.0,1189.7,1533.0,582.0,512,607275.4
2010-01-29,1180.0,1185.0,1120.0,1189.7,1137.0,1155.85,1533.0,582.0,3202,3672446.15
2010-02-01,1179.0,1219.5,1151.1,1155.85,1213.0,1204.75,1533.0,582.0,3212,3849914.4
2010-02-02,1220.0,1225.0,1192.05,1204.75,1201.0,1203.85,1533.0,582.0,1040,1254107.75
2010-02-03,1186.8,1208.85,1185.0,1203.85,1202.0,1202.0,1533.0,582.0,104,124229.35
2010-02-04,1172.0,1200.0,1158.0,1202.0,1178.0,1173.9,1533.0,582.0,760,897342.55
2010-02-05,1160.0,1185.0,1127.0,1173.9,1151.0,1157.3,1533.0,582.0,636,735603.6
2010-02-06,1190.0,1190.0,1142.0,1157.3,1142.0,1165.3,1533.0,582.0,151,175972.0
2010-02-08,1200.0,1200.0,1151.05,1165.3,1155.0,1155.0,1533.0,582.0,66,76750.2
2010-02-09,1155.0,1191.0,1143.8,1155.0,1150.0,1151.1,1533.0,582.0,315,363435.8
2010-02-10,1135.1,1175.0,1135.1,1151.1,1154.5,1146.2,1533.0,582.0,608,697171.7
2010-02-11,1154.0,1160.0,1140.0,1146.2,1146.0,1142.5,1533.0,582.0,313,359951.35
2010-02-15,1136.05,1167.9,1136.05,1142.5,1140.0,1149.45,1533.0,582.0,138,157971.2
2010-02-16,1145.0,1153.9,1144.0,1149.45,1144.0,1146.5,1533.0,582.0,94,107775.8
2010-02-17,1130.55,1168.3,1130.55,1146.5,1152.0,1153.5,1533.0,582.0,219,252474.3
2010-02-18,1151.0,1173.95,1100.1,1153.5,1138.9,1137.6,1533.0,582.0,829,939236.55
2010-02-19,1145.4,1145.4,1102.0,1137.6,1110.0,1110.0,1533.0,582.0,473,528665.15
2010-02-22,1134.0,1180.0,1104.0,1110.0,1105.0,1104.65,1533.0,582.0,510,568630.05
2010-02-23,1110.0,1110.0,1090.0,1104.65,1097.0,1097.0,1533.0,582.0,866,949715.65
2010-02-24,1152.0,1152.0,1079.0,1097.0,1116.8,1116.6,1533.0,582.0,429,481245.05
2010-02-25,1097.0,1139.0,1085.0,1116.6,1090.0,1096.4,1533.0,582.0,555,609265.95
2010-02-26,1100.0,1100.0,1075.0,1096.4,1075.0,1083.5,1533.0,582.0,490,533450.95
2010-03-02,1055.0,1084.4,1010.05,1083.5,1071.0,1071.15,1533.0,582.0,363,388444.2
2010-03-03,1075.0,1110.0,1010.0,1071.15,1076.9,1065.95,1533.0,582.0,3709,4007726.6
2010-03-04,1096.0,1096.0,1072.0,1065.95,1084.0,1083.95,1533.0,582.0,333,360101.4
2010-03-05,1083.0,1219.9,1080.0,1083.95,1118.0,1108.3,1533.0,582.0,2138,2351965.25
2010-03-08,1119.0,1120.0,1090.0,1108.3,1090.0,1098.05,1533.0,606.0,1123,1245088.4
2010-03-09,1100.0,1125.45,1059.0,1098.05,1059.0,1060.25,1533.0,606.0,5940,6478276.9
2010-03-10,1080.0,1086.7,1051.0,1060.25,1065.0,1061.75,1533.0,606.0,1003,1065508.45
2010-03-11,1075.0,1075.0,1030.0,1061.75,1030.0,1035.9,1533.0,606.0,719,749074.2
2010-03-12,1025.25,1047.0,999.95,1035.9,1002.0,1001.15,1533.0,606.0,4626,4686064.2
2010-03-15,1015.0,1015.0,970.05,1001.15,980.0,976.3,1533.0,606.0,1047,1037075.55
2010-03-16,982.0,999.95,925.0,976.3,950.0,953.45,1533.0,606.0,5835,5553973.2
2010-03-17,957.0,960.0,905.0,953.45,910.0,908.95,1533.0,606.0,9019,8395356.75
2010-03-18,948.0,948.0,906.0,908.95,920.0,922.15,1533.0,606.0,6858,6304828.6
2010-03-19,920.0,920.0,910.0,922.15,915.0,912.45,1533.0,606.0,1190,1089222.85
2010-03-22,920.0,929.15,906.0,912.45,915.0,914.1,1533.0,625.0,14776,13517553.95
2010-03-23,906.0,925.0,906.0,914.1,914.0,910.4,1533.0,625.0,541,493613.75
2010-03-25,939.85,939.85,905.5,910.4,909.0,909.55,1533.0,625.0,529,480053.4
2010-03-26,905.0,915.0,905.0,909.55,908.0,906.35,1533.0,625.0,599,542873.65
2010-03-29,906.35,912.0,905.0,906.35,905.0,905.0,1533.0,650.0,313,284204.4
2010-03-30,882.7,910.0,882.1,905.0,900.0,900.65,1533.0,650.0,498,448198.1
2010-03-31,900.0,915.0,900.0,900.65,910.0,902.5,1533.0,650.0,635,575700.95
2010-04-01,915.0,915.0,905.0,902.5,915.0,915.0,1533.0,650.0,8231,7490251.0
2010-04-05,915.0,930.0,910.0,915.0,915.0,911.85,1533.0,670.0,528,481629.25
2010-04-06,920.0,920.0,911.1,911.85,915.0,915.0,1533.0,670.0,202,184847.2
2010-04-07,910.05,916.95,901.0,915.0,901.9,905.0,1533.0,670.0,1673,1528044.5
2010-04-08,905.0,915.0,901.0,905.0,912.0,910.95,1533.0,670.0,467,423191.0
2010-04-09,971.0,971.0,905.0,910.95,915.0,912.85,1533.0,670.0,744,681539.55
2010-04-12,964.95,964.95,905.0,912.85,905.0,905.15,1533.0,720.0,3689,3350184.0
2010-04-13,906.0,914.0,890.0,905.15,900.0,900.2,1533.0,720.0,3622,3258610.55
2010-04-15,925.0,930.15,900.05,900.2,905.0,906.95,1533.0,720.0,1275,1162792.2
2010-04-16,927.0,927.95,900.0,906.95,900.0,902.65,1533.0,720.0,934,849410.65
2010-04-19,900.0,918.0,885.05,902.65,911.0,893.0,1533.0,720.0,777,699484.7
2010-04-20,901.0,912.0,895.1,893.0,903.95,897.05,1533.0,720.0,152,137322.2
2010-04-21,880.5,905.8,880.5,897.05,900.0,897.15,1533.0,720.0,171,153065.8
2010-04-22,880.5,913.0,880.5,897.15,896.05,897.3,1533.0,720.0,548,494556.1
2010-04-23,886.1,894.0,885.0,897.3,890.0,889.65,1533.0,720.0,814,723980.3
2010-04-26,888.05,911.55,887.0,889.65,897.0,896.5,1533.0,720.0,1905,1711838.55
2010-04-27,887.2,906.5,884.0,896.5,899.9,891.0,1533.0,720.0,1663,1488822.3
2010-04-28,890.1,890.1,866.5,891.0,874.1,875.25,1533.0,720.0,1188,1037985.4
2010-04-29,867.0,895.65,867.0,875.25,889.5,889.0,1533.0,720.0,163,143869.6
2010-04-30,890.0,890.0,875.0,889.0,878.0,881.7,1533.0,720.0,1046,918405.85
2010-05-03,870.0,879.85,866.5,881.7,868.1,872.9,1533.0,743.15,180,157210.1
2010-05-04,894.5,920.0,876.0,872.9,910.0,901.95,1533.0,743.15,3416,3074555.65
2010-05-05,902.5,905.0,887.5,901.95,900.0,900.95,1533.0,743.15,743,669208.05
2010-05-06,900.0,928.0,900.0,900.95,913.75,910.85,1533.0,743.15,294,265175.4
2010-05-07,900.0,909.0,900.0,910.85,907.0,906.85,1533.0,743.15,352,318001.7
2010-05-10,890.0,909.5,882.0,906.85,905.0,904.5,1533.0,743.15,120,106370.5
2010-05-11,918.95,918.95,888.0,904.5,912.0,902.55,1533.0,743.15,176,158634.05
2010-05-12,966.0,966.0,880.0,902.55,894.9,882.05,1533.0,743.15,404,361626.8
2010-05-13,897.9,909.0,893.1,882.05,899.35,903.45,1533.0,743.15,119,107404.35
2010-05-14,890.0,910.0,880.0,903.45,880.05,883.55,1533.0,743.15,396,352372.6
2010-05-17,875.0,977.0,875.0,883.55,932.0,939.05,1533.0,820.0,3482,3273525.9
2010-05-18,939.05,949.5,908.0,939.05,938.7,930.1,1533.0,820.0,715,668661.05
2010-05-19,906.5,928.0,897.0,930.1,897.0,897.0,1533.0,820.0,51,46162.5
2010-05-20,938.0,938.0,888.25,897.0,892.05,892.05,1533.0,820.0,264,236592.8
2010-05-21,955.0,955.0,871.0,892.05,878.1,880.2,1533.0,820.0,274,240680.75
2010-05-24,888.05,920.0,871.1,880.2,871.1,873.7,1533.0,866.5,367,323330.25
2010-05-25,967.0,967.0,867.0,873.7,900.0,890.1,1533.0,866.5,258,226891.5
2010-05-26,866.5,899.95,866.5,890.1,875.0,876.1,1533.0,866.5,258,226870.7
2010-05-27,875.1,894.0,865.0,876.1,894.0,887.6,1533.0,865.0,4347,3807471.25
2010-05-28,900.0,910.0,880.05,887.6,897.0,901.0,1533.0,865.0,778,699306.0
2010-05-31,938.0,938.0,892.0,901.0,909.0,905.2,1533.0,865.0,456,416285.25
2010-06-01,915.0,919.0,892.0,905.2,892.0,892.55,1533.0,865.0,82,74210.1
2010-06-02,905.2,905.2,868.0,892.55,877.95,871.55,1533.0,865.0,2131,1880404.05
2010-06-03,875.0,880.0,873.0,871.55,875.0,876.45,1533.0,865.0,258,226436.25
2010-06-04,889.95,895.0,862.5,876.45,866.0,872.5,1533.0,862.5,649,568549.7
2010-06-07,890.0,890.0,863.25,872.5,874.0,875.4,1533.0,862.5,24861,21629878.9
2010-06-08,880.0,880.0,855.1,875.4,860.0,861.65,1533.0,855.1,183,158750.9
2010-06-09,874.0,875.0,860.0,861.65,870.0,867.7,1533.0,855.1,138,119327.8
2010-06-10,861.75,875.0,861.0,867.7,868.9,868.95,1533.0,855.1,110,95313.45
2010-06-11,861.3,874.5,861.3,868.95,863.0,862.8,1533.0,855.1,143,123405.65
2010-06-14,863.0,884.9,861.0,862.8,880.0,882.55,1533.0,855.1,378,332575.55
2010-06-15,854.0,934.0,854.0,882.55,888.0,889.55,1533.0,854.0,1119,1015650.65
2010-06-16,890.05,905.0,890.0,889.55,891.0,892.2,1533.0,854.0,424,381136.0
2010-06-17,895.0,903.0,883.25,892.2,889.95,889.3,1533.0,854.0,894,800616.7
2010-06-18,889.3,893.85,871.5,889.3,875.0,876.5,1533.0,854.0,446,391844.85
2010-06-21,877.1,887.7,870.0,876.5,870.3,878.5,1533.0,854.0,538,470618.0
2010-06-22,870.0,880.0,868.0,878.5,871.05,871.05,1533.0,854.0,437,380219.6
2010-06-23,867.0,885.0,865.0,871.05,885.0,883.5,1533.0,854.0,2103,1848159.05
2010-06-24,900.0,900.0,875.0,883.5,876.3,876.3,1533.0,854.0,195,172821.3
2010-06-25,895.0,895.0,872.0,876.3,880.0,879.45,1533.0,854.0,512,449071.45
2010-06-28,880.0,930.0,870.0,879.45,904.95,901.15,1533.0,854.0,11044,10018543.35
2010-06-29,990.0,990.0,880.0,901.15,885.0,889.0,1533.0,854.0,4920,4394691.6
2010-06-30,880.0,885.0,870.0,889.0,870.0,874.85,1533.0,854.0,909,799861.95
2010-07-01,875.0,885.0,865.1,874.85,884.75,876.35,1533.0,854.0,917,807109.15
2010-07-02,885.0,890.0,861.1,876.35,866.0,866.8,1533.0,854.0,1245,1093757.7
2010-07-05,883.0,899.7,875.05,866.8,884.95,882.1,1533.0,854.0,1685,1497288.45
2010-07-06,885.0,885.0,874.0,882.1,875.1,879.75,1533.0,854.0,424,372157.0
2010-07-07,883.95,884.0,871.15,879.75,872.0,880.0,1533.0,854.0,518,455478.35
2010-07-08,885.0,885.0,868.0,880.0,868.0,874.1,1533.0,854.0,988,867542.45
2010-07-09,857.1,910.0,857.1,874.1,886.0,885.05,1533.0,854.0,7600,6811854.85
2010-07-12,889.9,913.0,875.0,885.05,884.9,880.05,1533.0,854.0,1377,1239211.9
2010-07-13,888.0,899.95,881.25,880.05,881.25,883.6,1533.0,854.0,391,348236.85
2010-07-14,881.0,894.0,865.0,883.6,865.0,866.6,1533.0,854.0,1807,1587145.5
2010-07-15,884.8,884.8,870.0,866.6,870.0,873.0,1533.0,854.0,513,447845.3
2010-07-16,878.0,884.6,872.5,873.0,875.05,876.75,1533.0,854.0,592,520221.85
2010-07-19,861.0,886.5,860.0,876.75,881.9,870.05,1533.0,854.0,418,365765.8
2010-07-20,881.5,881.5,850.0,870.05,860.0,855.25,1533.0,850.0,1945,1672556.45
2010-07-21,874.75,877.0,858.0,855.25,862.0,867.7,1533.0,850.0,1036,901343.1
2010-07-22,855.0,890.0,855.0,867.7,870.1,870.85,1533.0,850.0,942,820355.1
2010-07-23,870.05,889.95,870.0,870.85,871.0,875.15,1533.0,850.0,481,423957.5
2010-07-26,870.05,878.95,856.0,875.15,860.0,862.85,1533.0,850.0,466,403107.55
2010-07-27,885.0,892.9,856.05,862.85,865.0,861.35,1533.0,850.0,282,244350.8
2010-07-28,850.0,869.4,835.05,861.35,840.0,844.45,1533.0,835.05,1841,1556905.25
2010-07-29,849.95,850.0,830.2,844.45,835.0,833.5,1533.0,830.2,497,416121.55
2010-07-30,836.1,854.0,829.1,833.5,831.1,835.65,1533.0,829.1,635,531703.5
2010-08-02,835.0,859.95,830.0,835.65,850.0,850.2,1533.0,829.1,1034,871486.1
2010-08-03,840.05,854.5,840.0,850.2,854.0,850.5,1533.0,829.1,400,337778.0
2010-08-04,850.0,855.0,837.15,850.5,837.15,840.55,1533.0,829.1,2820,2382740.55
2010-08-05,840.0,880.0,839.0,840.55,880.0,875.6,1533.0,829.1,51307,44253851.8
2010-08-06,879.95,908.8,871.65,875.6,878.9,878.75,1533.0,829.1,2232,1981296.0
2010-08-09,879.05,908.0,873.0,878.75,884.1,888.15,1533.0,829.1,9320,8201071.2
2010-08-10,867.0,899.5,867.0,888.15,872.0,874.95,1533.0,829.1,2112,1851311.75
2010-08-11,874.5,875.0,860.0,874.95,860.0,861.5,1533.0,829.1,687,595054.85
2010-08-12,854.0,876.5,848.0,861.5,850.0,852.65,1533.0,829.1,1333,1157885.45
2010-08-13,869.8,869.8,855.1,852.65,860.0,858.25,1533.0,829.1,426,367165.9
2010-08-16,862.0,875.0,860.2,858.25,866.0,866.0,1414.7,829.1,989,861054.25
2010-08-17,873.0,875.0,865.1,866.0,871.9,869.75,1414.7,829.1,1260,1097550.7
2010-08-18,861.0,870.0,850.0,869.75,860.0,860.25,1414.7,829.1,805,693246.05
2010-08-19,860.2,868.0,853.0,860.25,855.35,855.5,1414.7,829.1,1358,1166714.2
2010-08-20,831.2,875.0,831.2,855.5,872.0,874.15,1414.7,829.1,1102,962371.45
2010-08-23,870.0,875.0,865.0,874.15,873.5,868.15,1414.7,829.1,1436,1252066.1
2010-08-24,865.1,874.95,860.3,868.15,872.0,868.85,1414.7,829.1,758,658828.4
2010-08-25,872.9,872.9,861.0,868.85,861.0,861.0,1414.7,829.1,645,556922.9
2010-08-26,860.0,863.95,785.15,861.0,860.0,854.85,1414.7,785.15,511,429810.6
2010-08-27,851.1,869.8,851.0,854.85,851.0,851.2,1414.7,785.15,384,327197.6
2010-08-30,842.35,853.8,842.0,851.2,842.0,842.05,1414.7,785.15,188,158562.95
2010-08-31,840.25,857.95,840.25,842.05,850.0,850.0,1414.7,785.15,85,72227.0
2010-09-01,852.0,862.95,843.05,850.0,843.05,845.3,1414.7,785.15,178,150861.85
2010-09-02,866.5,877.5,860.0,845.3,865.0,871.25,1414.7,785.15,5601,4889374.0
2010-09-03,955.0,970.0,872.55,871.25,905.0,906.5,1414.7,785.15,6078,5434952.7
2010-09-06,915.0,915.0,880.0,906.5,904.75,901.85,1365.0,785.15,1306,1175642.0
2010-09-07,900.0,923.5,888.0,901.85,921.0,917.4,1365.0,785.15,2849,2579214.45
2010-09-08,926.1,926.9,901.0,917.4,911.0,914.95,1365.0,785.15,1126,1034890.2
2010-09-09,914.0,914.0,900.6,914.95,908.0,905.3,1365.0,785.15,724,654953.35
2010-09-13,905.3,930.0,890.05,905.3,890.05,894.05,1365.0,785.15,1169,1057785.45
2010-09-14,901.3,909.0,891.3,894.05,892.0,895.3,1365.0,785.15,398,357810.55
2010-09-15,900.0,904.15,885.0,895.3,885.0,888.2,1365.0,785.15,606,539569.75
2010-09-16,880.75,899.5,880.05,888.2,880.05,880.05,1365.0,785.15,362,320093.8
2010-09-17,903.8,903.8,880.05,880.05,885.05,884.9,1365.0,785.15,2151,1910703.75
2010-09-20,909.9,940.0,882.15,884.9,907.05,915.1,1365.0,785.15,3008,2763193.15
2010-09-21,907.2,935.0,885.3,915.1,885.3,887.2,1365.0,785.15,1100,990883.15
2010-09-22,887.4,894.95,873.65,887.2,876.0,883.15,1365.0,785.15,1396,1231931.5
2010-09-23,876.0,889.0,863.3,883.15,873.75,876.6,1365.0,785.15,886,777336.65
2010-09-24,876.1,890.0,875.0,876.6,890.0,890.0,1365.0,785.15,356,313862.3
2010-09-27,875.0,909.5,870.0,890.0,886.1,884.6,1365.0,785.15,2861,2535305.8
2010-09-28,888.0,904.85,885.0,884.6,890.15,894.2,1365.0,785.15,659,590754.2
2010-09-29,906.0,906.0,892.1,894.2,904.9,899.3,1365.0,785.15,1031,923318.25
2010-09-30,896.1,912.0,896.0,899.3,897.0,898.45,1365.0,785.15,467,421693.05
2010-10-01,907.0,914.8,905.1,898.45,910.0,907.8,1365.0,785.15,656,597536.1
2010-10-04,890.3,925.0,890.3,907.8,896.1,898.0,1365.0,785.15,628,570896.05
2010-10-05,891.25,913.8,883.5,898.0,891.9,888.6,1365.0,785.15,729,653230.7
2010-10-06,910.0,910.0,885.15,888.6,903.7,903.7,1365.0,785.15,374,335859.25
2010-10-07,900.15,913.6,885.0,903.7,885.0,889.4,1365.0,785.15,972,875810.6
2010-10-08,886.35,904.5,875.0,889.4,875.0,877.3,1365.0,785.15,808,716779.4
2010-10-11,876.0,909.0,876.0,877.3,885.0,885.6,1365.0,785.15,1398,1252210.7
2010-10-12,881.0,885.95,876.1,885.6,879.0,880.85,1365.0,785.15,403,354960.15
2010-10-13,889.9,898.8,883.3,880.85,895.0,894.8,1365.0,785.15,287,256870.65
2010-10-14,881.55,888.6,881.55,894.8,885.0,884.85,1365.0,785.15,216,191131.75
2010-10-15,752.0,899.8,752.0,884.85,886.65,877.6,1365.0,752.0,417,359494.2
2010-10-18,870.2,879.7,862.9,877.6,875.0,875.0,1365.0,752.0,506,440036.1
2010-10-19,894.9,894.9,871.15,875.0,871.2,874.25,1365.0,752.0,283,248747.85
2010-10-20,872.1,897.0,872.1,874.25,887.8,887.8,1365.0,752.0,916,813512.35
2010-10-21,887.0,889.65,881.0,887.8,881.0,881.9,1365.0,752.0,186,164454.7
2010-10-22,890.3,890.3,870.3,881.9,870.3,872.2,1365.0,752.0,336,294289.25
2010-10-25,870.0,897.0,866.1,872.2,889.7,890.25,1365.0,752.0,755,672338.9
2010-10-26,980.0,980.0,875.1,890.25,880.0,878.1,1365.0,752.0,418,371198.7
2010-10-27,878.0,889.9,878.0,878.1,880.0,880.0,1365.0,752.0,99,87280.15
2010-10-28,870.6,887.0,870.6,880.0,887.0,884.1,1365.0,752.0,139,122719.15
2010-10-29,894.85,894.85,871.1,884.1,873.1,873.1,1365.0,752.0,226,197878.5
2010-11-01,870.0,889.5,868.0,873.1,889.5,880.95,1365.0,752.0,183,160293.95
2010-11-02,892.0,892.0,870.0,880.95,870.0,872.9,1365.0,752.0,138,120734.95
2010-11-03,886.8,889.9,870.0,872.9,870.0,870.85,1365.0,752.0,319,280062.6
2010-11-04,870.1,880.0,866.0,870.85,866.0,869.9,1365.0,752.0,1363,1190515.7
2010-11-05,887.55,887.7,885.0,869.9,887.7,886.0,1365.0,752.0,50,44307.05
2010-11-08,868.1,950.0,868.1,886.0,923.0,921.95,1365.0,752.0,3881,3581556.8
2010-11-09,925.0,974.8,924.8,921.95,935.05,938.55,1365.0,752.0,2965,2819157.0
2010-11-10,930.0,960.0,916.05,938.55,940.0,937.75,1365.0,752.0,1920,1814619.25
2010-11-11,957.95,957.95,915.55,937.75,924.0,921.05,1365.0,752.0,709,662127.55
2010-11-12,924.0,924.0,885.0,921.05,886.1,888.05,1365.0,752.0,1015,910774.6
2010-11-15,895.0,900.0,843.0,888.05,870.05,869.5,1365.0,752.0,1854,1619020.3
2010-11-16,876.0,888.0,860.1,869.5,878.0,871.3,1365.0,752.0,1206,1049657.75
2010-11-18,864.15,882.0,860.0,871.3,872.05,872.55,1365.0,752.0,699,605572.0
2010-11-19,872.55,878.0,861.0,872.55,861.0,862.45,1365.0,752.0,575,499423.65
2010-11-22,870.0,870.1,859.1,862.45,860.0,860.0,1365.0,752.0,470,406567.6
2010-11-23,851.0,884.95,851.0,860.0,856.5,860.8,1365.0,752.0,538,464766.1
2010-11-24,852.0,873.7,825.55,860.8,834.0,838.35,1365.0,752.0,2054,1746890.35
2010-11-25,859.9,859.9,832.2,838.35,837.0,840.55,1365.0,752.0,909,769858.15
2010-11-26,840.0,857.9,820.0,840.55,834.0,824.65,1365.0,752.0,894,742401.1
2010-11-29,839.0,898.0,830.0,824.65,850.0,847.0,1365.0,752.0,1186,996493.9
2010-11-30,849.9,850.1,835.0,847.0,835.0,839.55,1365.0,752.0,831,701133.7
2010-12-01,854.9,860.0,837.0,839.55,854.0,850.65,1365.0,752.0,726,615399.8
2010-12-02,862.75,877.35,850.0,850.65,850.0,851.5,1365.0,752.0,643,551272.45
2010-12-03,855.9,859.0,820.0,851.5,822.1,823.6,1365.0,752.0,1057,880180.25
2010-12-06,840.0,846.85,831.15,823.6,835.0,835.0,1365.0,752.0,1017,850524.85
2010-12-07,840.0,843.05,830.0,835.0,835.0,835.0,1365.0,752.0,310,258608.35
2010-12-08,821.6,834.9,820.0,835.0,825.0,825.0,1365.0,752.0,404,333053.5
2010-12-09,828.0,843.0,800.55,825.0,804.9,804.0,1365.0,752.0,931,770231.35
2010-12-10,810.0,822.85,802.0,804.0,813.1,814.65,1365.0,752.0,247,200778.25
2010-12-13,837.45,855.0,826.3,814.65,842.1,848.9,1365.0,752.0,473,400120.35
2010-12-14,830.0,860.0,830.0,848.9,840.0,840.0,1365.0,752.0,540,458844.25
2010-12-15,858.0,859.95,841.1,840.0,857.75,854.6,1365.0,752.0,460,392214.25
2010-12-16,870.0,880.0,857.0,854.6,875.3,874.15,1365.0,752.0,24930,21568070.1
2010-12-20,880.0,885.0,870.0,874.15,870.0,871.4,1365.0,752.0,24513,21451817.35
2010-12-21,889.9,895.0,880.0,871.4,885.0,886.15,1365.0,752.0,1608,1425104.35
2010-12-22,885.0,897.95,885.0,886.15,893.85,888.4,1365.0,752.0,206,182515.4
2010-12-23,905.9,905.9,875.55,888.4,894.0,894.0,1365.0,752.0,633,565064.6
2010-12-24,886.5,907.0,885.5,894.0,900.0,899.65,1365.0,752.0,535,481585.9
2010-12-27,919.95,919.95,875.05,899.65,892.5,890.15,1365.0,752.0,2696,2438377.85
2010-12-28,892.5,895.2,868.0,890.15,874.8,873.7,1365.0,752.0,1186,1036523.35
2010-12-29,880.5,887.5,870.0,873.7,875.0,872.75,1365.0,752.0,1167,1025938.65
2010-12-30,874.0,875.0,865.0,872.75,866.5,867.0,1365.0,752.0,518,451189.4
2010-12-31,858.0,879.7,858.0,867.0,860.0,864.65,1365.0,752.0,2641,2290422.2
2011-01-03,861.1,872.4,853.6,864.65,863.0,864.0,1365.0,752.0,772,666948.8
2011-01-04,869.9,885.9,861.55,864.0,862.15,863.9,1365.0,752.0,996,870657.7
2011-01-05,870.0,889.0,820.5,863.9,837.9,837.7,1365.0,752.0,3097,2635367.3
2011-01-06,845.15,849.95,841.5,837.7,849.95,847.55,1365.0,752.0,612,517869.7
2011-01-07,832.15,842.95,820.0,847.55,820.55,834.1,1365.0,752.0,1247,1041076.8
2011-01-10,820.0,825.0,805.55,834.1,805.55,813.95,1311.9,752.0,2071,1695659.55
2011-01-11,871.0,871.0,800.0,813.95,801.0,803.0,1311.9,752.0,395,319151.75
2011-01-12,796.25,810.0,777.7,803.0,797.0,791.25,1311.9,752.0,802,633448.95
2011-01-13,800.0,802.9,783.85,791.25,785.55,785.4,1311.9,752.0,542,427502.75
2011-01-14,790.1,800.0,780.0,785.4,782.5,790.45,1311.9,752.0,334,263784.65
2011-01-17,790.0,799.0,780.0,790.45,798.0,788.25,1310.0,752.0,70,55439.1
2011-01-18,797.9,797.9,778.25,788.25,779.0,782.3,1310.0,752.0,56,43915.45
2011-01-19,781.5,790.0,756.4,782.3,763.0,776.25,1310.0,752.0,241,186001.6
2011-01-20,772.0,780.0,770.5,776.25,772.0,772.05,1310.0,752.0,37,28586.7
2011-01-21,761.0,789.5,761.0,772.05,785.0,786.3,1310.0,752.0,262,202550.05
2011-01-24,780.0,788.0,772.0,786.3,784.0,777.2,1225.0,752.0,399,310751.05
2011-01-25,774.2,930.0,774.2,777.2,776.2,776.5,1225.0,752.0,2424,1973709.95
2011-01-27,777.0,777.0,755.0,776.5,755.0,757.6,1225.0,752.0,668,509763.8
2011-01-28,752.4,778.7,725.0,757.6,727.0,730.85,1225.0,725.0,743,555928.05
2011-01-31,720.0,740.0,702.0,730.85,702.0,708.85,1225.0,702.0,923,659410.75
2011-02-01,715.0,715.0,696.0,708.85,696.0,698.15,1225.0,696.0,403,283897.45
2011-02-02,691.0,701.0,690.1,698.15,700.0,700.0,1225.0,690.1,292,203863.55
2011-02-03,693.0,712.5,693.0,700.0,712.5,707.5,1225.0,690.1,335,237157.25
2011-02-04,700.05,710.0,697.0,707.5,697.0,698.8,1225.0,690.1,554,388028.25
2011-02-07,698.8,700.0,682.0,698.8,685.0,685.7,1219.9,682.0,571,394128.5
2011-02-08,705.0,705.0,665.0,685.7,665.5,665.65,1219.9,665.0,568,382207.4
2011-02-09,654.0,686.8,654.0,665.65,674.95,669.5,1219.9,654.0,307,205678.15
2011-02-10,695.8,715.0,640.0,669.5,678.0,681.7,1219.9,640.0,1588,1094655.75
2011-02-11,685.1,699.9,651.0,681.7,653.85,660.85,1219.9,640.0,1255,841485.1
2011-02-14,670.0,697.95,660.1,660.85,691.9,686.85,1219.9,640.0,484,329989.7
2011-02-15,686.0,690.0,670.1,686.85,671.5,677.25,1219.9,640.0,205,140175.65
2011-02-16,670.7,692.0,670.6,677.25,690.9,684.2,1219.9,640.0,85,58436.05
2011-02-17,690.0,695.0,672.75,684.2,673.0,674.75,1219.9,640.0,508,347619.25
2011-02-18,673.1,690.0,673.1,674.75,678.05,688.15,1219.9,640.0,553,376934.7
2011-02-21,682.0,689.7,665.0,688.15,665.0,665.0,1219.9,640.0,53,35899.3
2011-02-22,679.9,694.9,670.0,665.0,670.0,679.1,1219.9,640.0,95,64547.65
2011-02-23,689.0,689.0,653.5,679.1,679.0,677.8,1219.9,640.0,736,496929.2
2011-02-24,689.0,690.0,662.0,677.8,669.5,669.5,1219.9,640.0,638,427387.2
2011-02-25,669.0,675.0,662.0,669.5,662.0,662.0,1219.9,640.0,199,132353.8
2011-02-28,677.9,678.0,649.6,662.0,649.6,650.0,1219.9,640.0,458,301616.65
2011-03-01,635.0,664.95,635.0,650.0,662.0,651.1,1219.9,635.0,743,483830.55
2011-03-03,669.9,669.9,645.0,651.1,654.0,649.75,1219.9,635.0,227,147563.5
2011-03-04,660.0,660.0,643.0,649.75,643.0,646.4,1219.9,635.0,57,37088.25
2011-03-07,637.0,649.9,602.0,646.4,603.25,608.55,1125.45,602.0,2382,1466572.85
2011-03-08,617.1,625.0,610.0,608.55,625.0,624.7,1125.45,602.0,754,462180.05
2011-03-09,647.9,647.9,620.55,624.7,628.8,620.85,1125.45,602.0,366,230550.35
2011-03-10,644.0,644.0,612.9,620.85,636.45,628.3,1125.45,602.0,466,290803.65
2011-03-11,648.0,648.0,622.0,628.3,622.0,624.7,1125.45,602.0,934,582939.2
2011-03-14,660.0,660.0,610.35,624.7,622.05,622.4,1015.0,602.0,908,567481.0
2011-03-15,619.0,625.0,610.0,622.4,620.0,620.1,1015.0,602.0,187,116162.5
2011-03-16,624.1,627.95,611.0,620.1,611.0,614.2,1015.0,602.0,768,473947.15
2011-03-17,618.05,626.8,615.0,614.2,616.05,625.0,1015.0,602.0,345,213892.15
2011-03-18,616.0,654.3,594.0,625.0,600.25,606.45,1015.0,594.0,1511,920536.35
2011-03-21,600.0,614.5,600.0,606.45,609.0,609.0,990.0,594.0,179,108695.5
2011-03-22,620.05,629.95,576.0,609.0,614.0,612.3,990.0,576.0,1721,1057011.05
2011-03-23,635.0,635.0,599.0,612.3,599.0,602.45,990.0,576.0,2697,1646075.95
2011-03-24,615.0,623.9,597.0,602.45,607.0,607.45,990.0,576.0,49349,29962554.6
2011-03-25,611.0,611.0,602.05,607.45,605.0,605.0,990.0,576.0,292,176400.75
2011-03-28,605.0,620.8,589.95,605.0,590.0,593.55,990.0,576.0,16423,9923771.05
2011-03-29,595.0,595.0,574.85,593.55,580.0,580.0,990.0,574.85,10892,6360665.25
2011-03-30,590.0,590.0,566.0,580.0,566.0,574.35,990.0,566.0,4222,2452152.45
2011-03-31,574.1,587.95,574.1,574.35,587.65,581.3,990.0,566.0,1302,759330.1
2011-04-01,617.9,617.9,582.0,581.3,600.0,599.9,990.0,566.0,1670,992275.85
2011-04-04,614.9,615.0,600.0,599.9,615.0,613.0,990.0,566.0,601,367972.8
2011-04-05,610.0,628.9,605.2,613.0,617.0,618.35,990.0,566.0,1478,911844.55
2011-04-06,630.1,634.85,608.05,618.35,610.0,610.05,990.0,566.0,1436,885143.95
2011-04-07,618.7,620.0,617.0,610.05,618.6,618.05,990.0,566.0,420,260149.95
2011-04-08,625.0,625.0,591.6,618.05,600.0,599.75,990.0,566.0,953,576650.3
2011-04-11,611.95,611.95,590.75,599.75,600.0,598.05,990.0,566.0,106,63532.85
2011-04-13,608.0,609.0,588.0,598.05,588.0,590.1,990.0,566.0,751,444271.05
2011-04-15,596.9,599.7,585.9,590.1,591.55,592.75,990.0,566.0,740,439357.4
2011-04-18,624.95,624.95,578.2,592.75,580.0,578.8,990.0,566.0,2325,1361242.85
2011-04-19,577.7,585.0,572.0,578.8,575.0,574.35,990.0,566.0,1903,1096889.2
2011-04-20,597.9,597.9,568.0,574.35,575.0,576.7,990.0,566.0,2490,1432716.15
2011-04-21,575.0,584.9,562.0,576.7,567.0,569.75,990.0,562.0,2491,1429333.85
2011-04-25,585.0,585.0,565.0,569.75,568.85,569.3,990.0,562.0,2344,1337550.5
2011-04-26,568.85,578.9,562.0,569.3,570.0,570.0,990.0,562.0,1386,791774.9
2011-04-27,580.0,580.0,560.0,570.0,563.0,564.15,990.0,560.0,1503,854942.35
2011-04-28,587.95,587.95,566.1,564.15,574.0,573.2,990.0,560.0,235,134617.75
2011-04-29,574.0,579.0,570.25,573.2,574.65,571.65,990.0,560.0,202,115901.5
2011-05-02,574.0,574.0,569.5,571.65,572.95,572.7,990.0,560.0,484,276570.9
2011-05-03,568.5,579.75,555.5,572.7,559.95,556.8,990.0,555.5,1778,996503.5
2011-05-04,555.55,570.0,550.0,556.8,553.5,553.9,990.0,550.0,1421,787221.3
2011-05-05,584.0,584.0,552.0,553.9,569.85,564.6,990.0,550.0,3668,2071299.05
2011-05-06,575.0,575.0,562.0,564.6,572.95,570.15,990.0,550.0,139,79179.4
2011-05-09,579.15,579.15,566.1,570.15,570.0,570.0,990.0,550.0,361,206311.1
2011-05-10,562.05,578.0,562.05,570.0,573.95,566.8,990.0,550.0,393,223576.1
2011-05-11,560.1,575.0,552.0,566.8,560.0,560.0,990.0,550.0,529,298244.0
2011-05-12,551.1,570.0,551.1,560.0,561.85,561.35,990.0,550.0,1500,834563.5
2011-05-13,556.0,570.0,556.0,561.35,562.05,566.3,990.0,550.0,343,193286.6
2011-05-16,560.0,560.0,553.0,566.3,554.0,554.0,990.0,550.0,102,56887.15
2011-05-17,575.0,575.0,553.1,554.0,558.6,553.6,990.0,550.0,139,77160.75
2011-05-18,548.0,558.95,547.0,553.6,551.0,555.7,990.0,547.0,135,74573.25
2011-05-19,551.0,559.95,545.0,555.7,546.5,548.4,990.0,545.0,392,215847.8
2011-05-20,563.0,563.0,523.3,548.4,541.0,540.6,990.0,523.3,1794,963247.55
2011-05-23,546.0,550.0,535.0,540.6,535.0,536.8,990.0,523.3,286,154415.15
2011-05-24,542.0,543.0,540.0,536.8,540.05,540.1,990.0,523.3,301,162776.6
2011-05-25,540.0,559.45,540.0,540.1,547.15,549.05,990.0,523.3,419,229980.1
2011-05-26,565.6,565.6,548.0,549.05,549.0,549.15,990.0,523.3,116,63900.55
2011-05-27,549.0,560.0,549.0,549.15,560.0,559.15,990.0,523.3,128,71231.65
2011-05-30,570.0,570.0,564.9,559.15,570.0,567.05,990.0,523.3,1042,592863.7
2011-05-31,569.95,580.0,560.0,567.05,570.0,565.0,990.0,523.3,383,218194.45
2011-06-01,561.1,561.1,559.95,565.0,561.05,561.05,990.0,523.3,442,247799.0
2011-06-02,561.05,580.0,561.05,561.05,570.6,575.75,990.0,523.3,405,232485.95
2011-06-03,574.5,580.05,574.5,575.75,580.05,578.15,990.0,523.3,144,83339.3
2011-06-06,580.0,580.0,566.0,578.15,568.0,576.85,980.0,523.3,50,28688.75
2011-06-08,580.0,589.95,570.0,576.85,575.0,570.4,980.0,523.3,295,170151.45
2011-06-09,561.45,589.95,561.45,570.4,582.2,587.05,980.0,523.3,529,306606.3
2011-06-10,575.35,588.0,575.35,587.05,576.25,576.3,980.0,523.3,128,74041.6
2011-06-13,571.6,571.6,556.0,576.3,564.5,561.6,980.0,523.3,1404,788557.95
2011-06-14,557.0,571.0,557.0,561.6,562.1,562.2,980.0,523.3,197,110534.4
2011-06-15,560.0,571.0,559.05,562.2,571.0,563.75,980.0,523.3,203,114237.3
2011-06-16,571.0,571.0,558.0,563.75,565.0,564.55,980.0,523.3,148,83170.75
2011-06-17,556.0,572.0,555.35,564.55,561.4,561.4,980.0,523.3,101,56700.85
2011-06-20,589.0,589.0,540.0,561.4,548.0,544.4,980.0,523.3,427,234868.05
2011-06-21,544.1,550.0,536.0,544.4,536.0,537.6,980.0,523.3,260,139899.5
2011-06-22,557.9,557.9,537.4,537.6,539.5,542.8,980.0,523.3,109,59334.25
2011-06-23,543.0,550.0,536.4,542.8,540.0,539.85,980.0,523.3,711,383609.95
2011-06-24,559.95,559.95,545.2,539.85,554.95,550.15,980.0,523.3,176,97250.35
2011-06-27,564.95,564.95,545.45,550.15,550.05,550.05,980.0,523.3,12,6745.0
2011-06-28,545.05,555.0,545.0,550.05,545.0,549.95,980.0,523.3,65,35655.9
2011-06-29,564.35,572.0,560.0,549.95,568.0,566.3,974.8,523.3,1329,751878.8
2011-06-30,574.9,579.0,555.0,566.3,556.0,556.75,974.8,523.3,447,249646.3
2011-07-01,580.0,589.4,561.0,556.75,579.0,576.0,930.0,523.3,216,124092.3
2011-07-04,576.0,594.85,575.0,576.0,594.8,593.85,930.0,523.3,827,486790.9
2011-07-05,581.0,597.0,581.0,593.85,590.0,590.65,930.0,523.3,237,140149.0
2011-07-06,599.75,617.0,581.6,590.65,597.05,597.15,930.0,523.3,998,602442.1
2011-07-07,587.1,606.95,587.1,597.15,590.0,596.3,930.0,523.3,442,264448.6
2011-07-08,600.0,608.95,596.0,596.3,601.1,605.9,930.0,523.3,1205,728939.7
2011-07-11,601.35,607.0,595.0,605.9,607.0,605.95,980.0,523.3,81,48797.7
2011-07-12,595.95,610.0,582.0,605.95,590.0,586.0,980.0,523.3,833,494725.2
2011-07-13,596.0,606.0,596.0,586.0,606.0,603.75,980.0,523.3,309,186114.2
2011-07-14,609.95,609.95,593.5,603.75,600.0,597.35,980.0,523.3,534,323292.0
2011-07-15,600.0,601.0,594.6,597.35,601.0,598.0,980.0,523.3,151,90405.75
2011-07-18,608.0,611.6,580.0,598.0,584.0,585.15,980.0,523.3,585,345301.05
2011-07-19,595.0,605.0,590.0,585.15,596.0,600.35,980.0,523.3,926,554548.65
2011-07-20,590.1,609.0,590.1,600.35,606.95,603.85,980.0,523.3,75,45063.65
2011-07-21,600.0,610.0,590.5,603.85,591.0,598.6,980.0,523.3,249,148357.7
2011-07-22,605.0,611.05,600.0,598.6,609.95,605.7,980.0,523.3,318,192842.25
2011-07-25,614.0,615.0,600.0,605.7,600.0,600.5,980.0,523.3,513,310387.85
2011-07-26,600.0,612.0,590.0,600.5,604.0,603.15,980.0,523.3,491,293473.85
2011-07-27,581.3,604.0,581.3,603.15,591.05,594.85,980.0,523.3,372,222095.9
2011-07-28,595.0,603.95,590.1,594.85,599.9,600.0,980.0,523.3,1546,924745.1
2011-07-29,600.0,600.0,580.0,600.0,581.1,581.25,980.0,523.3,582,338070.3
2011-08-01,587.0,590.0,580.3,581.25,590.0,586.85,980.0,523.3,385,225209.6
2011-08-02,585.0,585.0,553.0,586.85,566.05,575.05,980.0,523.3,607,347306.7
2011-08-03,568.0,570.0,551.1,575.05,555.5,556.65,980.0,523.3,678,376447.25
2011-08-04,560.0,590.0,560.0,556.65,570.0,567.0,980.0,523.3,392,224942.25
2011-08-05,557.4,577.0,540.0,567.0,560.0,561.2,980.0,523.3,1069,593733.2
2011-08-08,551.0,556.1,530.0,561.2,530.05,533.2,980.0,523.3,1190,648783.0
2011-08-09,524.25,554.0,524.25,533.2,541.0,536.95,980.0,523.3,123,66512.65
2011-08-10,541.0,555.3,527.0,536.95,527.35,530.3,980.0,523.3,580,309915.8
2011-08-11,530.1,544.75,517.0,530.3,526.05,524.95,980.0,517.0,975,513293.15
2011-08-12,527.1,535.0,521.9,524.95,530.0,528.25,980.0,517.0,198,104474.9
2011-08-16,534.15,534.15,515.0,528.25,515.0,523.3,980.0,515.0,1129,590067.95
2011-08-17,521.0,521.0,510.0,523.3,510.0,510.35,980.0,510.0,634,326133.85
2011-08-18,520.0,520.0,487.0,510.35,490.0,493.35,980.0,487.0,1094,546722.45
2011-08-19,487.0,487.0,467.95,493.35,470.5,472.15,980.0,467.95,1416,670608.85
2011-08-22,460.0,550.0,453.35,472.15,541.0,534.1,980.0,453.35,2830,1476793.35
2011-08-23,544.0,574.9,524.0,534.1,574.9,549.2,980.0,453.35,2962,1607188.4
2011-08-24,557.0,569.95,550.0,549.2,560.0,560.0,980.0,453.35,1208,673168.9
2011-08-25,560.0,570.0,560.0,560.0,570.0,566.05,980.0,453.35,350,196669.25
2011-08-26,560.0,573.95,560.0,566.05,561.0,560.45,980.0,453.35,257,144048.95
2011-08-29,573.4,579.1,560.0,560.45,560.0,563.15,980.0,453.35,533,302087.8
2011-08-30,554.0,624.9,543.05,563.15,620.0,620.1,980.0,453.35,2127,1268796.15
2011-09-02,620.1,629.0,620.0,620.1,627.0,626.1,980.0,453.35,325,201923.8
2011-09-05,636.0,636.0,620.0,626.1,634.0,631.1,980.0,453.35,756,470847.05
2011-09-06,621.2,634.95,620.0,631.1,621.0,620.65,980.0,453.35,329,205663.0
2011-09-07,630.5,630.5,620.0,620.65,620.0,620.0,980.0,453.35,199,123501.05
2011-09-08,644.9,644.9,620.0,620.0,621.5,621.5,980.0,453.35,95,59709.9
2011-09-09,621.5,630.5,620.0,621.5,620.0,620.0,980.0,453.35,266,165126.5
2011-09-12,620.0,629.95,620.0,620.0,629.95,627.7,980.0,453.35,641,397799.05
2011-09-13,620.0,629.9,620.0,627.7,620.05,620.0,980.0,453.35,129,80203.4
2011-09-14,624.7,639.8,620.0,620.0,639.8,631.05,980.0,453.35,416,259111.8
2011-09-15,625.0,633.0,620.5,631.05,620.5,622.25,980.0,453.35,381,237459.95
2011-09-16,625.0,627.0,624.0,622.25,624.0,625.7,980.0,453.35,148,92597.0
2011-09-19,627.0,627.0,620.0,625.7,620.0,620.0,980.0,453.35,91,56662.5
2011-09-20,624.0,625.0,622.0,620.0,622.0,622.0,980.0,453.35,69,43028.0
2011-09-21,630.0,630.0,620.0,622.0,620.0,620.0,980.0,453.35,43,26807.0
2011-09-22,620.0,622.0,620.0,620.0,620.0,620.35,980.0,453.35,307,190342.0
2011-09-23,629.5,629.5,620.0,620.35,620.0,621.05,980.0,453.35,387,239964.7
2011-09-26,620.0,620.0,600.0,621.05,610.0,610.0,980.0,453.35,3684,2241632.55
2011-09-27,625.0,625.0,600.0,610.0,600.05,603.0,980.0,453.35,250,154109.5
2011-09-28,603.0,603.0,600.0,603.0,600.15,600.85,980.0,453.35,120,72065.0
2011-09-29,624.95,624.95,600.0,600.85,605.0,600.2,980.0,453.35,414,248529.3
2011-09-30,600.0,613.25,600.0,600.2,613.25,613.25,980.0,453.35,214,128426.5
2011-10-03,600.0,617.45,585.2,613.25,585.5,588.85,980.0,453.35,868,520707.45
2011-10-04,619.6,619.6,575.0,588.85,575.0,575.45,980.0,453.35,86,49767.15
2011-10-05,576.0,610.0,570.0,575.45,575.0,575.0,980.0,453.35,1661,959586.8
2011-10-07,599.85,599.85,575.0,575.0,578.35,578.35,980.0,453.35,135,77839.55
2011-10-10,580.0,580.0,580.0,578.35,580.0,580.0,980.0,453.35,7,4060.0
2011-10-11,590.0,590.0,575.0,580.0,590.0,588.35,980.0,453.35,331,193665.6
2011-10-12,593.0,593.0,575.0,588.35,575.05,575.5,980.0,453.35,386,222319.3
2011-10-13,589.85,589.9,576.15,575.5,578.05,579.75,980.0,453.35,92,54065.35
2011-10-14,599.4,599.4,575.0,579.75,579.0,578.1,980.0,453.35,305,177039.3
2011-10-17,599.95,599.95,575.0,578.1,575.0,575.05,980.0,453.35,1771,1019252.85
2011-10-18,586.0,590.0,578.05,575.05,586.0,586.45,980.0,453.35,94,55233.7
2011-10-19,590.0,600.0,575.1,586.45,600.0,593.45,980.0,453.35,878,514295.75
2011-10-20,580.0,595.0,580.0,593.45,580.2,586.85,980.0,453.35,172,100272.3
2011-10-21,598.0,639.15,592.2,586.85,600.0,597.65,980.0,453.35,476,286892.45
2011-10-24,600.0,600.0,581.3,597.65,582.0,582.55,980.0,453.35,158,92640.3
2011-10-25,582.1,585.0,580.0,582.55,585.0,582.85,980.0,453.35,132,76707.15
2011-10-26,609.0,609.0,575.05,582.85,581.25,591.2,980.0,453.35,40,23740.5
2011-10-28,587.0,593.45,580.0,591.2,593.45,583.95,980.0,453.35,158,92515.25
2011-10-31,580.7,587.0,580.05,583.95,581.05,581.7,974.8,453.35,30,17467.4
2011-11-01,593.0,594.0,576.05,581.7,576.05,576.1,974.8,453.35,64,37304.4
2011-11-02,582.1,591.0,581.0,576.1,581.0,589.35,974.8,453.35,14,8226.15
2011-11-03,580.0,590.8,580.0,589.35,590.8,590.8,974.8,453.35,20,11697.2
2011-11-04,585.15,589.45,575.3,590.8,589.45,589.05,974.8,453.35,546,318871.1
2011-11-08,585.0,585.0,575.0,589.05,577.0,582.2,974.8,453.35,324,187578.25
2011-11-09,580.0,591.95,576.0,582.2,576.0,576.5,974.8,453.35,88,50819.0
2011-11-11,589.9,589.9,575.0,576.5,575.0,575.3,974.8,453.35,74,42801.4
2011-11-14,575.05,579.4,575.0,575.3,578.5,575.0,930.0,453.35,531,305373.3
2011-11-15,578.5,578.5,501.15,575.0,531.8,519.2,930.0,453.35,2108,1102191.55
2011-11-16,530.0,534.9,521.6,519.2,530.0,528.1,930.0,453.35,104,54741.2
2011-11-17,532.0,533.0,522.05,528.1,532.0,532.55,930.0,453.35,64,33919.15
2011-11-18,521.5,539.0,520.0,532.55,531.5,534.55,930.0,453.35,141,74740.6
2011-11-21,524.0,524.0,510.0,534.55,510.0,512.6,930.0,453.35,512,263328.95
2011-11-22,510.0,528.95,505.05,512.6,525.9,510.65,930.0,453.35,170,88197.6
2011-11-23,518.85,518.9,505.0,510.65,506.0,511.05,930.0,453.35,194,99312.1
2011-11-24,515.95,515.95,496.0,511.05,508.0,508.0,930.0,453.35,600,302201.6
2011-11-25,505.0,515.1,501.6,508.0,515.0,515.0,930.0,453.35,31,15898.3
2011-11-28,502.0,515.0,485.0,515.0,485.0,490.2,930.0,453.35,2268,1136536.7
2011-11-29,499.9,499.9,490.0,490.2,495.0,490.4,930.0,453.35,50297,24646544.85
2011-11-30,490.05,514.9,490.05,490.4,505.0,510.55,930.0,453.35,71445,35172571.75
2011-12-01,520.0,520.0,510.0,510.55,518.95,518.95,930.0,453.35,54,27814.5
2011-12-02,521.0,521.0,502.0,518.95,502.0,504.0,930.0,453.35,108,55226.2
2011-12-05,519.0,520.0,512.0,504.0,512.0,512.0,930.0,453.35,121,62481.25
2011-12-07,529.8,530.0,510.0,512.0,525.0,520.85,930.0,453.35,92,47809.85
2011-12-08,506.0,519.2,506.0,520.85,508.0,510.6,930.0,453.35,122,62293.45
2011-12-09,501.0,518.0,501.0,510.6,510.0,510.0,930.0,453.35,249,127551.05
2011-12-12,548.95,548.95,510.05,510.0,510.1,511.5,930.0,453.35,245,125973.4
2011-12-13,508.0,509.0,505.0,511.5,505.0,505.0,930.0,453.35,315,159451.05
2011-12-14,504.5,504.5,502.0,505.0,502.0,502.0,930.0,453.35,218,109646.4
2011-12-15,500.0,515.0,500.0,502.0,515.0,515.0,930.0,453.35,182,91080.0
2011-12-16,500.0,517.05,500.0,515.0,507.0,507.0,930.0,453.35,297,151648.6
2011-12-19,502.0,505.0,500.0,507.0,505.0,500.1,930.0,453.35,3737,1869047.9
2011-12-20,500.0,547.7,500.0,500.1,515.0,505.9,930.0,453.35,238,124988.95
2011-12-21,511.9,511.9,500.0,505.9,500.0,508.9,930.0,453.35,355,180555.75
2011-12-22,500.0,513.5,500.0,508.9,510.0,510.0,930.0,453.35,272,138395.0
2011-12-23,520.0,522.95,505.0,510.0,505.0,516.6,930.0,453.35,140,72648.55
2011-12-26,502.05,505.0,502.05,516.6,505.0,505.0,930.0,453.35,33,16662.05
2011-12-27,519.5,519.5,508.0,505.0,508.0,508.0,930.0,453.35,95,48547.5
2011-12-28,502.0,520.0,502.0,508.0,516.0,514.2,930.0,453.35,865,442615.8
2011-12-29,513.75,576.0,500.0,514.2,531.0,529.7,930.0,453.35,1192,628036.0
2011-12-30,539.95,540.0,500.0,529.7,500.0,505.05,930.0,453.35,349,180835.15
2012-01-02,554.0,554.0,500.1,505.05,502.0,506.8,930.0,453.35,75,38686.7
2012-01-03,511.95,520.0,510.1,506.8,519.95,519.95,930.0,453.35,131,67350.2
2012-01-04,520.0,520.0,517.0,519.95,519.5,519.5,930.0,453.35,83,42919.0
2012-01-05,520.0,520.0,502.3,519.5,505.0,505.0,930.0,453.35,18,9229.2
2012-01-06,520.0,520.0,500.0,505.0,501.1,502.8,930.0,453.35,173,86934.6
2012-01-07,515.0,530.0,515.0,502.8,530.0,528.3,930.0,453.35,9,4679.95
2012-01-09,515.0,523.8,500.65,528.3,518.0,519.25,930.0,453.35,186,95698.6
2012-01-10,513.15,525.5,513.15,519.25,525.5,523.7,930.0,453.35,17,8885.35
2012-01-11,540.0,545.55,530.0,523.7,545.55,541.25,930.0,453.35,318,171186.85
2012-01-12,540.0,569.8,540.0,541.25,562.0,549.9,930.0,453.35,574,313755.0
2012-01-13,570.0,570.0,549.05,549.9,552.0,551.9,930.0,453.35,245,137839.4
2012-01-16,550.0,567.0,506.15,551.9,513.0,512.0,930.0,453.35,1508,780230.55
2012-01-17,501.0,520.0,500.0,512.0,511.05,511.15,930.0,453.35,622,319007.6
2012-01-18,522.0,535.0,510.3,511.15,510.3,512.1,930.0,453.35,781,405661.9
2012-01-19,518.25,528.0,514.0,512.1,515.15,519.75,930.0,453.35,939,485703.3
2012-01-20,515.0,544.7,515.0,519.75,520.0,520.0,930.0,453.35,86,45142.35
2012-01-23,521.0,529.4,512.0,520.0,529.4,529.35,930.0,453.35,35,18258.75
2012-01-24,513.0,539.75,513.0,529.35,539.75,535.15,930.0,453.35,235,125213.2
2012-01-25,521.0,547.0,521.0,535.15,547.0,543.1,930.0,453.35,480,258190.45
2012-01-27,554.0,580.1,544.15,543.1,560.15,573.7,930.0,453.35,871,488197.05
2012-01-30,589.9,589.9,560.0,573.7,564.95,569.25,740.0,453.35,522,299590.3
2012-01-31,589.0,650.0,589.0,569.25,600.15,602.85,740.0,453.35,2617,1588516.8
2012-02-01,628.0,649.0,626.15,602.85,635.5,638.3,740.0,453.35,4883,3106306.85
2012-02-02,635.25,650.0,602.0,638.3,625.0,628.15,740.0,453.35,935,590098.45
2012-02-03,638.0,638.0,602.0,628.15,616.0,619.6,740.0,453.35,787,487448.0
2012-02-06,637.0,637.0,611.2,619.6,615.0,615.6,715.0,453.35,862,536755.55
2012-02-07,613.55,620.0,605.35,615.6,605.35,608.25,715.0,453.35,482,296841.3
2012-02-08,639.0,639.0,608.0,608.25,608.1,609.7,715.0,453.35,723,449705.95
2012-02-09,610.0,624.95,605.0,609.7,605.0,605.7,715.0,453.35,500,306311.8
2012-02-10,622.0,625.0,613.0,605.7,615.0,615.4,715.0,453.35,552,341883.05
2012-02-13,630.0,630.0,583.1,615.4,618.0,615.55,697.95,453.35,252,152907.4
2012-02-14,605.0,647.7,588.0,615.55,619.0,616.45,697.95,453.35,453,280509.65
2012-02-15,602.1,622.45,602.1,616.45,614.65,616.15,697.95,453.35,1641,1010858.9
2012-02-16,625.0,626.15,616.05,616.15,625.0,625.05,697.95,453.35,807,502510.55
2012-02-17,620.0,660.6,613.05,625.05,657.95,652.1,697.95,453.35,42622,26482441.9
2012-02-21,689.9,690.0,652.0,652.1,662.0,662.75,694.9,453.35,1288,861769.6
2012-02-22,655.05,670.0,625.05,662.75,630.0,641.2,694.9,453.35,1191,775460.95
2012-02-23,625.1,640.9,625.0,641.2,625.0,625.25,694.9,453.35,137,86173.9
2012-02-24,625.25,647.25,625.0,625.25,630.0,636.6,694.9,453.35,660,419313.1
2012-02-27,645.0,645.0,625.0,636.6,625.0,626.5,690.0,453.35,752,471030.5
2012-02-28,626.0,634.0,625.0,626.5,626.0,626.0,690.0,453.35,822,514506.65
2012-02-29,625.0,634.9,615.0,626.0,615.0,616.75,690.0,453.35,698,433107.15
2012-03-01,618.0,632.05,606.0,616.75,615.0,626.3,690.0,453.35,304,189983.3
2012-03-02,622.0,628.5,618.0,626.3,628.5,624.5,690.0,453.35,121,75342.3
2012-03-03,605.0,643.0,605.0,624.5,620.5,620.55,690.0,453.35,566,361707.65
2012-03-05,617.05,617.05,585.05,620.55,615.0,605.35,690.0,453.35,1077,650980.9
2012-03-06,619.85,619.85,585.55,605.35,607.25,608.55,690.0,453.35,159,95083.2
2012-03-07,595.05,609.95,591.25,608.55,594.0,594.95,690.0,453.35,218,130406.3
2012-03-09,600.0,601.0,590.55,594.95,591.0,592.5,690.0,453.35,250,148584.65
2012-03-12,632.0,632.0,578.0,592.5,592.5,593.3,690.0,453.35,338,200887.0
2012-03-13,601.0,601.0,590.5,593.3,595.95,593.3,690.0,453.35,252,149252.05
2012-03-14,591.0,598.0,584.95,593.3,587.0,589.3,690.0,453.35,171,101204.0
2012-03-15,590.0,590.8,584.9,589.3,585.0,587.25,690.0,453.35,91,53646.85
2012-03-16,587.0,587.5,573.7,587.25,573.7,579.75,690.0,453.35,411,238764.0
2012-03-19,551.0,597.0,551.0,579.75,575.0,571.1,690.0,453.35,207,117980.3
2012-03-20,575.0,575.0,571.0,571.1,571.0,571.05,690.0,453.35,47,26846.8
2012-03-21,571.0,573.05,571.0,571.05,573.05,573.05,690.0,453.35,12,6854.05
2012-03-22,568.05,589.0,565.0,573.05,565.0,568.45,690.0,453.35,344,195996.9
2012-03-23,565.0,580.0,560.0,568.45,565.0,565.55,690.0,453.35,26201,14803651.9
2012-03-26,565.0,565.0,546.05,565.55,550.0,552.6,690.0,453.35,657,364771.2
2012-03-27,570.0,570.0,535.15,552.6,535.2,541.85,690.0,453.35,306,167118.25
2012-03-28,549.9,549.9,535.0,541.85,535.0,535.55,690.0,453.35,126,67734.0
2012-03-29,530.0,535.0,525.0,535.55,525.15,528.6,690.0,453.35,98,51855.85
2012-03-30,549.0,554.85,540.0,528.6,554.6,547.8,690.0,453.35,237,129188.9
2012-04-02,556.05,604.95,545.0,547.8,603.9,601.95,690.0,453.35,1853,1091629.45
2012-04-03,582.0,609.9,582.0,601.95,590.0,590.65,690.0,453.35,2652,1568918.3
2012-04-04,580.0,599.8,579.95,590.65,599.8,597.15,690.0,453.35,142,83753.3
2012-04-09,600.0,600.0,579.1,597.15,580.55,580.2,690.0,453.35,161,93575.75
2012-04-10,572.95,593.05,570.0,580.2,593.05,590.0,690.0,453.35,21,12129.75
2012-04-11,571.0,609.0,570.0,590.0,570.0,574.3,690.0,453.35,144,83580.6
2012-04-12,589.85,598.0,578.4,574.3,579.05,581.35,690.0,453.35,323,189525.6
2012-04-13,579.5,590.0,570.0,581.35,571.0,570.0,690.0,453.35,498,286663.6
2012-04-16,553.0,573.0,553.0,570.0,567.1,570.8,690.0,453.35,748,422293.5
2012-04-17,578.2,579.0,566.5,570.8,566.5,566.95,690.0,453.35,142,81093.85
2012-04-18,579.55,579.6,560.0,566.95,572.0,572.0,690.0,453.35,55239,31596396.8
2012-04-19,569.05,579.9,564.95,572.0,566.0,568.3,690.0,453.35,802,457589.35
2012-04-20,567.0,576.35,555.4,568.3,565.0,566.1,690.0,453.35,188,106497.45
2012-04-23,542.15,565.0,542.0,566.1,544.75,542.45,690.0,453.35,455,248340.5
2012-04-24,553.95,553.95,540.55,542.45,541.0,541.55,690.0,453.35,81,44020.9
2012-04-25,550.0,555.35,547.0,541.55,550.1,551.55,690.0,453.35,92,50603.9
2012-04-26,538.2,543.3,538.1,551.55,540.95,540.95,690.0,453.35,62,33462.35
2012-04-27,540.95,541.0,538.0,540.95,541.0,541.0,690.0,453.35,90,48520.95
2012-04-30,552.6,552.6,532.5,541.0,535.0,534.8,690.0,453.35,72,38854.6
2012-05-02,535.05,536.1,535.0,534.8,535.0,535.0,690.0,453.35,129,69068.6
2012-05-03,534.95,558.25,534.95,535.0,547.3,548.15,690.0,453.35,762,421767.3
2012-05-04,551.75,553.95,537.2,548.15,537.2,546.6,690.0,453.35,129,70607.2
2012-05-07,549.45,549.45,527.2,546.6,528.1,532.25,690.0,453.35,308,165197.6
2012-05-08,536.0,545.0,535.35,532.25,535.35,539.4,690.0,453.35,476,258063.7
2012-05-09,530.1,542.8,521.0,539.4,521.0,521.0,690.0,453.35,183,96873.1
2012-05-10,548.95,548.95,522.25,521.0,529.9,529.35,690.0,453.35,110,58399.8
2012-05-11,547.9,547.9,504.95,529.35,512.55,516.7,690.0,453.35,489,251676.9
2012-05-14,520.0,524.9,500.0,516.7,504.0,503.05,690.0,453.35,490,248204.2
2012-05-15,510.0,525.0,503.05,503.05,503.2,503.2,690.0,453.35,100,51700.1
2012-05-16,512.35,544.0,507.0,503.2,544.0,530.9,690.0,453.35,278,146236.7
2012-05-17,535.0,539.0,535.0,530.9,539.0,539.0,690.0,453.35,52,28024.0
2012-05-18,547.95,547.95,510.0,539.0,524.8,524.8,690.0,453.35,282,145426.35
2012-05-21,520.0,535.0,510.55,524.8,511.15,511.15,690.0,453.35,319,165065.4
2012-05-22,481.05,528.0,481.0,511.15,510.5,510.5,690.0,453.35,100,51656.3
2012-05-23,515.0,515.0,501.3,510.5,502.5,506.0,690.0,453.35,35,17745.4
2012-05-24,505.0,505.0,498.15,506.0,499.95,499.95,690.0,453.35,139,70074.1
2012-05-25,504.95,505.0,500.1,499.95,502.0,504.4,690.0,453.35,82,41337.0
2012-05-28,505.0,599.85,502.0,504.4,562.0,566.5,690.0,453.35,20907,11648159.0
2012-05-29,556.0,623.0,550.0,566.5,606.5,602.9,690.0,453.35,5249,3076160.7
2012-05-30,608.0,619.9,596.2,602.9,601.0,600.75,690.0,453.35,769,464319.15
2012-05-31,556.45,615.0,556.45,600.75,606.9,600.45,690.0,453.35,890,535117.05
2012-06-01,600.4,614.3,600.0,600.45,610.0,607.2,690.0,453.35,2672,1609673.0
2012-06-04,600.0,604.0,600.0,607.2,600.0,600.15,690.0,453.35,334,200573.2
2012-06-05,600.0,606.3,600.0,600.15,606.3,604.55,690.0,453.35,50,30071.8
2012-06-06,606.3,606.3,600.0,604.55,600.0,600.0,690.0,453.35,71,42616.35
2012-06-07,605.85,615.0,600.0,600.0,600.0,603.95,690.0,453.35,688,415534.65
2012-06-08,600.2,608.65,600.0,603.95,600.0,600.1,690.0,453.35,224,134866.8
2012-06-11,624.0,624.0,600.0,600.1,600.0,601.55,690.0,453.35,208,125649.2
2012-06-12,624.4,624.4,600.0,601.55,600.0,600.1,690.0,453.35,469,281450.95
2012-06-13,601.1,601.1,600.0,600.1,600.0,600.0,690.0,453.35,199,119402.6
2012-06-14,609.95,672.25,600.15,600.0,601.3,601.3,690.0,453.35,186,115642.95
2012-06-15,613.5,613.9,603.0,601.3,611.9,611.25,690.0,453.35,196,119829.8
2012-06-18,612.0,612.95,600.0,611.25,600.0,601.05,690.0,453.35,82,49247.35
2012-06-19,600.0,600.0,600.0,601.05,600.0,600.0,690.0,453.35,225,135000.0
2012-06-20,603.0,603.0,600.0,600.0,600.0,600.9,690.0,453.35,132,79365.8
2012-06-21,605.0,605.0,600.0,600.9,604.0,604.0,690.0,453.35,268,160958.2
2012-06-22,609.0,615.0,601.0,604.0,604.0,607.9,690.0,453.35,279,169737.05
2012-06-25,610.0,639.85,585.0,607.9,604.0,599.0,690.0,453.35,931,560359.95
2012-06-26,601.45,638.2,601.45,599.0,602.0,602.0,690.0,453.35,152,92747.6
2012-06-27,611.8,615.0,600.6,602.0,604.0,603.25,690.0,453.35,667,403567.2
2012-06-28,605.05,640.0,605.05,603.25,640.0,637.35,690.0,453.35,1394,873471.25
2012-06-29,640.0,655.0,640.0,637.35,651.95,650.6,690.0,453.35,1280,832371.8
2012-07-02,651.95,665.0,650.0,650.6,652.0,659.4,690.0,453.35,227,148632.0
2012-07-03,672.0,699.4,660.0,659.4,675.05,675.35,699.4,453.35,2317,1560241.85
2012-07-04,676.25,719.95,675.0,675.35,719.95,703.65,719.95,453.35,1413,981768.75
2012-07-05,706.0,728.95,700.0,703.65,720.0,719.3,728.95,453.35,1339,946832.7
2012-07-06,721.0,735.0,720.0,719.3,720.0,723.25,735.0,453.35,1193,860434.5
2012-07-09,734.95,749.0,723.0,723.25,743.75,734.15,749.0,453.35,1456,1072333.55
2012-07-10,740.0,766.0,730.1,734.15,735.05,737.2,766.0,453.35,776,573122.65
2012-07-11,740.0,786.0,735.0,737.2,775.0,774.2,786.0,453.35,3421,2632161.05
2012-07-12,778.0,778.9,750.0,774.2,775.0,769.8,786.0,453.35,1333,1025662.9
2012-07-13,777.8,808.0,762.25,769.8,800.0,800.3,808.0,453.35,1733,1360619.05
2012-07-16,791.05,817.95,785.0,800.3,793.8,790.05,817.95,453.35,2463,1966050.75
2012-07-17,791.8,801.0,750.0,790.05,758.0,770.85,817.95,453.35,1850,1462730.9
2012-07-18,766.0,809.5,731.0,770.85,805.0,801.4,817.95,453.35,3791,2984674.45
2012-07-19,805.0,810.0,800.0,801.4,801.0,800.1,817.95,453.35,1011,808954.65
2012-07-20,800.0,817.0,800.0,800.1,813.0,803.95,817.95,453.35,1051,844596.75
2012-07-23,810.0,829.0,810.0,803.95,829.0,819.9,829.0,453.35,1103,902840.3
2012-07-24,824.95,866.6,800.0,819.9,864.9,858.95,866.6,453.35,2183,1830755.8
2012-07-25,859.9,863.6,835.0,858.95,835.0,841.6,866.6,453.35,519,438686.0
2012-07-26,840.0,840.0,800.0,841.6,800.2,800.1,866.6,453.35,1038,835270.8
2012-07-27,802.0,817.0,800.0,800.1,800.0,800.0,866.6,453.35,313,251141.9
2012-07-30,800.15,810.0,800.0,800.0,800.0,800.0,866.6,453.35,659,527365.0
2012-07-31,807.0,816.0,802.0,800.0,805.0,806.7,866.6,453.35,181,146013.2
2012-08-01,812.0,830.0,810.0,806.7,818.0,815.6,866.6,453.35,612,501073.8
2012-08-02,818.0,880.0,818.0,815.6,875.0,866.8,880.0,453.35,2708,2314243.0
2012-08-03,870.0,900.0,860.0,866.8,890.0,892.05,900.0,453.35,3395,2978842.4
2012-08-06,897.0,975.0,897.0,892.05,970.0,968.25,975.0,453.35,7107,6706918.7
2012-08-07,970.0,980.05,901.05,968.25,915.0,921.7,980.05,453.35,9075,8623906.9
2012-08-08,910.0,947.0,910.0,921.7,935.0,935.35,980.05,453.35,2275,2115333.6
2012-08-09,923.6,941.95,911.0,935.35,919.0,912.75,980.05,453.35,1939,1790198.65
2012-08-10,925.0,925.0,900.0,912.75,905.1,906.45,980.05,453.35,840,764753.35
2012-08-13,904.05,918.0,900.1,906.45,905.0,902.3,980.05,453.35,336,305194.2
2012-08-14,903.15,913.0,900.0,902.3,910.0,911.8,980.05,453.35,701,636166.7
2012-08-16,902.45,906.0,900.0,911.8,900.0,900.5,980.05,453.35,129,116459.05
2012-08-17,902.3,912.9,900.0,900.5,903.0,903.9,980.05,453.35,437,395072.5
2012-08-21,920.0,924.5,900.0,903.9,909.0,903.8,980.05,453.35,650,587899.4
2012-08-22,902.0,909.9,900.0,903.8,905.0,902.4,980.05,453.35,819,737445.45
2012-08-23,918.0,929.9,906.25,902.4,913.0,913.6,980.05,453.35,644,590399.45
2012-08-24,913.0,913.0,900.0,913.6,900.05,900.25,980.05,453.35,587,530160.45
2012-08-27,910.0,910.0,900.0,900.25,900.0,900.0,980.05,481.0,1855,1669942.1
2012-08-28,900.0,905.0,900.0,900.0,900.0,900.0,980.05,481.0,925,832651.0
2012-08-29,910.0,910.0,900.0,900.0,906.0,902.05,980.05,481.0,273,246093.05
2012-08-30,900.0,908.7,900.0,902.05,900.05,901.5,980.05,481.0,486,437568.95
2012-08-31,1020.0,1020.0,900.0,901.5,902.0,906.85,1020.0,481.0,480,433217.5
2012-09-03,900.0,924.8,900.0,906.85,923.9,921.8,1020.0,481.0,1436,1319519.1
2012-09-04,919.85,925.7,908.0,921.8,915.0,924.1,1020.0,481.0,804,741321.8
2012-09-05,910.0,915.0,902.0,924.1,902.0,911.1,1020.0,481.0,762,695969.65
2012-09-06,915.0,925.0,910.0,911.1,925.0,924.55,1020.0,481.0,311,287102.75
2012-09-07,920.0,937.8,920.0,924.55,928.4,933.1,1020.0,481.0,291,271187.6
2012-09-08,879.9,980.0,879.9,933.1,925.0,919.85,1020.0,481.0,144,132559.95
2012-09-10,944.95,945.0,913.0,919.85,932.0,928.0,1020.0,481.0,717,661886.1
2012-09-11,930.0,940.0,912.2,928.0,935.0,935.0,1020.0,481.0,848,789240.75
2012-09-12,920.25,939.85,911.05,935.0,917.9,913.5,1020.0,481.0,422,388332.95
2012-09-13,910.05,920.9,900.55,913.5,900.55,902.0,1020.0,481.0,286,259240.85
2012-09-14,903.0,905.0,900.0,902.0,900.0,900.1,1020.0,481.0,497,447590.6
2012-09-17,900.1,909.9,900.0,900.1,900.05,900.15,1020.0,481.0,2021,1819379.45
2012-09-18,901.05,924.95,900.0,900.15,915.0,910.75,1020.0,481.0,1008,911323.45
2012-09-20,900.1,919.0,900.0,910.75,900.65,904.9,1020.0,481.0,213,192495.45
2012-09-21,905.0,909.5,900.1,904.9,909.5,909.5,1020.0,481.0,123,111742.55
2012-09-24,910.05,920.0,909.5,909.5,916.0,913.05,1020.0,481.0,165,150756.3
2012-09-25,906.05,920.0,900.1,913.05,900.1,901.95,1020.0,481.0,365,330411.85
2012-09-26,901.05,905.0,900.0,901.95,900.0,900.0,1020.0,481.0,1181,1063358.65
2012-09-27,900.1,915.0,900.0,900.0,907.0,913.55,1020.0,481.0,848,773747.85
2012-09-28,906.0,909.0,900.0,913.55,900.1,900.45,1020.0,481.0,280,252372.6
2012-10-01,919.95,965.0,913.0,900.45,914.0,917.9,1020.0,481.0,1115,1039497.95
2012-10-03,920.0,920.0,910.0,917.9,910.0,910.05,1020.0,481.0,204,186665.7
2012-10-04,910.05,927.0,901.25,910.05,902.0,901.7,1020.0,481.0,662,602745.85
2012-10-05,910.0,910.0,900.1,901.7,900.5,900.65,1020.0,481.0,107,96441.25
2012-10-08,900.0,915.0,900.0,900.65,906.0,903.65,1020.0,481.0,405,365182.5
2012-10-09,914.0,915.0,903.0,903.65,903.5,903.5,1020.0,481.0,382,346452.6
2012-10-10,905.0,905.05,900.0,903.5,900.0,904.2,1020.0,481.0,1084,978532.6
2012-10-11,910.0,940.0,900.0,904.2,908.0,905.4,1020.0,481.0,897,815023.0
2012-10-12,913.0,931.0,900.1,905.4,920.0,908.15,1020.0,481.0,2623,2385991.45
2012-10-15,913.5,915.0,905.05,908.15,910.0,910.0,1020.0,481.0,582,530091.4
2012-10-16,914.95,914.95,902.5,910.0,906.95,902.8,1020.0,481.0,206,187105.3
2012-10-17,902.5,908.0,900.0,902.8,900.0,900.25,1020.0,481.0,103,92942.2
2012-10-18,901.55,904.8,900.0,900.25,900.0,900.25,1020.0,481.0,381,343446.45
2012-10-19,905.0,915.0,900.0,900.25,900.1,903.8,1020.0,481.0,1329,1202459.95
2012-10-22,909.0,931.0,900.05,903.8,911.0,913.2,1020.0,481.0,897,819816.95
2012-10-23,910.05,910.05,900.0,913.2,900.0,900.4,1020.0,481.0,382,345165.1
2012-10-25,900.1,915.0,900.0,900.4,900.1,903.35,1020.0,481.0,673,608032.7
2012-10-26,903.05,904.0,902.0,903.35,902.0,902.0,1020.0,481.0,74,66762.35
2012-10-29,900.1,918.0,900.0,902.0,900.0,900.05,1020.0,481.0,269,243420.65
2012-10-30,905.0,909.0,900.0,900.05,900.0,903.95,1020.0,481.0,123,110911.3
2012-10-31,902.0,902.0,900.0,903.95,900.0,900.0,1020.0,481.0,633,569707.1
2012-11-01,901.0,910.95,901.0,900.0,910.0,910.45,1020.0,481.0,178,161540.0
2012-11-02,904.15,929.4,904.1,910.45,918.25,917.2,1020.0,481.0,1337,1230245.1
2012-11-05,940.0,940.0,915.0,917.2,922.0,921.95,1020.0,481.0,274,252885.15
2012-11-06,921.0,939.5,916.0,921.95,935.95,935.45,1020.0,481.0,683,636044.05
2012-11-07,935.95,940.0,916.2,935.45,933.0,932.85,1020.0,481.0,704,657205.7
2012-11-08,935.0,935.0,915.05,932.85,930.0,930.0,1020.0,481.0,401,371173.25
2012-11-09,922.05,939.3,905.25,930.0,910.05,917.85,1020.0,481.0,377,346560.05
2012-11-12,950.0,1050.0,941.0,917.85,986.9,997.95,1050.0,481.0,15104,15085680.75
2012-11-13,999.9,1000.0,982.0,997.95,999.95,998.05,1050.0,481.0,1093,1089783.8
2012-11-15,990.1,999.7,975.0,998.05,975.0,976.5,1050.0,481.0,739,728419.75
2012-11-16,993.9,999.9,960.4,976.5,985.0,974.55,1050.0,481.0,498,489522.45
2012-11-19,990.0,990.0,940.0,974.55,950.0,950.7,1050.0,481.0,701,669500.7
2012-11-20,955.05,961.0,951.1,950.7,955.0,955.3,1050.0,481.0,173,164699.75
2012-11-21,950.0,966.0,950.0,955.3,966.0,955.3,1050.0,481.0,392,374369.75
2012-11-22,950.1,950.55,950.0,955.3,950.0,950.0,1050.0,481.0,131,124451.8
2012-11-23,965.05,973.6,965.0,950.0,965.0,965.2,1050.0,481.0,162,156388.75
2012-11-26,945.05,960.0,935.0,965.2,960.0,955.8,1050.0,481.0,297,283374.55
2012-11-27,960.0,968.0,935.0,955.8,947.05,954.0,1050.0,481.0,596,562882.85
2012-11-29,935.0,988.45,935.0,954.0,968.0,967.3,1050.0,481.0,323,313356.45
2012-11-30,968.0,968.0,950.55,967.3,950.55,953.65,1050.0,481.0,179,171441.05
2012-12-03,960.0,960.0,927.05,953.65,939.0,939.15,1050.0,481.0,274,258056.75
2012-12-04,955.0,955.0,939.0,939.15,950.0,950.0,1050.0,481.0,68,64445.05
2012-12-05,925.0,970.0,925.0,950.0,957.75,959.4,1050.0,481.0,973,930574.15
2012-12-06,989.0,1000.0,939.0,959.4,943.1,942.1,1050.0,481.0,211,203312.25
2012-12-07,997.5,997.5,939.0,942.1,949.95,949.0,1050.0,481.0,2172,2064478.35
2012-12-10,997.5,997.5,942.0,949.0,944.0,946.95,1050.0,481.0,472,447607.3
2012-12-11,944.5,948.05,944.0,946.95,948.0,947.95,1050.0,481.0,217,205608.75
2012-12-12,938.0,940.0,929.95,947.95,940.0,940.0,1050.0,481.0,96,89676.65
2012-12-13,935.05,937.95,912.1,940.0,912.2,915.75,1050.0,481.0,292,269654.25
2012-12-14,920.0,920.0,900.0,915.75,901.0,903.4,1050.0,481.0,842,758971.7
2012-12-17,900.05,905.0,900.0,903.4,900.0,900.7,1050.0,481.0,855,770533.45
2012-12-18,904.95,905.0,900.0,900.7,904.85,904.85,1050.0,481.0,305,274664.25
2012-12-19,909.1,945.0,909.1,904.85,945.0,923.9,1050.0,481.0,900,820751.75
2012-12-20,920.0,944.0,914.7,923.9,930.0,929.1,1050.0,481.0,956,888267.95
2012-12-21,922.05,935.0,922.05,929.1,925.3,925.7,1050.0,481.0,241,222940.35
2012-12-24,925.0,928.0,921.25,925.7,927.8,925.05,1050.0,481.0,1488,1376421.85
2012-12-26,920.05,940.0,910.0,925.05,925.0,929.95,1050.0,481.0,544,502284.4
2012-12-27,921.0,927.95,915.0,929.95,921.75,924.9,1050.0,481.0,619,569607.15
2012-12-28,933.75,934.85,920.0,924.9,928.1,928.1,1050.0,481.0,221,204712.1
2012-12-31,930.0,944.0,930.0,928.1,936.05,939.0,1050.0,481.0,278,261527.3
2013-01-01,935.0,944.0,915.05,939.0,930.0,931.75,1050.0,481.0,1390,1288769.0
2013-01-02,930.0,938.0,928.0,931.75,928.0,929.6,1050.0,481.0,772,721561.65
2013-01-03,930.05,933.3,920.0,929.6,930.0,930.0,1050.0,481.0,245,227567.25
2013-01-04,930.0,930.0,911.5,930.0,925.0,925.0,1050.0,481.0,376,345460.4
2013-01-07,930.0,931.95,919.95,925.0,924.95,924.95,1050.0,481.0,1020,942705.7
2013-01-08,930.0,930.0,900.2,924.95,901.0,901.8,1050.0,481.0,1120,1011352.55
2013-01-09,905.0,914.0,900.0,901.8,910.65,912.35,1050.0,481.0,483,436454.6
2013-01-10,905.0,909.9,900.0,912.35,901.0,900.2,1050.0,481.0,311,280282.9
2013-01-11,905.0,905.0,900.0,900.2,900.0,900.0,1050.0,481.0,1641,1477023.3
2013-01-14,905.0,908.45,900.0,900.0,900.0,900.05,1050.0,481.0,1084,975665.45
2013-01-15,902.5,904.95,900.0,900.05,903.0,900.1,1050.0,481.0,908,817354.45
2013-01-16,902.0,907.0,899.9,900.1,904.5,900.0,1050.0,481.0,3311,2983441.8
2013-01-17,902.0,902.0,900.0,900.0,900.0,900.0,1050.0,481.0,1503,1352705.05
2013-01-18,902.0,902.0,899.95,900.0,900.0,900.0,1050.0,481.0,1802,1621806.0
2013-01-21,902.0,902.0,900.0,900.0,901.95,900.2,1050.0,481.0,1426,1283765.35
2013-01-22,902.0,904.0,900.0,900.2,900.0,900.0,1050.0,481.0,138,124611.85
2013-01-23,902.0,904.0,900.0,900.0,900.0,900.0,1050.0,481.0,739,666000.85
2013-01-24,902.0,905.0,900.0,900.0,901.5,900.0,1050.0,481.0,1244,1119702.9
2013-01-25,900.05,902.5,900.0,900.0,900.0,900.0,1050.0,481.0,1116,1004507.45
2013-01-28,906.0,906.0,900.0,900.0,901.0,901.0,1050.0,481.0,2314,2082718.25
2013-01-29,901.0,916.0,900.0,901.0,910.0,901.75,1050.0,481.0,570,513839.5
2013-01-30,900.1,901.0,900.0,901.75,900.95,901.0,1050.0,481.0,136,122405.05
2013-01-31,900.0,905.0,900.0,901.0,900.0,900.0,1050.0,481.0,229,206505.0
2013-02-01,900.05,900.05,900.0,900.0,900.0,900.0,1050.0,481.0,767,690300.65
2013-02-04,900.0,905.0,900.0,900.0,900.05,900.05,1050.0,481.0,589,530374.95
2013-02-05,900.0,905.0,900.0,900.05,900.0,900.0,1050.0,481.0,7667,6900710.5
2013-02-06,900.05,920.0,900.0,900.0,911.1,914.85,1050.0,481.0,1138,1037798.1
2013-02-07,918.8,918.8,910.0,914.85,914.0,912.0,1050.0,481.0,230,209862.1
2013-02-08,903.05,908.0,900.0,912.0,900.0,900.0,1050.0,481.0,727,654379.0
2013-02-11,902.95,911.4,900.0,900.0,900.0,900.0,1050.0,481.0,1246,1121493.0
2013-02-12,900.0,900.0,900.0,900.0,900.0,900.0,1050.0,481.0,1392,1252800.0
2013-02-13,900.0,900.0,900.0,900.0,900.0,900.0,1050.0,481.0,932,838800.0
2013-02-14,900.05,905.0,900.0,900.0,900.0,900.25,1050.0,481.0,2291,2062415.9
2013-02-15,900.0,912.0,900.0,900.25,900.0,900.1,1050.0,481.0,751,676381.65
2013-02-18,925.0,925.0,910.15,900.1,911.2,914.9,1050.0,481.0,954,874198.55
2013-02-19,915.0,920.0,910.0,914.9,910.0,911.0,1050.0,481.0,1152,1053203.65
2013-02-20,910.0,920.0,902.0,911.0,902.0,909.0,1050.0,481.0,1157,1052200.45
2013-02-21,905.0,907.95,901.0,909.0,901.0,901.2,1050.0,481.0,140,126676.6
2013-02-22,901.6,909.0,900.15,901.2,900.15,900.15,1050.0,481.0,943,856904.0
2013-02-25,900.3,910.8,900.0,900.15,905.0,901.35,1050.0,481.0,1197,1079264.9
2013-02-26,900.0,900.05,900.0,901.35,900.05,900.0,1050.0,481.0,328,295200.1
2013-02-27,900.0,901.0,900.0,900.0,900.0,900.0,1050.0,481.0,128,115201.2
2013-02-28,900.0,900.05,900.0,900.0,900.0,900.0,1050.0,481.0,896,806400.55
2013-03-01,902.0,907.0,900.2,900.0,900.2,902.9,1050.0,481.0,712,642634.3
2013-03-04,900.0,902.0,900.0,902.9,900.0,900.0,1050.0,481.0,4883,4396701.0
2013-03-05,901.0,910.0,900.0,900.0,900.0,900.0,1050.0,481.0,539,485547.0
2013-03-06,910.0,914.0,900.0,900.0,914.0,908.35,1050.0,481.0,212,191911.9
2013-03-07,900.05,912.0,830.6,908.35,900.05,902.2,1050.0,481.0,2209,1968092.25
2013-03-08,901.0,906.0,900.0,902.2,900.0,900.05,1050.0,481.0,509,458193.05
2013-03-11,903.0,915.0,902.5,900.05,911.9,911.9,1050.0,481.0,888,806427.85
2013-03-12,910.0,915.05,902.25,911.9,902.25,902.45,1050.0,481.0,330,299753.35
2013-03-13,900.0,902.05,900.0,902.45,900.0,901.35,1050.0,481.0,118,106269.15
2013-03-14,900.6,902.0,900.6,901.35,901.0,901.0,1050.0,481.0,6,5406.2
2013-03-15,901.0,903.0,900.0,901.0,901.0,900.25,1050.0,481.0,183,164737.7
2013-03-18,902.5,902.7,902.5,900.25,902.5,902.6,1050.0,481.0,30,27077.1
2013-03-19,902.5,905.0,900.0,902.6,900.0,900.05,1050.0,481.0,1063,956851.6
2013-03-20,900.05,906.9,900.0,900.05,900.0,900.05,1050.0,481.0,3549,3201135.2
2013-03-21,900.0,905.5,900.0,900.05,900.0,900.0,1050.0,481.0,2424,2182777.2
2013-03-22,900.0,903.8,900.0,900.0,900.0,900.0,1050.0,481.0,3124,2811736.8
2013-03-25,900.0,900.0,875.1,900.0,875.1,875.1,1050.0,481.0,333,292228.3
2013-03-26,875.0,880.0,850.0,875.1,850.0,850.4,1050.0,481.0,1132,968926.5
2013-03-28,850.0,871.0,850.0,850.4,870.0,862.15,1050.0,481.0,205,176031.75
2013-04-01,850.5,869.0,850.5,862.15,860.0,864.65,1050.0,481.0,501,429566.5
2013-04-02,869.0,874.0,851.4,864.65,861.0,861.85,1050.0,481.0,241,208811.85
2013-04-03,852.85,860.0,850.0,861.85,850.0,852.5,1050.0,481.0,365,310642.0
2013-04-04,864.7,899.4,850.55,852.5,881.0,889.45,1050.0,481.0,138,120421.3
2013-04-05,925.0,949.4,889.95,889.45,890.0,894.75,1050.0,481.0,2580,2370700.55
2013-04-10,850.1,850.1,850.1,894.75,850.1,850.1,1050.0,481.0,30,25503.0
2013-04-11,850.0,850.0,850.0,850.1,850.0,850.0,1050.0,481.0,2101,1785850.0
2013-04-12,850.0,850.0,850.0,850.0,850.0,850.0,1050.0,481.0,295,250750.0
2013-04-15,850.0,850.0,850.0,850.0,850.0,850.0,1050.0,481.0,35,29750.0
2013-04-16,850.0,850.0,850.0,850.0,850.0,850.0,1050.0,481.0,1060,901000.0
2013-04-17,860.0,860.0,860.0,850.0,860.0,860.0,1050.0,481.0,50,43000.0
2013-04-18,850.0,850.0,850.0,860.0,850.0,850.0,1050.0,481.0,8,6800.0
2013-04-22,850.0,850.0,850.0,850.0,850.0,850.0,1050.0,481.0,15,12750.0
2013-04-23,850.05,851.0,850.05,850.0,850.05,850.05,1050.0,481.0,106,90200.3
2013-04-25,889.0,889.0,850.0,850.05,850.0,850.0,1050.0,481.0,104,88556.0
2013-04-26,850.0,850.0,850.0,850.0,850.0,850.0,1050.0,481.0,50,42500.0
2013-04-29,860.0,861.0,860.0,850.0,861.0,861.0,1050.0,481.0,35,30105.0
2013-04-30,850.55,855.0,850.0,861.0,850.0,850.0,1050.0,481.0,100,85117.5
2013-05-02,850.0,850.0,850.0,850.0,850.0,850.0,1050.0,481.0,56,47600.0
2013-05-03,850.0,850.0,850.0,850.0,850.0,850.0,1050.0,481.0,201,170850.0
2013-05-06,860.0,860.0,850.0,850.0,850.1,850.1,1050.0,481.0,106,90165.0
2013-05-10,860.0,860.0,860.0,850.1,860.0,860.0,1050.0,481.0,13,11180.0
2013-05-13,860.0,860.0,850.0,860.0,850.05,850.05,1050.0,481.0,65,55750.5
2013-05-14,850.0,850.0,850.0,850.05,850.0,850.0,1050.0,481.0,27,22950.0
2013-05-15,851.0,851.0,850.0,850.0,850.0,850.0,1050.0,481.0,295,250770.0
2013-05-16,850.0,850.0,850.0,850.0,850.0,850.0,1050.0,481.0,225,191250.0
2013-05-17,850.0,850.0,850.0,850.0,850.0,850.0,1050.0,481.0,205,174250.0
2013-05-20,850.0,898.0,850.0,850.0,898.0,898.0,1050.0,481.0,13,11194.0
2013-05-21,861.0,870.0,861.0,898.0,870.0,870.0,1050.0,481.0,138,119268.0
2013-05-22,861.0,870.0,861.0,870.0,865.05,865.05,1050.0,481.0,53,45776.1
2013-05-23,870.05,874.0,870.05,865.05,874.0,874.0,1050.0,481.0,111,96974.5
2013-05-24,880.0,880.0,850.0,874.0,850.05,850.05,1050.0,481.0,216,183630.75
2013-05-27,868.0,868.0,850.0,850.05,852.0,852.0,1050.0,502.0,556,473037.9
2013-05-28,850.0,852.0,850.0,852.0,850.0,850.0,1050.0,502.0,362,307900.0
2013-05-29,860.0,860.0,860.0,850.0,860.0,860.0,1050.0,502.0,15,12900.0
2013-05-30,850.0,851.0,850.0,860.0,851.0,851.0,1050.0,502.0,181,153851.0
2013-05-31,851.0,851.0,850.0,851.0,850.0,850.0,1050.0,502.0,195,165790.0
2013-06-03,850.0,850.0,850.0,850.0,850.0,850.0,1050.0,585.0,505,429250.0
2013-06-04,851.0,851.0,850.0,850.0,850.0,850.0,1050.0,585.0,485,412535.0
2013-06-05,850.0,850.0,850.0,850.0,850.0,850.0,1050.0,585.0,20,17000.0
2013-06-06,850.0,850.0,850.0,850.0,850.0,850.0,1050.0,585.0,265,225250.0
2013-06-07,850.0,850.0,850.0,850.0,850.0,850.0,1050.0,585.0,550,467500.0
2013-06-11,850.0,861.0,850.0,850.0,850.0,850.0,1050.0,585.0,600,510246.0
2013-06-12,850.0,850.0,830.0,850.0,850.0,850.0,1050.0,585.0,1196,1014900.0
2013-06-13,828.0,828.0,825.0,850.0,825.0,825.0,1050.0,585.0,500,413400.0
2013-06-17,825.0,825.0,825.0,825.0,825.0,825.0,1050.0,585.0,634,523050.0
2013-06-18,825.0,826.0,825.0,825.0,826.0,826.0,1050.0,585.0,31,25577.0
2013-06-19,826.0,850.0,826.0,826.0,826.0,826.0,1050.0,585.0,72,59500.0
2013-06-20,826.0,826.0,826.0,826.0,826.0,826.0,1050.0,585.0,25,20650.0
2013-06-24,826.0,826.0,826.0,826.0,826.0,826.0,1050.0,585.0,138,113988.0
2013-06-25,825.0,825.0,825.0,826.0,825.0,825.0,1050.0,585.0,5,4125.0
2013-06-26,825.0,825.0,824.5,825.0,824.5,824.5,1050.0,585.0,215,177275.5
2013-06-27,825.0,825.0,825.0,824.5,825.0,825.0,1050.0,585.0,278,229350.0
2013-06-28,823.9,831.75,823.9,825.0,825.0,825.0,1050.0,585.0,556,458706.4
2013-07-01,825.0,825.0,825.0,825.0,825.0,825.0,1050.0,650.0,26,21450.0
2013-07-03,825.0,825.0,825.0,825.0,825.0,825.0,1050.0,650.0,179,147675.0
2013-07-04,825.0,825.0,825.0,825.0,825.0,825.0,1050.0,650.0,436,359700.0
2013-07-05,825.0,825.0,825.0,825.0,825.0,825.0,1050.0,650.0,6,4950.0
2013-07-08,825.0,825.0,825.0,825.0,825.0,825.0,1050.0,723.0,121,99825.0
2013-07-09,825.0,825.0,825.0,825.0,825.0,825.0,1050.0,723.0,160,132000.0
2013-07-12,830.0,830.0,830.0,825.0,830.0,830.0,1050.0,723.0,600,498000.0
2013-07-15,825.0,826.0,825.0,830.0,826.0,826.0,1050.0,731.0,960,792350.0
2013-07-16,825.0,825.0,825.0,826.0,825.0,825.0,1050.0,731.0,210,173250.0
2013-07-17,825.0,825.0,825.0,825.0,825.0,825.0,1050.0,731.0,339,279675.0
2013-07-18,825.0,825.0,825.0,825.0,825.0,825.0,1050.0,731.0,5,4125.0
2013-07-19,825.0,864.9,825.0,825.0,864.9,864.9,1050.0,731.0,11,9114.9
2013-07-23,889.0,889.0,851.0,864.9,851.0,851.0,1050.0,800.0,15,13145.0
2013-07-24,850.0,850.0,840.0,851.0,840.0,840.0,1050.0,800.0,45,38200.0
2013-07-25,801.0,801.0,801.0,840.0,801.0,801.0,1050.0,800.0,10,8010.0
2013-07-26,800.0,800.0,800.0,801.0,800.0,800.0,1050.0,800.0,420,336000.0
2013-07-30,800.0,800.0,800.0,800.0,800.0,800.0,1050.0,800.0,388,310400.0
2013-07-31,800.0,800.0,800.0,800.0,800.0,800.0,1050.0,800.0,300,240000.0
2013-08-01,795.0,795.0,760.0,800.0,760.0,760.0,1050.0,760.0,5012,3984120.0
2013-08-02,750.0,750.0,750.0,760.0,750.0,750.0,1050.0,750.0,100,75000.0
2013-08-05,750.0,750.0,750.0,750.0,750.0,750.0,1050.0,750.0,10,7500.0
2013-08-06,750.0,750.0,749.95,750.0,750.0,750.0,1050.0,749.95,321,240747.5
2013-08-07,750.0,750.0,749.0,750.0,750.0,750.0,1050.0,749.0,259,194150.0
2013-08-08,750.0,778.0,750.0,750.0,750.0,750.0,1050.0,749.0,35,26390.0
2013-08-12,750.0,750.0,750.0,750.0,750.0,750.0,1050.0,749.0,121,90750.0
2013-08-13,755.0,765.0,750.0,750.0,765.0,765.0,1050.0,749.0,109,81800.0
2013-08-14,750.0,750.0,750.0,765.0,750.0,750.0,1050.0,749.0,25,18750.0
2013-08-16,750.0,777.0,750.0,750.0,777.0,777.0,1050.0,749.0,107,80304.0
2013-08-19,750.0,750.0,750.0,777.0,750.0,750.0,1050.0,749.0,105,78750.0
2013-08-20,750.0,750.0,750.0,750.0,750.0,750.0,1050.0,749.0,90,67500.0
2013-08-21,750.0,750.0,750.0,750.0,750.0,750.0,1050.0,749.0,127,95250.0
2013-08-22,750.0,750.0,750.0,750.0,750.0,750.0,1050.0,749.0,160,120000.0
2013-08-23,750.0,750.0,750.0,750.0,750.0,750.0,1050.0,749.0,30,22500.0
2013-08-27,750.0,750.0,750.0,750.0,750.0,750.0,1050.0,749.0,9,6750.0
2013-08-28,750.0,750.0,750.0,750.0,750.0,750.0,1050.0,749.0,5,3750.0
2013-08-29,740.0,740.0,740.0,750.0,740.0,740.0,1050.0,740.0,50,37000.0
2013-08-30,741.0,741.0,741.0,740.0,741.0,741.0,1050.0,740.0,10,7410.0
2013-09-02,741.0,741.0,741.0,741.0,741.0,741.0,1050.0,740.0,2,1482.0
2013-09-03,740.0,740.0,740.0,741.0,740.0,740.0,1050.0,740.0,50,37000.0
2013-09-04,725.5,750.0,725.5,740.0,750.0,750.0,1050.0,725.5,40,29167.0
2013-09-05,725.25,725.25,725.25,750.0,725.25,725.25,1050.0,725.25,1000,725250.0
2013-09-06,726.0,726.0,726.0,725.25,726.0,726.0,1050.0,725.25,200,145200.0
2013-09-10,725.0,725.0,725.0,726.0,725.0,725.0,1050.0,725.0,9,6525.0
2013-09-11,725.0,725.0,725.0,725.0,725.0,725.0,1050.0,725.0,60,43500.0
2013-09-12,725.0,725.0,725.0,725.0,725.0,725.0,1050.0,725.0,288,208800.0
2013-09-13,726.0,726.0,726.0,725.0,726.0,726.0,1050.0,725.0,5,3630.0
2013-09-16,725.0,745.0,725.0,726.0,745.0,745.0,1050.0,725.0,4,2920.0
2013-09-17,725.0,725.0,725.0,745.0,725.0,725.0,1050.0,725.0,115,83375.0
2013-09-18,725.0,725.0,725.0,725.0,725.0,725.0,1050.0,725.0,30,21750.0
2013-09-19,760.0,760.0,725.0,725.0,725.0,725.0,1050.0,725.0,11,8010.0
2013-09-23,725.0,725.05,725.0,725.0,725.05,725.05,1050.0,725.0,88,63802.25
2013-09-26,726.25,730.0,726.25,725.05,730.0,730.0,1050.0,725.0,767,559276.25
2013-09-30,730.0,730.0,730.0,730.0,730.0,730.0,1050.0,725.0,10,7300.0
2013-10-01,740.0,740.0,740.0,730.0,740.0,740.0,1050.0,725.0,100,74000.0
2013-10-03,731.05,731.05,731.05,740.0,731.05,731.05,1050.0,725.0,10,7310.5
2013-10-04,730.05,730.05,730.05,731.05,730.05,730.05,1050.0,725.0,192,140169.6
2013-10-07,731.0,745.0,731.0,730.05,745.0,745.0,1050.0,725.0,5400,4017400.0
2013-10-09,750.0,750.0,731.0,745.0,731.0,731.0,1050.0,725.0,75,55300.0
2013-10-10,730.0,740.0,730.0,731.0,740.0,740.0,1050.0,725.0,2,1470.0
2013-10-11,740.0,740.0,739.95,740.0,739.95,739.95,1050.0,725.0,15,11099.5
2013-10-15,705.0,725.0,705.0,739.95,725.0,725.0,1050.0,705.0,51,36955.0
2013-10-17,725.0,725.0,725.0,725.0,725.0,725.0,1050.0,705.0,218,158050.0
2013-10-18,725.0,725.0,725.0,725.0,725.0,725.0,1050.0,705.0,401,290725.0
2013-10-22,758.85,758.85,758.85,725.0,758.85,758.85,1050.0,705.0,10,7588.5
2013-10-23,759.0,759.0,759.0,758.85,759.0,759.0,1050.0,705.0,10,7590.0
2013-10-24,726.05,726.05,726.05,759.0,726.05,726.05,1050.0,705.0,2,1452.1
2013-10-29,725.05,725.05,725.05,726.05,725.05,725.05,1050.0,705.0,400,290020.0
2013-10-30,750.0,750.0,750.0,725.05,750.0,750.0,1050.0,705.0,1,750.0
2013-10-31,750.0,750.0,750.0,750.0,750.0,750.0,1050.0,705.0,1,750.0
2013-11-01,733.0,745.0,733.0,750.0,740.0,740.0,1050.0,705.0,163,119945.0
2013-11-03,740.0,740.0,740.0,740.0,740.0,740.0,1050.0,705.0,1,740.0
2013-11-06,725.0,734.95,725.0,740.0,734.95,734.95,1050.0,705.0,1600,1160995.0
2013-11-08,725.0,725.0,725.0,734.95,725.0,725.0,1050.0,705.0,444,321900.0
2013-11-11,725.0,725.0,725.0,725.0,725.0,725.0,1050.0,705.0,19,13775.0
2013-11-12,725.0,725.0,725.0,725.0,725.0,725.0,1050.0,705.0,525,380625.0
2013-11-13,725.0,725.0,725.0,725.0,725.0,725.0,1050.0,705.0,500,362500.0
2013-11-21,750.0,750.0,750.0,725.0,750.0,750.0,1000.0,705.0,10,7500.0
2013-11-22,749.95,750.0,739.0,750.0,750.0,750.0,1000.0,705.0,49,36589.8
2013-11-25,725.5,740.0,725.5,750.0,740.0,740.0,1000.0,705.0,12,8720.5
2013-11-26,726.0,726.0,726.0,740.0,726.0,726.0,1000.0,705.0,10,7260.0
2013-11-27,750.0,750.0,750.0,726.0,750.0,750.0,1000.0,705.0,300,225000.0
2013-11-28,750.0,750.0,725.0,750.0,725.0,725.0,1000.0,705.0,410,299750.15
2013-11-29,725.0,749.95,725.0,725.0,726.0,726.0,1000.0,705.0,65,47150.95
2013-12-03,740.0,740.0,740.0,726.0,740.0,740.0,1000.0,705.0,50,37000.0
2013-12-04,725.0,725.0,725.0,740.0,725.0,725.0,1000.0,705.0,299,216775.0
2013-12-05,725.0,730.0,725.0,725.0,730.0,730.0,1000.0,705.0,49,35550.0
2013-12-09,725.0,730.0,725.0,730.0,730.0,730.0,997.5,705.0,350,254250.0
2013-12-10,725.0,726.0,725.0,730.0,726.0,726.0,997.5,705.0,760,551002.0
2013-12-11,725.0,740.0,725.0,726.0,740.0,740.0,997.5,705.0,145,106625.0
2013-12-12,732.0,732.0,732.0,740.0,732.0,732.0,997.5,705.0,50,36600.0
2013-12-13,725.0,725.0,725.0,732.0,725.0,725.0,997.5,705.0,72,52200.0
2013-12-16,744.0,744.0,725.0,725.0,725.0,725.0,945.0,705.0,332,241650.0
2013-12-17,735.0,756.0,725.0,725.0,756.0,756.0,945.0,705.0,101,73756.0
2013-12-18,740.0,740.0,740.0,756.0,740.0,740.0,945.0,705.0,56,41440.0
2013-12-19,738.0,738.0,725.0,740.0,725.0,725.0,945.0,705.0,217,158625.0
2013-12-20,730.0,730.0,725.0,725.0,725.0,725.0,945.0,705.0,135,98125.0
2013-12-23,725.0,735.0,725.0,725.0,725.05,725.05,944.0,705.0,299,217779.95
2013-12-24,730.0,730.0,725.0,725.05,725.0,725.0,944.0,705.0,157,114325.0
2013-12-26,735.0,735.0,725.0,725.0,725.0,725.0,944.0,705.0,499,362775.0
2013-12-30,725.0,746.8,725.0,725.0,746.8,746.8,944.0,705.0,450,327340.0
2013-12-31,725.0,737.0,725.0,746.8,737.0,737.0,944.0,705.0,301,218237.0
2014-01-01,750.0,759.95,750.0,737.0,759.95,759.95,944.0,705.0,2,1509.95
2014-01-02,725.0,726.0,725.0,759.95,725.0,725.0,944.0,705.0,214,155190.0
2014-01-03,725.0,738.0,725.0,725.0,738.0,738.0,944.0,705.0,210,152380.0
2014-01-06,725.0,762.0,725.0,738.0,762.0,762.0,931.95,705.0,101,73262.0
2014-01-07,758.8,780.0,742.0,762.0,742.0,742.0,931.95,705.0,21,15894.0
2014-01-08,740.0,769.95,736.0,742.0,768.5,768.5,931.95,705.0,156,115416.8
2014-01-09,735.0,740.0,735.0,768.5,740.0,740.0,931.95,705.0,120,88700.0
2014-01-13,751.0,751.0,725.05,740.0,725.05,725.45,925.0,705.0,2059,1542448.7
2014-01-14,725.0,761.0,725.0,725.45,750.0,748.05,925.0,705.0,1157,864038.3
2014-01-15,726.0,748.0,726.0,748.05,741.95,741.95,925.0,705.0,135,98915.35
2014-01-16,748.0,748.0,727.1,741.95,727.1,727.1,925.0,705.0,15,11138.3
2014-01-17,750.0,750.0,725.0,727.1,725.0,725.0,925.0,705.0,390,283030.0
2014-01-20,730.0,749.9,725.0,725.0,725.2,741.15,925.0,705.0,5126,3797425.05
2014-01-21,744.8,744.8,725.0,741.15,725.0,725.0,925.0,705.0,2506,1856462.0
2014-01-22,749.0,749.0,725.0,725.0,725.0,725.0,925.0,705.0,260,188524.0
2014-01-23,743.95,743.95,725.0,725.0,726.55,726.55,925.0,705.0,3067,2280156.6
2014-01-24,749.85,749.85,725.0,726.55,726.0,729.4,925.0,705.0,1721,1270857.4
2014-01-27,725.0,726.0,715.0,729.4,715.0,715.0,925.0,705.0,2483,1794223.0
2014-01-28,716.0,725.0,715.0,715.0,715.0,715.0,925.0,705.0,456,326078.05
2014-01-29,716.05,719.95,715.0,715.0,715.0,715.0,925.0,705.0,257,183793.95
2014-01-30,715.0,725.0,715.0,715.0,715.0,715.0,925.0,705.0,403,288539.0
2014-01-31,724.9,735.0,716.2,715.0,725.0,725.0,925.0,705.0,129,93635.6
2014-02-03,715.05,716.0,715.0,725.0,715.0,715.0,925.0,705.0,231,165166.7
2014-02-04,715.0,720.0,715.0,715.0,720.0,720.0,925.0,705.0,302,215940.0
2014-02-05,715.05,720.0,701.05,720.0,715.0,715.0,925.0,701.05,856,612036.1
2014-02-06,715.1,720.0,715.0,715.0,720.0,720.0,925.0,701.05,26,18655.1
2014-02-07,730.0,730.0,720.0,720.0,720.0,720.0,925.0,701.05,66,47835.0
2014-02-10,720.0,720.0,715.0,720.0,715.0,715.0,925.0,701.05,33,23713.05
2014-02-11,715.05,715.1,715.0,715.0,715.1,715.1,925.0,701.05,6,4290.15
2014-02-12,725.0,725.0,715.0,715.1,715.0,715.0,925.0,701.05,5165,3743155.0
2014-02-14,707.9,716.0,707.9,715.0,715.0,715.0,925.0,701.05,2030,1451452.9
2014-02-17,715.0,715.0,715.0,715.0,715.0,715.0,925.0,701.05,303,216645.0
2014-02-18,728.0,728.0,715.0,715.0,715.05,715.05,925.0,701.05,14,10062.3
2014-02-19,724.85,730.0,715.1,715.05,730.0,729.45,925.0,701.05,5561,4030911.55
2014-02-20,730.0,730.0,715.0,729.45,720.0,721.45,925.0,701.05,330,237152.75
2014-02-21,725.0,745.0,725.0,721.45,744.95,731.85,925.0,701.05,154,113399.5
2014-02-24,715.05,725.0,715.05,731.85,725.0,725.0,915.05,701.05,10,7230.1
2014-02-26,730.0,761.25,730.0,725.0,761.25,761.25,915.05,701.05,526,396328.5
2014-02-28,770.0,780.0,742.75,761.25,743.0,757.7,915.05,701.05,651,499737.0
2014-03-03,789.4,795.55,789.4,757.7,795.55,795.55,915.05,701.05,94,74424.4
2014-03-04,835.3,835.3,802.0,795.55,830.0,830.0,915.05,701.05,243,198945.25
2014-03-05,850.0,858.95,830.0,830.0,858.95,839.65,915.05,701.05,224,187740.85
2014-03-06,850.0,881.6,850.0,839.65,865.1,863.4,915.05,701.05,773,671547.45
2014-03-07,890.0,890.0,802.5,863.4,837.0,840.0,915.05,701.05,386,329303.65
2014-03-10,815.0,839.75,804.4,840.0,804.4,815.95,915.05,701.05,130,105996.15
2014-03-11,797.0,800.4,759.95,815.95,800.0,799.9,915.05,701.05,1176,914867.35
2014-03-12,799.0,815.0,799.0,799.9,815.0,813.25,915.05,701.05,1260,1020935.75
2014-03-13,800.0,900.25,776.55,813.25,830.0,829.85,915.05,701.05,997,854047.65
2014-03-14,875.0,879.0,836.1,829.85,838.0,841.05,915.05,701.05,668,565584.1
2014-03-18,811.1,853.9,811.1,841.05,847.5,832.95,906.9,701.05,387,318844.85
2014-03-19,847.0,863.95,831.0,832.95,850.0,850.0,906.9,701.05,240,203902.8
2014-03-20,840.0,849.9,816.0,850.0,816.0,834.05,906.9,701.05,162,135339.25
2014-03-21,850.0,850.0,830.0,834.05,833.0,833.0,906.9,701.05,151,127758.0
2014-03-22,870.0,870.0,870.0,833.0,870.0,870.0,906.9,701.05,1,870.0
2014-03-24,869.9,869.9,830.0,870.0,841.95,832.15,900.25,701.05,303,253298.45
2014-03-25,825.1,835.0,825.1,832.15,835.0,835.0,900.25,701.05,36,29765.0
2014-03-26,821.0,821.0,800.0,835.0,810.0,812.75,900.25,701.05,289,234720.5
2014-03-27,813.1,830.0,810.0,812.75,810.0,819.75,900.25,701.05,128,104749.2
2014-03-28,850.0,959.1,800.0,819.75,800.0,817.8,959.1,701.05,679,570423.6
2014-03-31,832.0,833.95,800.0,817.8,808.0,817.25,959.1,701.05,297,239511.35
2014-04-01,806.0,850.0,805.0,817.25,830.2,829.7,959.1,701.05,266,222811.1
2014-04-02,858.9,898.7,821.25,829.7,898.7,866.8,959.1,701.05,663,560773.45
2014-04-03,906.4,920.0,880.0,866.8,892.2,897.4,959.1,701.05,1132,1012582.65
2014-04-04,893.0,970.0,893.0,897.4,950.0,952.05,970.0,701.05,1188,1122667.25
2014-04-07,950.0,969.0,932.0,952.05,967.0,963.85,970.0,701.05,324,307260.8
2014-04-09,967.0,967.0,925.0,963.85,943.0,931.65,970.0,701.05,256,238629.2
2014-04-10,930.0,939.0,900.0,931.65,900.0,902.25,970.0,701.05,232,212974.75
2014-04-11,924.9,924.9,900.0,902.25,900.0,913.15,970.0,701.05,481,436215.55
2014-04-15,921.8,921.8,900.0,913.15,900.0,900.0,970.0,701.05,22,19843.6
2014-04-16,903.0,923.0,900.0,900.0,915.0,913.3,970.0,701.05,303,275609.3
2014-04-17,880.0,935.0,842.0,913.3,935.0,933.45,970.0,701.05,756,693370.95
2014-04-21,933.45,950.45,911.1,933.45,920.0,921.95,970.0,701.05,1842,1708734.75
2014-04-22,915.0,940.0,912.0,921.95,920.0,920.2,970.0,701.05,1610,1493872.65
2014-04-23,911.15,945.0,911.15,920.2,935.0,932.8,970.0,701.05,1023,949416.8
2014-04-25,910.0,930.0,910.0,932.8,925.0,924.8,970.0,701.05,520,478644.65
2014-04-28,920.0,945.0,920.0,924.8,944.95,944.95,970.0,701.05,269,250578.75
2014-04-29,925.1,925.1,925.0,944.95,925.0,925.0,970.0,701.05,12,11100.6
2014-04-30,914.0,916.0,910.0,925.0,910.0,910.0,970.0,701.05,64,58273.0
2014-05-02,930.0,938.0,920.0,910.0,935.0,935.0,970.0,701.05,232,215480.25
2014-05-05,920.5,920.5,920.5,935.0,920.5,920.5,970.0,701.05,14,12887.0
2014-05-06,922.2,955.0,921.5,920.5,940.0,940.55,970.0,701.05,1543,1448906.7
2014-05-07,940.0,950.0,922.1,940.55,922.1,922.2,970.0,701.05,295,274663.15
2014-05-08,922.0,938.95,922.0,922.2,938.95,938.85,970.0,701.05,90,84087.2
2014-05-09,925.0,935.0,925.0,938.85,935.0,926.75,970.0,701.05,160,148030.8
2014-05-12,925.0,935.0,925.0,926.75,925.0,925.0,970.0,701.05,881,816480.2
2014-05-13,935.0,935.0,875.5,925.0,921.0,918.8,970.0,701.05,1188,1079544.3
2014-05-14,911.25,950.0,911.25,918.8,950.0,950.0,970.0,701.05,389,366612.6
2014-05-15,940.0,949.0,908.25,950.0,934.85,917.45,970.0,701.05,188,174971.9
2014-05-16,975.0,975.0,887.95,917.45,904.95,890.4,975.0,701.05,945,849881.35
2014-05-19,895.0,970.25,880.0,890.4,970.25,961.5,975.0,701.05,1853,1713852.65
2014-05-20,951.0,994.0,950.0,961.5,980.0,975.85,994.0,701.05,2164,2127100.6
2014-05-21,975.0,1007.0,958.05,975.85,985.0,981.85,1007.0,701.05,1322,1301237.5
2014-05-22,980.0,1140.0,980.0,981.85,1085.0,1071.25,1140.0,701.05,3401,3637217.15
2014-05-23,1050.1,1090.0,1050.1,1071.25,1084.0,1083.1,1140.0,701.05,635,682297.5
2014-05-26,1100.0,1100.0,1006.0,1083.1,1050.0,1050.65,1140.0,701.05,542,576445.5
2014-05-27,990.0,1047.95,990.0,1050.65,994.0,997.9,1140.0,701.05,680,683048.7
2014-05-28,992.1,1001.0,980.0,997.9,1001.0,1000.05,1140.0,701.05,202,201438.55
2014-05-29,985.0,985.0,961.2,1000.05,961.25,961.55,1140.0,701.05,63,60935.85
2014-05-30,935.2,1020.0,935.2,961.55,1010.0,1010.0,1140.0,701.05,456,446719.7
2014-06-02,1010.0,1010.0,964.0,1010.0,1000.0,994.2,1140.0,701.05,1320,1304373.85
2014-06-03,1040.0,1068.0,1000.0,994.2,1041.0,1038.0,1140.0,701.05,631,654637.05
2014-06-04,1026.05,1050.0,1025.0,1038.0,1030.1,1030.05,1140.0,701.05,263,273006.85
2014-06-05,1086.0,1086.95,1005.05,1030.05,1025.0,1028.15,1140.0,701.05,387,401885.9
2014-06-06,1095.0,1155.0,1070.0,1028.15,1120.0,1146.0,1155.0,701.05,6598,7272348.95
2014-06-09,1178.9,1178.9,1091.2,1146.0,1100.0,1099.2,1178.9,701.05,2525,2863748.05
2014-06-10,1066.05,1110.0,1066.05,1099.2,1089.9,1081.0,1178.9,701.05,3127,3385243.05
2014-06-11,1096.0,1145.0,1089.0,1081.0,1108.25,1116.3,1178.9,701.05,1845,2066001.4
2014-06-12,1116.3,1116.3,1045.05,1116.3,1055.1,1068.15,1178.9,701.05,898,967294.2
2014-06-13,1129.0,1129.0,1009.0,1068.15,1014.0,1032.15,1178.9,701.05,639,661709.5
2014-06-16,1010.1,1010.1,970.0,1032.15,994.0,999.95,1178.9,701.05,858,852883.65
2014-06-17,990.2,1039.0,990.2,999.95,1028.5,1034.8,1178.9,701.05,653,668906.65
2014-06-18,1065.0,1065.0,1010.0,1034.8,1025.0,1019.55,1178.9,701.05,324,330799.5
2014-06-19,990.05,1050.0,990.05,1019.55,1023.0,1036.45,1178.9,701.05,596,612896.85
2014-06-20,1037.95,1068.0,1026.0,1036.45,1059.95,1048.75,1178.9,701.05,936,982939.35
2014-06-23,1080.0,1199.0,1055.0,1048.75,1137.9,1119.1,1199.0,701.05,3953,4528008.75
2014-06-24,1149.0,1220.0,1115.0,1119.1,1115.0,1124.5,1220.0,701.05,1329,1548491.95
2014-06-25,1125.0,1146.6,1085.0,1124.5,1123.0,1122.3,1220.0,701.05,345,384656.1
2014-06-26,1080.0,1129.95,1080.0,1122.3,1090.0,1090.0,1220.0,701.05,590,646496.55
2014-06-27,1051.1,1134.95,1051.1,1090.0,1065.0,1071.75,1220.0,701.05,777,840243.85
2014-06-30,1081.0,1090.0,1036.05,1071.75,1040.0,1045.0,1220.0,701.05,1252,1327733.55
2014-07-01,1050.0,1144.0,1020.0,1045.0,1072.65,1077.1,1220.0,701.05,926,1003741.75
2014-07-02,1067.5,1085.0,1051.1,1077.1,1066.0,1074.3,1220.0,701.05,708,756994.0
2014-07-03,1060.05,1061.1,1050.0,1074.3,1050.0,1050.0,1220.0,701.05,517,546066.45
2014-07-04,1030.0,1066.95,1029.05,1050.0,1058.9,1058.9,1220.0,701.05,184,191931.95
2014-07-07,1076.05,1080.2,1039.05,1058.9,1050.0,1047.85,1220.0,701.05,570,601666.3
2014-07-08,1051.0,1069.0,1032.0,1047.85,1058.0,1050.55,1220.0,701.05,214,224183.0
2014-07-09,1030.0,1053.0,1014.0,1050.55,1025.0,1027.0,1220.0,701.05,523,540186.25
2014-07-10,1025.05,1059.0,1019.95,1027.0,1058.0,1053.25,1220.0,701.05,222,230823.1
2014-07-11,1050.0,1050.0,980.5,1053.25,999.0,992.15,1220.0,701.05,1453,1455195.4
2014-07-14,999.9,1009.8,992.15,992.15,992.15,1008.95,1220.0,701.05,41,41172.55
2014-07-15,996.05,999.0,977.0,1008.95,996.0,996.0,1220.0,701.05,157,156232.75
2014-07-16,1019.9,1019.9,998.0,996.0,1000.1,998.95,1220.0,701.05,53,53325.45
2014-07-17,990.0,999.0,990.0,998.95,999.0,999.0,1220.0,701.05,60,59647.3
2014-07-18,991.0,999.75,975.0,999.0,999.75,993.2,1220.0,701.05,84,82754.75
2014-07-21,985.0,992.0,975.0,993.2,975.0,978.55,1220.0,701.05,93,91171.4
2014-07-22,975.0,1000.0,975.0,978.55,1000.0,993.0,1220.0,701.05,271,267635.05
2014-07-23,991.0,995.0,965.0,993.0,965.0,973.8,1220.0,701.05,1110,1084074.0
2014-07-24,1050.0,1050.0,983.05,973.8,987.0,989.75,1220.0,701.05,696,692975.1
2014-07-25,997.0,997.0,950.0,989.75,965.0,971.3,1220.0,701.05,73,70251.75
2014-07-28,975.0,975.0,925.0,971.3,968.0,957.2,1220.0,701.05,327,306661.0
2014-07-30,943.5,943.5,880.0,957.2,909.95,908.5,1220.0,701.05,1616,1451089.15
2014-07-31,899.4,919.0,899.4,908.5,915.0,911.2,1220.0,701.05,584,529350.2
2014-08-01,914.0,966.9,910.0,911.2,940.0,955.7,1220.0,701.05,457,430485.4
2014-08-04,949.0,960.0,936.0,955.7,959.0,953.25,1220.0,701.05,79,75153.6
2014-08-05,964.5,979.0,964.5,953.25,975.0,975.0,1220.0,701.05,344,334937.75
2014-08-06,975.0,979.0,975.0,975.0,975.0,977.85,1220.0,701.05,486,474042.5
2014-08-07,975.0,975.0,975.0,977.85,975.0,975.0,1220.0,701.05,478,466050.0
2014-08-08,975.0,985.0,975.0,975.0,980.0,976.85,1220.0,701.05,394,384396.2
2014-08-11,970.0,976.0,970.0,976.85,976.0,976.0,1220.0,701.05,451,438971.0
2014-08-12,975.0,1003.35,975.0,976.0,1000.0,996.8,1220.0,701.05,528,526397.1
2014-08-13,931.0,1006.0,931.0,996.8,1006.0,980.1,1220.0,701.05,811,789196.8
2014-08-14,980.1,1005.0,965.0,980.1,976.15,976.15,1220.0,701.05,28,27837.55
2014-08-18,980.0,1026.7,980.0,976.15,1024.0,1025.65,1220.0,701.05,577,582760.7
2014-08-19,1006.25,1070.0,1006.25,1025.65,1070.0,1067.45,1220.0,701.05,4515,4719799.95
2014-08-20,1066.25,1098.0,1050.0,1067.45,1098.0,1078.65,1220.0,701.05,297,319751.35
2014-08-21,1070.0,1082.0,1070.0,1078.65,1082.0,1076.5,1220.0,701.05,650,695830.0
2014-08-22,1070.0,1125.0,1069.0,1076.5,1124.8,1120.65,1220.0,701.05,2244,2495180.65
2014-08-25,1100.0,1125.0,1100.0,1120.65,1100.0,1100.0,1220.0,701.05,930,1034609.25
2014-08-26,1100.0,1115.0,1100.0,1100.0,1100.0,1100.0,1220.0,701.05,2147,2363282.7
2014-08-27,1100.1,1109.9,1100.0,1100.0,1100.0,1101.8,1220.0,701.05,85,93653.0
2014-08-28,1101.8,1118.0,1100.0,1101.8,1105.0,1107.9,1220.0,701.05,377,416686.65
2014-09-01,1100.0,1203.0,1100.0,1107.9,1159.0,1171.1,1220.0,701.05,5198,5995306.2
2014-09-02,1152.3,1214.0,1152.3,1171.1,1186.2,1186.2,1220.0,701.05,910,1078429.5
2014-09-03,1174.9,1199.85,1157.5,1186.2,1199.85,1174.1,1220.0,701.05,320,376255.95
2014-09-04,1174.0,1265.0,1161.0,1174.1,1265.0,1252.45,1265.0,701.05,2558,3142164.75
2014-09-05,1245.0,1250.0,1170.0,1252.45,1231.0,1231.0,1265.0,701.05,457,561454.05
2014-09-08,1229.0,1450.0,1215.0,1231.0,1404.0,1440.45,1450.0,701.05,5349,7281749.6
2014-09-09,1477.0,1480.0,1372.0,1440.45,1391.0,1401.5,1480.0,701.05,2496,3496233.85
2014-09-10,1444.0,1480.0,1390.0,1401.5,1390.0,1418.0,1480.0,701.05,1955,2817936.55
2014-09-11,1399.0,1423.0,1362.5,1418.0,1419.0,1418.9,1480.0,701.05,1466,2044160.3
2014-09-12,1418.95,1479.9,1377.05,1418.9,1455.0,1448.55,1480.0,701.05,1503,2160062.85
2014-09-15,1437.95,1438.0,1310.6,1448.55,1377.0,1376.6,1480.0,701.05,409,561680.7
2014-09-16,1400.0,1400.0,1278.5,1376.6,1289.0,1287.75,1480.0,701.05,384,511978.15
2014-09-17,1291.75,1319.9,1235.05,1287.75,1267.0,1268.7,1480.0,701.05,358,458153.5
2014-09-18,1315.0,1339.0,1250.0,1268.7,1250.0,1286.5,1480.0,701.05,1391,1779997.8
2014-09-19,1255.0,1300.0,1255.0,1286.5,1293.95,1279.05,1480.0,701.05,289,372597.45
2014-09-22,1255.0,1295.0,1250.0,1279.05,1265.0,1258.45,1480.0,701.05,3723,4691980.25
2014-09-23,1246.0,1267.6,1217.0,1258.45,1245.0,1245.9,1480.0,701.05,1711,2135447.65
2014-09-24,1230.0,1233.9,1206.1,1245.9,1224.0,1223.2,1480.0,701.05,830,1014758.05
2014-09-25,1222.0,1222.0,1206.0,1223.2,1206.0,1206.0,1480.0,701.05,399,481693.6
2014-09-26,1205.0,1230.0,1205.0,1206.0,1230.0,1224.35,1480.0,701.05,876,1070821.1
2014-09-29,1198.3,1249.95,1198.3,1224.35,1206.0,1207.0,1480.0,701.05,122,148342.45
2014-09-30,1219.95,1256.6,1206.0,1207.0,1215.15,1215.15,1480.0,701.05,373,458061.55
2014-10-01,1211.0,1242.95,1211.0,1215.15,1225.0,1225.5,1480.0,701.05,361,442481.75
2014-10-07,1201.05,1224.95,1200.0,1225.5,1204.0,1210.0,1480.0,701.05,487,590518.2
2014-10-08,1200.0,1234.2,1171.05,1210.0,1190.0,1200.7,1480.0,701.05,1351,1619736.65
2014-10-09,1280.0,1290.2,1201.05,1200.7,1210.0,1218.4,1480.0,701.05,433,528903.5
2014-10-10,1209.55,1214.5,1185.0,1218.4,1190.0,1194.25,1480.0,701.05,218,260828.9
2014-10-13,1165.0,1211.9,1165.0,1194.25,1201.05,1201.05,1480.0,701.05,123,147714.7
2014-10-14,1192.5,1200.0,1175.0,1201.05,1191.0,1194.1,1480.0,701.05,1666,1983130.35
2014-10-16,1191.0,1210.0,1190.0,1194.1,1190.0,1191.4,1480.0,701.05,620,743673.55
2014-10-17,1185.0,1200.0,1180.0,1191.4,1180.0,1182.2,1480.0,701.05,78,93084.15
2014-10-20,1171.1,1204.95,1171.1,1182.2,1198.95,1196.95,1480.0,701.05,14,16624.75
2014-10-21,1200.0,1277.0,1190.1,1196.95,1260.0,1255.55,1480.0,701.05,2280,2848162.45
2014-10-22,1251.0,1300.0,1250.0,1255.55,1270.0,1274.2,1480.0,701.05,223,285668.35
2014-10-23,1275.1,1275.5,1260.0,1274.2,1260.0,1260.0,1480.0,701.05,125,159030.0
2014-10-27,1260.0,1335.0,1252.1,1260.0,1262.05,1259.0,1480.0,701.05,274,355379.8
2014-10-28,1299.95,1318.0,1290.0,1259.0,1291.0,1293.2,1480.0,701.05,205,267553.45
2014-10-29,1299.0,1345.0,1251.2,1293.2,1258.2,1278.75,1480.0,701.05,258,337330.5
2014-10-30,1254.1,1286.0,1250.0,1278.75,1255.0,1253.35,1480.0,701.05,192,241643.2
2014-10-31,1298.0,1300.0,1252.3,1253.35,1255.3,1265.45,1480.0,701.05,290,372243.1
2014-11-03,1270.0,1310.0,1255.0,1265.45,1300.0,1299.75,1480.0,701.05,1112,1421806.8
2014-11-05,1295.75,1295.75,1270.1,1299.75,1270.1,1284.65,1480.0,701.05,57,73364.95
2014-11-07,1267.0,1295.95,1267.0,1284.65,1275.05,1279.5,1480.0,701.05,494,631465.25
2014-11-10,1270.0,1301.0,1251.6,1279.5,1271.0,1271.0,1480.0,701.05,668,857749.85
2014-11-11,1295.0,1340.5,1295.0,1271.0,1312.2,1333.55,1480.0,701.05,1085,1431390.45
2014-11-12,1282.65,1350.0,1281.1,1333.55,1301.0,1307.35,1480.0,701.05,703,915716.65
2014-11-13,1308.0,1440.0,1308.0,1307.35,1410.0,1418.55,1480.0,701.05,2713,3783789.45
2014-11-14,1420.0,1425.0,1361.0,1418.55,1366.0,1372.9,1480.0,701.05,1204,1696491.4
2014-11-17,1420.0,1420.0,1310.05,1372.9,1340.0,1337.75,1480.0,701.05,361,485258.3
2014-11-18,1343.3,1400.0,1308.0,1337.75,1370.0,1365.45,1480.0,701.05,834,1141471.7
2014-11-19,1365.45,1393.15,1333.0,1365.45,1350.0,1349.45,1480.0,701.05,334,457621.35
2014-11-20,1350.05,1370.0,1308.0,1349.45,1345.9,1333.6,1480.0,701.05,218,292216.85
2014-11-21,1345.85,1350.0,1301.0,1333.6,1301.0,1309.1,1480.0,701.05,408,541900.7
2014-11-24,1350.0,1350.0,1301.0,1309.1,1301.0,1301.05,1480.0,701.05,281,366539.15
2014-11-25,1301.05,1301.05,1247.95,1301.05,1265.0,1262.55,1480.0,701.05,1221,1543420.5
2014-11-26,1298.95,1298.95,1259.05,1262.55,1295.0,1295.0,1480.0,701.05,23,29707.1
2014-11-27,1245.35,1258.0,1245.35,1295.0,1249.0,1249.05,1480.0,701.05,329,411445.35
2014-11-28,1251.0,1270.95,1245.0,1249.05,1245.0,1248.05,1480.0,701.05,559,698952.1
2014-12-01,1248.05,1275.0,1228.9,1248.05,1228.9,1236.45,1480.0,701.05,227,281749.2
2014-12-02,1250.0,1250.0,1222.05,1236.45,1222.05,1223.4,1480.0,701.05,50,61302.15
2014-12-03,1225.0,1240.0,1223.0,1223.4,1223.0,1232.0,1480.0,701.05,92,113164.3
2014-12-04,1240.0,1289.0,1240.0,1232.0,1261.0,1256.65,1480.0,701.05,347,436254.5
2014-12-05,1240.1,1254.0,1221.0,1256.65,1221.0,1225.4,1480.0,701.05,536,664014.15
2014-12-08,1275.0,1275.0,1225.0,1225.4,1225.0,1226.45,1480.0,701.05,847,1052808.9
2014-12-09,1235.0,1235.0,1185.0,1226.45,1228.0,1222.9,1480.0,701.05,257,309593.05
2014-12-10,1250.0,1418.2,1174.0,1222.9,1180.0,1212.7,1480.0,701.05,139,169584.8
2014-12-11,1260.0,1324.0,1210.0,1212.7,1235.0,1225.5,1480.0,701.05,996,1231754.05
2014-12-12,1197.0,1213.95,1170.0,1225.5,1198.0,1184.4,1480.0,701.05,874,1036947.9
2014-12-15,1182.05,1196.3,1153.0,1184.4,1153.0,1157.1,1480.0,701.05,308,359497.45
2014-12-16,1147.95,1147.95,1035.05,1157.1,1065.0,1101.8,1480.0,701.05,707,781195.75
2014-12-17,1105.0,1188.0,1089.0,1101.8,1188.0,1180.95,1480.0,701.05,413,467802.0
2014-12-18,1155.0,1160.0,1150.0,1180.95,1160.0,1159.0,1480.0,701.05,11,12745.0
2014-12-19,1200.0,1200.0,1160.0,1159.0,1160.0,1193.6,1480.0,701.05,464,547139.2
2014-12-22,1186.0,1201.0,1116.1,1193.6,1124.9,1132.8,1480.0,701.05,295,338095.15
2014-12-23,1140.0,1152.05,1100.0,1132.8,1103.0,1103.0,1480.0,701.05,619,694647.8
2014-12-24,1110.0,1150.0,1110.0,1103.0,1150.0,1149.2,1480.0,701.05,34,38533.85
2014-12-26,1142.0,1185.0,1132.0,1149.2,1132.0,1141.0,1480.0,701.05,29,33595.45
2014-12-29,1147.0,1158.0,1140.0,1141.0,1158.0,1152.75,1480.0,701.05,42,48170.0
2014-12-30,1159.0,1160.0,1102.75,1152.75,1160.0,1147.95,1480.0,701.05,48,55317.8
2014-12-31,1141.0,1143.0,1077.3,1147.95,1112.0,1121.85,1480.0,701.05,372,411478.9
2015-01-01,1129.0,1170.0,1116.0,1121.85,1168.85,1168.8,1480.0,701.05,300,343862.05
2015-01-02,1176.0,1176.0,1140.25,1168.8,1145.0,1145.0,1480.0,701.05,147,170170.5
2015-01-05,995.05,1340.0,995.05,1145.0,1085.0,1087.7,1480.0,701.05,2638,2801113.2
2015-01-06,1095.0,1189.0,1089.0,1087.7,1150.0,1155.3,1480.0,701.05,1495,1714266.85
2015-01-07,1155.3,1174.95,1150.0,1155.3,1154.0,1154.0,1480.0,701.05,54,62318.95
2015-01-08,1160.0,1190.0,1150.0,1154.0,1150.0,1153.95,1480.0,701.05,1225,1421251.55
2015-01-09,1198.7,1198.7,1150.05,1153.95,1150.05,1150.35,1480.0,701.05,140,163350.95
2015-01-12,1150.0,1174.0,1110.0,1150.35,1120.0,1124.1,1480.0,701.05,603,687484.75
2015-01-13,1124.1,1124.1,1106.0,1124.1,1120.0,1120.75,1480.0,701.05,696,778044.15
2015-01-14,1064.7,1176.8,1064.7,1120.75,1109.05,1108.95,1480.0,701.05,716,794689.75
2015-01-15,1075.8,1148.0,1075.8,1108.95,1141.15,1140.1,1480.0,701.05,188,212704.8
2015-01-16,1155.0,1175.0,1121.0,1140.1,1129.0,1139.95,1480.0,701.05,381,437687.65
2015-01-19,1196.9,1227.0,1123.55,1139.95,1155.0,1170.8,1480.0,701.05,600,693423.75
2015-01-20,1152.25,1200.0,1152.25,1170.8,1200.0,1200.0,1480.0,701.05,1235,1464530.2
2015-01-21,1200.0,1211.1,1200.0,1200.0,1200.0,1200.0,1480.0,701.05,416,499215.5
2015-01-22,1200.0,1200.0,1200.0,1200.0,1200.0,1200.0,1480.0,701.05,461,553200.0
2015-01-23,1201.05,1219.0,1200.0,1200.0,1200.0,1200.0,1480.0,701.05,116,139327.45
2015-01-27,1200.0,1219.0,1200.0,1200.0,1200.0,1205.25,1480.0,701.05,363,436393.2
2015-01-28,1243.1,1245.0,1200.0,1205.25,1202.0,1201.15,1480.0,701.05,468,562978.55
2015-01-29,1200.0,1225.0,1200.0,1201.15,1225.0,1208.7,1480.0,701.05,73,87810.25
2015-01-30,1200.0,1220.0,1160.5,1208.7,1195.0,1195.4,1480.0,701.05,1063,1269090.85
2015-02-02,1165.0,1254.95,1165.0,1195.4,1171.0,1176.65,1480.0,701.05,119,141594.1
2015-02-03,1171.0,1175.0,1129.0,1176.65,1156.0,1156.0,1480.0,701.05,344,395510.9
2015-02-04,1160.0,1200.0,1143.4,1156.0,1149.0,1148.9,1480.0,701.05,2007,2367451.9
2015-02-05,1148.9,1200.0,1078.9,1148.9,1180.0,1185.8,1480.0,701.05,8720,10305976.7
2015-02-06,1160.0,1188.5,1155.0,1185.8,1165.0,1161.25,1480.0,701.05,841,978883.75
2015-02-09,1196.95,1249.4,1110.0,1161.25,1249.4,1182.5,1480.0,707.9,424,496507.05
2015-02-10,1112.5,1208.0,1112.5,1182.5,1200.0,1199.95,1480.0,707.9,794,944970.0
2015-02-11,1140.1,1188.0,1140.1,1199.95,1141.0,1151.65,1480.0,707.9,203,235365.55
2015-02-12,1146.0,1205.0,1138.0,1151.65,1161.0,1158.8,1480.0,707.9,543,642032.25
2015-02-13,1150.0,1193.95,1150.0,1158.8,1167.15,1167.15,1480.0,707.9,168,194404.6
2015-02-16,1189.0,1202.0,1140.0,1167.15,1202.0,1188.8,1480.0,715.0,444,527626.5
2015-02-18,1199.0,1201.0,1165.55,1188.8,1201.0,1199.55,1480.0,715.0,553,661415.1
2015-02-19,1200.0,1200.0,1165.2,1199.55,1190.0,1198.4,1480.0,715.0,447,530686.15
2015-02-20,1225.0,1378.9,1146.05,1198.4,1160.0,1178.25,1480.0,715.0,452,556124.7
2015-02-23,1150.0,1200.0,1149.95,1178.25,1160.0,1160.35,1480.0,715.05,1195,1404978.85
2015-02-24,1150.15,1194.0,1150.15,1160.35,1170.0,1170.0,1480.0,715.05,120,138907.0
2015-02-25,1153.05,1160.0,1145.0,1170.0,1145.0,1150.85,1480.0,715.05,303,348874.7
2015-02-26,1145.05,1180.0,1125.0,1150.85,1125.0,1138.15,1480.0,715.05,145,165479.7
2015-02-27,1100.0,1180.0,1100.0,1138.15,1165.0,1170.7,1480.0,715.05,197,229106.35
2015-02-28,1135.0,1179.0,1135.0,1170.7,1167.0,1167.0,1480.0,715.05,35,40600.0
2015-03-02,1155.0,1177.95,1150.0,1167.0,1150.0,1153.5,1480.0,759.95,71,81685.2
2015-03-03,1155.0,1168.0,1130.0,1153.5,1130.0,1150.2,1480.0,759.95,663,762371.35
2015-03-04,1149.9,1150.0,1131.6,1150.2,1131.6,1131.6,1480.0,759.95,41,47053.8
2015-03-05,1125.0,1178.8,1065.9,1131.6,1071.0,1095.3,1480.0,759.95,412,465213.85
2015-03-09,1115.0,1120.0,1052.0,1095.3,1061.5,1066.5,1480.0,759.95,2843,3042049.2
2015-03-10,1080.0,1090.0,1066.5,1066.5,1066.5,1070.65,1480.0,759.95,35,37848.15
2015-03-11,1065.5,1065.5,1031.0,1070.65,1031.0,1038.05,1480.0,759.95,198,205995.6
2015-03-12,991.0,1099.0,991.0,1038.05,1014.0,1013.2,1480.0,759.95,158,161924.0
2015-03-13,1025.0,1025.05,990.0,1013.2,1010.0,991.85,1480.0,759.95,610,609335.8
2015-03-16,1025.0,1025.0,950.0,991.85,950.0,964.45,1480.0,800.0,210,205663.0
2015-03-17,970.0,1022.3,950.0,964.45,970.0,970.0,1480.0,800.0,186,181402.4
2015-03-18,1000.0,1005.0,955.0,970.0,969.0,977.75,1480.0,800.0,105,101685.1
2015-03-19,969.0,975.0,930.5,977.75,932.0,944.05,1480.0,800.0,636,607627.45
2015-03-20,940.0,980.0,930.0,944.05,930.0,939.25,1480.0,800.0,5657,5347385.85
2015-03-23,939.95,949.0,895.0,939.25,905.0,902.1,1480.0,800.0,220,200307.1
2015-03-24,950.0,950.0,902.0,902.1,905.0,903.0,1480.0,800.0,198,180653.7
2015-03-25,900.0,900.0,870.0,903.0,870.0,874.35,1480.0,800.0,339,298622.55
2015-03-26,874.0,899.0,850.0,874.35,899.0,899.0,1480.0,800.0,187,163763.7
2015-03-27,969.0,969.0,850.0,899.0,850.0,865.45,1480.0,800.0,1324,1210260.65
2015-03-30,899.0,900.0,870.0,865.45,890.0,878.6,1480.0,800.0,146,130111.15
2015-03-31,892.0,892.0,800.0,878.6,830.0,813.05,1480.0,800.0,8201,6714978.85
2015-04-01,834.7,855.0,820.0,813.05,849.9,849.85,1480.0,800.0,618,521980.45
2015-04-06,847.0,847.0,832.0,849.85,842.5,842.5,1480.0,800.0,395,331651.1
2015-04-07,820.0,850.0,820.0,842.5,844.5,844.05,1480.0,800.0,445,374325.4
2015-04-08,855.5,885.0,831.25,844.05,880.0,873.0,1480.0,800.0,345,300352.65
2015-04-09,867.0,920.0,867.0,873.0,876.2,887.85,1480.0,800.0,1223,1091919.95
2015-04-10,922.0,929.0,887.85,887.85,899.0,892.4,1480.0,800.0,277,250718.2
2015-04-13,898.4,912.0,858.0,892.4,860.0,864.75,1480.0,800.0,1056,922167.45
2015-04-15,855.0,876.0,855.0,864.75,868.0,863.0,1480.0,800.0,1581,1375537.3
2015-04-16,889.95,890.0,861.0,863.0,870.0,870.65,1480.0,800.0,318,277124.75
2015-04-17,890.0,890.0,851.0,870.65,853.05,860.2,1480.0,800.0,267,228757.5
2015-04-20,860.3,884.0,849.0,860.2,849.0,849.05,1480.0,800.0,825,703754.2
2015-04-21,855.0,855.0,846.0,849.05,851.1,851.1,1480.0,800.0,72,61174.3
2015-04-22,860.0,870.0,852.0,851.1,852.0,863.35,1480.0,800.0,183,157937.5
2015-04-23,864.0,864.0,840.0,863.35,840.0,840.5,1480.0,800.0,186,158691.85
2015-04-24,852.0,855.0,806.0,840.5,840.0,836.9,1480.0,800.0,274,228771.05
2015-04-27,836.9,868.5,830.0,836.9,830.1,830.1,1480.0,800.0,299,253317.9
2015-04-28,850.0,876.0,850.0,830.1,874.0,874.7,1480.0,800.0,768,663936.2
2015-04-29,890.0,890.0,850.3,874.7,883.0,879.45,1480.0,800.0,163,143593.6
2015-04-30,900.0,900.0,865.0,879.45,865.0,865.0,1480.0,800.0,147,130385.5
2015-05-04,860.05,900.0,851.1,865.0,890.0,884.3,1480.0,800.0,322,280502.45
2015-05-05,863.0,889.5,863.0,884.3,865.0,865.05,1480.0,800.0,88,76110.1
2015-05-06,865.0,865.0,842.0,865.05,853.0,850.45,1480.0,800.0,333,282050.6
2015-05-07,848.0,873.4,823.0,850.45,826.25,827.45,1480.0,800.0,557,468613.0
2015-05-08,831.05,875.0,820.0,827.45,874.95,871.25,1480.0,800.0,769,655253.6
2015-05-11,886.0,887.4,873.5,871.25,878.0,878.0,1480.0,800.0,171,151433.0
2015-05-12,880.0,945.35,872.0,878.0,889.0,885.8,1480.0,800.0,276,246840.0
2015-05-14,910.0,910.0,875.5,918.65,880.0,883.5,1480.0,800.0,161,141941.45
2015-05-15,910.0,910.0,880.05,883.5,880.05,880.05,1480.0,800.0,107,96997.95
2015-05-18,904.95,930.0,880.3,880.05,900.0,900.0,1480.0,800.0,357,325917.35
2015-05-19,872.6,963.6,851.3,900.0,945.0,939.75,1480.0,800.0,1387,1304682.5
2015-05-20,940.0,940.0,910.1,939.75,939.0,938.0,1480.0,800.0,26,24240.85
2015-05-21,939.0,939.0,911.0,938.0,911.0,913.3,1480.0,800.0,53,48406.0
2015-05-22,901.05,970.0,870.95,913.3,945.0,958.55,1480.0,800.0,736,682957.3
2015-05-25,951.0,971.0,923.05,958.55,926.0,926.6,1480.0,800.0,507,483589.25
2015-05-26,930.0,975.5,930.0,926.6,965.0,963.9,1480.0,800.0,403,388263.15
2015-05-27,940.0,965.0,885.15,963.9,935.0,920.05,1480.0,800.0,4388,4217069.5
2015-05-28,935.0,935.0,860.35,920.05,887.0,886.8,1480.0,800.0,50416,43980693.1
2015-05-29,898.05,913.0,888.0,886.8,888.0,889.65,1480.0,800.0,204,183373.55
2015-06-01,948.0,948.0,876.0,889.65,895.0,891.3,1480.0,800.0,2109,1903247.75
2015-06-02,893.05,893.05,860.0,891.3,860.0,862.3,1480.0,800.0,298,259977.35
2015-06-03,888.95,893.0,836.1,862.3,856.0,856.0,1480.0,800.0,1058,915696.3
2015-06-04,850.95,852.0,786.1,856.0,815.0,800.5,1480.0,786.1,1778,1435943.05
2015-06-05,824.95,832.95,790.0,800.5,810.0,806.8,1480.0,786.1,458,368328.85
2015-06-08,802.0,821.0,765.0,806.8,768.0,771.05,1480.0,765.0,1202,940311.6
2015-06-09,761.05,782.0,720.0,771.05,780.0,767.95,1480.0,720.0,234,176887.7
2015-06-10,748.95,833.95,741.05,767.95,800.0,808.15,1480.0,720.0,608,489765.3
2015-06-11,808.2,825.05,771.3,808.15,780.0,779.15,1480.0,720.0,612,493312.2
2015-06-12,780.0,813.95,753.7,779.15,792.0,779.55,1480.0,720.0,203,158405.1
2015-06-15,779.05,810.0,761.55,779.55,780.0,782.2,1480.0,720.0,203,158894.05
2015-06-16,765.05,790.0,765.0,782.2,788.0,787.6,1480.0,720.0,204,159359.9
2015-06-17,800.0,800.0,780.0,787.6,780.0,783.5,1480.0,720.0,224,177535.4
2015-06-18,783.5,804.0,752.55,783.5,799.0,789.75,1480.0,720.0,482,377061.3
2015-06-19,798.95,820.0,775.0,789.75,775.0,776.15,1480.0,720.0,213,168627.7
2015-06-22,805.05,805.05,781.0,776.15,800.0,798.05,1480.0,720.0,999,793380.75
2015-06-23,796.85,800.0,777.0,798.05,778.0,781.25,1480.0,720.0,187,146881.1
2015-06-24,782.05,790.0,770.9,781.25,780.0,780.0,1480.0,720.0,91,71033.95
2015-06-25,760.0,850.0,760.0,780.0,834.5,824.3,1480.0,720.0,2943,2432860.45
2015-06-26,794.0,846.0,790.1,824.3,821.0,820.6,1480.0,720.0,266,214852.4
2015-06-29,801.05,801.05,780.0,820.6,790.1,784.05,1480.0,720.0,263,206802.95
2015-06-30,783.95,810.0,763.3,784.05,771.0,778.75,1480.0,720.0,340,265865.85
2015-07-01,761.95,850.0,761.95,778.75,802.0,804.0,1480.0,720.0,543,445557.3
2015-07-02,844.95,844.95,785.25,804.0,799.0,796.0,1480.0,720.0,255,205900.9
2015-07-03,785.05,809.0,770.0,796.0,770.0,777.4,1480.0,720.0,881,687793.85
2015-07-06,790.05,809.0,766.0,777.4,800.0,799.95,1480.0,720.0,714,566686.7
2015-07-07,812.05,820.0,778.0,799.95,784.3,784.2,1480.0,720.0,58,46051.45
2015-07-08,801.05,810.05,770.0,784.2,809.95,808.95,1480.0,720.0,453,362066.05
2015-07-09,785.0,815.0,780.2,808.95,786.5,792.8,1480.0,720.0,87,69146.35
2015-07-10,785.0,810.0,785.0,792.8,799.0,799.0,1480.0,720.0,644,510029.65
2015-07-13,780.0,823.0,780.0,799.0,800.0,800.0,1480.0,720.0,883,706390.7
2015-07-14,789.95,810.0,785.0,800.0,785.0,785.7,1480.0,720.0,306,242199.35
2015-07-15,781.95,810.0,780.0,785.7,780.0,785.6,1480.0,720.0,337,266113.5
2015-07-16,790.0,815.0,780.5,785.6,780.5,781.1,1480.0,720.0,297,234507.35
2015-07-17,809.95,810.0,781.1,781.1,785.0,786.35,1480.0,720.0,2271,1801885.65
2015-07-20,805.0,808.0,763.2,786.35,776.0,779.6,1480.0,720.0,551,431890.3
2015-07-21,780.0,789.9,767.0,779.6,776.0,773.6,1480.0,720.0,191,147717.25
2015-07-22,789.9,793.0,780.0,773.6,790.0,781.65,1480.0,720.0,657,513709.8
2015-07-23,771.2,780.0,769.9,781.65,769.9,770.15,1480.0,720.0,1066,823090.85
2015-07-24,766.0,779.95,756.0,770.15,773.0,760.6,1480.0,720.0,473,361806.35
2015-07-27,782.45,820.0,760.0,760.6,780.0,779.8,1480.0,720.0,876,690408.85
2015-07-28,755.0,779.95,743.0,779.8,743.05,743.7,1480.0,720.0,8969,6729998.6
2015-07-29,767.0,769.9,740.0,743.7,740.0,742.5,1480.0,720.0,448,336096.85
2015-07-30,765.0,770.0,721.1,742.5,740.0,743.05,1480.0,720.0,404,297641.7
2015-07-31,754.8,795.0,734.05,743.05,775.0,777.8,1480.0,720.0,643,500706.8
2015-08-03,818.95,818.95,778.0,777.8,778.0,780.5,1480.0,720.0,694,547994.65
2015-08-04,795.0,795.0,760.0,780.5,770.0,762.8,1480.0,720.0,189,145450.3
2015-08-06,806.55,817.0,790.0,824.85,793.1,791.4,1480.0,720.0,829,668520.55
2015-08-07,781.0,814.9,726.95,791.4,781.0,790.75,1480.0,720.0,563,442485.2
2015-08-10,802.0,811.0,775.0,790.75,779.7,781.2,1480.0,720.0,289,229925.0
2015-08-11,781.2,790.0,753.25,781.2,773.0,773.0,1480.0,720.0,2071,1613693.85
2015-08-12,786.9,786.9,755.0,773.0,758.0,759.15,1480.0,720.0,1126,859497.15
2015-08-13,827.5,838.0,741.0,759.15,741.0,741.5,1480.0,720.0,744,565527.35
2015-08-14,763.8,784.0,741.0,741.5,784.0,759.6,1480.0,720.0,228,171140.85
2015-08-17,760.0,785.0,745.0,759.6,775.0,754.45,1480.0,720.0,819,622988.0
2015-08-18,774.9,775.0,755.0,754.45,755.0,759.25,1480.0,720.0,49,37380.0
2015-08-19,779.45,779.45,754.05,759.25,774.5,774.5,1480.0,720.0,17,13130.35
2015-08-20,763.0,774.0,732.0,774.5,732.0,739.05,1480.0,720.0,564,420506.05
2015-08-21,741.0,741.0,721.0,739.05,740.0,735.95,1480.0,720.0,471,343994.35
2015-08-24,734.0,740.0,655.0,735.95,689.0,668.8,1480.0,655.0,1049,723173.4
2015-08-25,660.0,740.0,650.0,668.8,660.0,662.6,1480.0,650.0,723,482306.95
2015-08-26,660.0,690.0,641.0,662.6,641.0,655.45,1480.0,641.0,327,217191.5
2015-08-27,671.0,687.0,655.0,655.45,671.4,667.9,1480.0,641.0,815,542904.45
2015-08-28,672.0,674.5,640.0,667.9,661.9,645.4,1480.0,640.0,679,445539.05
2015-08-31,668.0,668.0,645.0,645.4,645.0,645.4,1480.0,640.0,96,63035.2
2015-09-01,655.0,679.0,642.05,645.4,669.0,659.9,1480.0,640.0,947,623831.8
2015-09-02,668.9,677.95,651.05,659.9,657.05,659.7,1480.0,640.0,285,188827.55
2015-09-03,657.05,673.95,648.0,659.7,659.0,656.15,1480.0,640.0,203,134375.7
2015-09-04,647.05,668.95,639.0,656.15,639.0,646.55,1480.0,639.0,240,155282.3
2015-09-07,639.0,669.0,639.0,646.55,641.0,646.45,1480.0,639.0,743,485739.75
2015-09-08,633.0,659.6,600.6,646.45,659.6,659.15,1480.0,600.6,161,102599.05
2015-09-09,643.0,690.0,640.2,659.15,685.0,683.55,1480.0,600.6,694,471397.1
2015-09-10,667.0,672.0,594.7,683.55,631.0,634.3,1480.0,594.7,4666,2919353.5
2015-09-11,620.05,669.95,606.0,634.3,650.0,648.05,1480.0,594.7,509,333939.2
2015-09-14,659.6,677.0,644.25,648.05,675.6,675.2,1440.0,594.7,313,210966.4
2015-09-15,658.0,675.0,646.0,675.2,650.0,649.85,1440.0,594.7,375,244504.25
2015-09-16,650.0,650.0,647.5,649.85,650.0,650.0,1440.0,594.7,510,331476.75
2015-09-18,650.0,670.0,646.1,650.0,649.8,649.4,1440.0,594.7,766,498880.6
2015-09-21,660.0,660.0,640.15,649.4,640.15,644.3,1440.0,594.7,316,206593.7
2015-09-22,650.0,658.0,641.95,644.3,641.95,641.95,1440.0,594.7,1497,973062.3
2015-09-23,667.4,675.0,660.0,641.95,667.0,667.0,1440.0,594.7,791,527765.8
2015-09-24,667.0,682.0,650.0,667.0,665.0,665.0,1440.0,594.7,473,316118.3
2015-09-28,646.0,700.0,646.0,665.0,685.0,684.45,1440.0,594.7,306,210437.45
2015-09-29,690.0,698.75,661.25,684.45,690.0,690.3,1440.0,594.7,246,169444.7
2015-09-30,698.45,715.0,690.0,690.3,715.0,713.4,1440.0,594.7,789,551620.9
2015-10-01,720.0,745.0,659.6,713.4,740.0,736.8,1440.0,594.7,1311,941615.05
2015-10-05,768.0,768.0,720.15,736.8,750.0,759.45,1440.0,594.7,421,316281.55
2015-10-06,765.0,829.0,760.0,759.45,820.0,818.4,1440.0,594.7,2572,2057143.9
2015-10-07,815.0,890.0,815.0,818.4,847.7,849.15,1440.0,594.7,6262,5347879.9
2015-10-08,830.2,889.8,810.0,849.15,880.0,873.55,1440.0,594.7,4263,3583508.5
2015-10-09,851.6,956.0,851.6,873.55,910.0,927.7,1440.0,594.7,5827,5328219.25
2015-10-12,927.7,927.7,890.0,927.7,895.0,896.15,1440.0,594.7,1254,1132949.05
2015-10-13,871.05,1039.0,871.05,896.15,990.1,992.8,1440.0,594.7,3756,3600452.9
2015-10-14,991.0,1049.8,970.0,992.8,1000.0,993.3,1440.0,594.7,1535,1554724.85
2015-10-15,1000.0,1029.7,981.05,993.3,1025.0,1020.55,1440.0,594.7,1935,1967420.95
2015-10-16,1034.0,1035.0,970.0,1020.55,970.0,984.25,1440.0,594.7,1613,1633887.8
2015-10-19,1020.0,1050.0,1008.0,984.25,1013.25,1015.65,1440.0,594.7,2184,2246156.55
2015-10-20,1001.2,1060.0,1001.2,1015.65,1050.0,1036.0,1440.0,594.7,1565,1628638.2
2015-10-21,1049.9,1119.8,1049.9,1036.0,1068.0,1100.15,1440.0,594.7,2154,2346971.25
2015-10-23,1089.4,1120.0,1030.0,1100.15,1045.0,1055.05,1440.0,594.7,1555,1706041.15
2015-10-26,1094.8,1094.8,991.75,1055.05,1015.0,1013.6,1440.0,594.7,974,993718.8
2015-10-27,1018.9,1018.9,980.0,1013.6,980.0,982.2,1440.0,594.7,668,661888.1
2015-10-28,984.0,1002.0,968.0,982.2,971.95,990.85,1440.0,594.7,1050,1036496.85
2015-10-29,1015.85,1076.0,990.0,990.85,1029.2,1031.05,1440.0,594.7,2010,2100144.3
2015-10-30,1054.0,1055.0,978.0,1031.05,978.0,991.2,1440.0,594.7,289,293774.65
2015-11-02,991.0,1000.0,955.0,991.2,960.0,963.2,1440.0,594.7,886,863131.35
2015-11-03,990.0,1044.9,989.0,963.2,1015.0,1012.9,1440.0,594.7,1694,1718570.45
2015-11-04,1042.0,1047.0,983.0,1012.9,1005.0,990.2,1440.0,594.7,1199,1213601.85
2015-11-05,1000.0,1005.0,960.0,990.2,992.0,963.1,1440.0,594.7,1643,1609483.85
2015-11-06,972.0,1000.8,966.0,963.1,999.15,997.0,1440.0,594.7,1622,1608336.55
2015-11-09,1000.0,1030.0,961.0,997.0,1002.0,1002.65,1440.0,594.7,2694,2731624.9
2015-11-10,1000.0,1020.2,990.2,1002.65,996.0,996.0,1440.0,594.7,214,214946.8
2015-11-11,1100.0,1100.0,1010.5,996.0,1050.0,1046.35,1440.0,594.7,709,742273.75
2015-11-13,1059.0,1134.9,1012.0,1046.35,1126.0,1118.1,1440.0,594.7,4487,4926903.3
2015-11-16,1118.0,1190.0,1118.0,1118.1,1168.2,1170.85,1420.0,594.7,3434,4007920.0
2015-11-17,1199.0,1279.95,1199.0,1170.85,1240.0,1238.45,1420.0,594.7,6424,7990786.2
2015-11-18,1221.0,1275.0,1201.0,1238.45,1210.0,1220.4,1420.0,594.7,4883,6037307.15
2015-11-19,1250.0,1250.0,1170.0,1220.4,1179.5,1178.1,1420.0,594.7,862,1024313.75
2015-11-20,1199.0,1230.0,1150.0,1178.1,1173.9,1163.8,1420.0,594.7,1548,1836963.85
2015-11-23,1131.0,1198.0,1131.0,1163.8,1168.0,1169.65,1418.2,594.7,553,652054.4
2015-11-24,1165.0,1189.0,1098.7,1169.65,1145.0,1145.6,1418.2,594.7,1804,2047769.1
2015-11-26,1149.0,1224.4,1136.0,1145.6,1163.0,1146.4,1418.2,594.7,1100,1293894.8
2015-11-27,1148.0,1148.0,1111.0,1146.4,1142.2,1128.45,1418.2,594.7,93,105791.85
2015-11-30,1148.0,1148.0,1100.05,1128.45,1110.0,1115.5,1418.2,594.7,397,444479.1
2015-12-01,1100.5,1139.0,1089.0,1115.5,1109.9,1106.9,1418.2,594.7,642,712013.85
2015-12-02,1118.0,1156.0,1109.0,1106.9,1109.0,1116.25,1418.2,594.7,598,678029.65
2015-12-03,1129.0,1145.9,1100.0,1116.25,1105.5,1110.7,1418.2,594.7,437,486263.75
2015-12-04,1120.0,1148.0,1100.0,1110.7,1109.9,1103.8,1418.2,594.7,559,620210.3
2015-12-07,1102.0,1129.75,1087.95,1103.8,1090.0,1090.0,1418.2,594.7,1075,1177779.45
2015-12-08,1090.0,1091.0,1050.0,1090.0,1090.1,1058.4,1418.2,594.7,226,241896.65
2015-12-09,1070.0,1079.95,1006.05,1058.4,1020.0,1018.15,1418.2,594.7,459,475695.7
2015-12-10,1028.8,1070.0,994.0,1018.15,1042.05,1065.85,1418.2,594.7,269,281358.4
2015-12-11,1045.0,1068.0,881.2,1065.85,1028.0,1011.65,1418.2,594.7,1159,1183523.75
2015-12-14,1030.0,1056.0,1030.0,1011.65,1050.0,1049.8,1378.9,594.7,424,443181.05
2015-12-15,1020.0,1125.0,1020.0,1049.8,1070.0,1080.15,1378.9,594.7,1929,2093142.35
2015-12-16,1080.0,1100.0,1038.0,1080.15,1051.35,1061.7,1378.9,594.7,2652,2797093.2
2015-12-17,1048.0,1076.85,1040.0,1061.7,1055.0,1054.5,1378.9,594.7,601,632758.8
2015-12-18,1030.0,1063.0,1007.0,1054.5,1030.0,1034.0,1378.9,594.7,409,426942.0
2015-12-21,1079.75,1079.95,1020.0,1034.0,1020.0,1028.0,1378.9,594.7,822,855102.0
2015-12-22,1028.0,1068.0,1026.0,1028.0,1029.0,1029.55,1378.9,594.7,1159,1218670.4
2015-12-23,1065.0,1065.0,1025.05,1029.55,1036.0,1030.75,1378.9,594.7,602,621019.75
2015-12-24,1020.0,1087.75,1020.0,1030.75,1080.0,1077.5,1378.9,594.7,1947,2072400.7
2015-12-28,1070.0,1070.0,1052.1,1077.5,1052.7,1053.65,1378.9,594.7,467,493605.65
2015-12-29,1060.1,1060.1,1025.7,1053.65,1036.0,1027.55,1378.9,594.7,230,238614.3
2015-12-30,1044.0,1060.0,988.7,1027.55,1025.0,1025.1,1378.9,594.7,2100,2150448.2
2015-12-31,1026.0,1047.0,1025.0,1025.1,1025.0,1029.65,1378.9,594.7,174,179439.8
2016-01-01,1058.0,1080.0,1042.55,1029.65,1060.0,1061.75,1378.9,594.7,852,903643.5
2016-01-04,1124.4,1150.0,1081.0,1061.75,1125.0,1107.3,1378.9,594.7,2908,3223812.25
2016-01-05,1100.1,1139.8,1090.0,1107.3,1125.0,1126.95,1378.9,594.7,839,939871.5
2016-01-06,1126.95,1158.0,1070.05,1126.95,1098.9,1099.75,1378.9,594.7,2152,2445159.4
2016-01-07,1080.0,1080.0,1043.05,1099.75,1045.0,1048.8,1378.9,594.7,530,562096.05
2016-01-08,1060.0,1222.9,1060.0,1048.8,1194.5,1192.9,1378.9,594.7,5472,6336627.0
2016-01-11,1192.0,1217.0,1120.95,1192.9,1168.0,1171.35,1378.9,594.7,1248,1479264.5
2016-01-12,1168.0,1188.0,1160.0,1171.35,1165.0,1165.4,1378.9,594.7,675,789369.5
2016-01-13,1169.0,1197.5,1120.95,1165.4,1160.0,1159.65,1378.9,594.7,1788,2066253.85
2016-01-14,1125.0,1152.0,1110.0,1159.65,1138.0,1133.35,1378.9,594.7,1265,1432313.2
2016-01-15,1130.0,1139.95,1010.0,1133.35,1025.0,1023.45,1378.9,594.7,3237,3395151.9
2016-01-18,1025.0,1049.0,1015.0,1023.45,1015.05,1015.0,1378.9,594.7,354,363871.95
2016-01-19,1014.1,1109.9,1014.1,1015.0,1109.9,1104.05,1378.9,594.7,503,543280.0
2016-01-20,1104.05,1104.8,1010.0,1104.05,1040.3,1026.85,1378.9,594.7,1709,1782963.1
2016-01-21,1068.5,1068.75,1029.95,1026.85,1030.0,1036.25,1378.9,594.7,1286,1328912.45
2016-01-22,1026.0,1129.0,1026.0,1036.25,1100.0,1091.25,1378.9,594.7,375,404377.6
2016-01-25,1151.2,1170.0,1090.0,1091.25,1159.0,1135.85,1378.9,594.7,1272,1429369.6
2016-01-27,1108.1,1124.9,1098.0,1135.85,1100.05,1102.65,1378.9,594.7,651,718713.5
2016-01-28,1100.0,1118.0,1096.0,1102.65,1118.0,1117.1,1378.9,594.7,441,490274.0
2016-01-29,1098.0,1109.0,1059.6,1117.1,1067.0,1089.15,1378.9,594.7,799,869640.2
2016-02-01,1085.0,1115.0,1085.0,1089.15,1100.0,1114.55,1378.9,594.7,761,840676.4
2016-02-02,1120.0,1130.0,1080.0,1114.55,1082.0,1081.2,1378.9,594.7,388,428824.65
2016-02-03,1082.0,1090.0,1050.0,1081.2,1077.9,1059.7,1378.9,594.7,223,239475.85
2016-02-04,1100.0,1124.95,1051.65,1059.7,1065.0,1065.4,1378.9,594.7,698,753280.0
2016-02-05,1056.3,1065.0,1056.3,1065.4,1065.0,1065.0,1378.9,594.7,30,31819.5
2016-02-08,1060.1,1100.0,1060.1,1065.0,1073.0,1070.3,1378.9,594.7,322,346796.85
2016-02-09,1070.0,1070.0,1042.55,1070.3,1050.0,1049.85,1378.9,594.7,1034,1089490.85
2016-02-10,1100.0,1100.0,1038.0,1049.85,1050.0,1050.05,1378.9,594.7,1037,1109185.6
2016-02-11,1045.0,1050.0,1015.0,1050.05,1025.0,1020.45,1378.9,594.7,660,678611.0
2016-02-12,1025.0,1046.5,963.0,1020.45,1046.5,1029.1,1378.9,594.7,3271,3330281.4
2016-02-15,1105.0,1126.0,1075.0,1029.1,1121.0,1117.7,1378.9,594.7,1662,1857065.95
2016-02-16,1115.0,1116.0,1061.35,1117.7,1093.0,1074.8,1378.9,594.7,340,372069.2
2016-02-17,1074.0,1074.0,1032.5,1074.8,1043.25,1050.45,1378.9,594.7,595,622155.1
2016-02-18,1099.9,1099.9,1043.3,1050.45,1068.0,1050.05,1378.9,594.7,729,771914.05
2016-02-19,1042.3,1065.0,1026.3,1050.05,1040.0,1045.9,1378.9,594.7,384,402295.75
2016-02-22,1042.0,1070.0,1038.0,1045.9,1070.0,1049.8,1279.95,594.7,35,36641.6
2016-02-23,1051.0,1060.0,1032.0,1049.8,1059.8,1050.9,1279.95,594.7,337,353139.0
2016-02-24,1045.0,1100.0,1045.0,1050.9,1098.0,1081.2,1279.95,594.7,1150,1243568.75
2016-02-25,1095.0,1095.0,1052.6,1081.2,1075.0,1063.05,1279.95,594.7,179,191804.3
2016-02-26,1064.5,1086.0,1050.0,1063.05,1076.0,1079.4,1279.95,594.7,926,987228.65
2016-03-01,1066.0,1100.0,1065.3,1079.4,1076.1,1076.1,1279.95,594.7,271,294564.05
2016-03-02,1120.0,1146.95,1076.0,1076.1,1080.0,1099.8,1279.95,594.7,259,285747.05
2016-03-03,1099.0,1125.0,1099.0,1099.8,1102.25,1102.65,1279.95,594.7,233,258931.8
2016-03-04,1100.1,1188.9,1100.0,1102.65,1159.0,1153.9,1279.95,594.7,1491,1713878.65
2016-03-08,1175.0,1250.0,1175.0,1153.9,1224.6,1233.65,1279.95,594.7,2429,2964396.15
2016-03-09,1212.05,1279.9,1211.25,1233.65,1236.0,1235.85,1279.95,594.7,2315,2905768.55
2016-03-10,1276.0,1276.0,1203.0,1235.85,1250.0,1241.25,1279.95,594.7,753,927068.55
2016-03-11,1240.1,1240.1,1210.0,1241.25,1215.0,1214.1,1279.95,594.7,609,746054.75
2016-03-14,1205.5,1227.0,1202.0,1214.1,1209.0,1214.2,1279.95,594.7,1021,1237999.7
2016-03-15,1246.95,1340.0,1240.0,1214.2,1330.0,1325.4,1340.0,594.7,7357,9605608.3
2016-03-16,1345.0,1358.0,1300.0,1325.4,1301.0,1305.0,1358.0,594.7,2458,3240044.4
2016-03-17,1292.0,1319.85,1251.5,1305.0,1252.25,1255.25,1358.0,594.7,1588,2045812.3
2016-03-18,1279.9,1303.0,1262.0,1255.25,1265.25,1268.6,1358.0,594.7,1226,1569196.45
2016-03-21,1255.0,1294.0,1253.05,1268.6,1290.0,1289.95,1358.0,594.7,1416,1813839.7
2016-03-22,1296.9,1313.0,1276.0,1289.95,1305.0,1303.0,1358.0,594.7,1820,2355635.05
2016-03-23,1319.9,1344.0,1301.1,1303.0,1301.1,1309.05,1358.0,594.7,944,1245187.2
2016-03-28,1308.95,1337.0,1300.0,1309.05,1300.0,1302.25,1358.0,594.7,2059,2681887.9
2016-03-29,1300.0,1338.0,1285.1,1302.25,1305.0,1301.15,1358.0,594.7,250,325299.9
2016-03-30,1299.0,1475.0,1299.0,1301.15,1409.0,1404.35,1475.0,594.7,5004,7049363.45
2016-03-31,1419.0,1445.95,1410.0,1404.35,1425.0,1421.75,1475.0,594.7,4271,6060487.7
2016-04-01,1400.0,1535.0,1400.0,1421.75,1520.0,1510.9,1535.0,594.7,5615,8359402.0
2016-04-04,1549.0,1574.8,1491.0,1510.9,1502.0,1501.2,1574.8,594.7,2438,3729660.5
2016-04-05,1534.0,1534.0,1452.25,1501.2,1460.0,1462.1,1574.8,594.7,1885,2800276.55
2016-04-06,1463.0,1550.0,1463.0,1462.1,1528.7,1532.75,1574.8,594.7,2270,3441624.4
2016-04-07,1539.8,1539.85,1500.0,1532.75,1500.0,1500.3,1574.8,594.7,1314,1984107.8
2016-04-08,1535.0,1621.0,1501.55,1500.3,1578.9,1577.75,1621.0,594.7,1899,2990527.75
2016-04-11,1600.0,1719.7,1551.0,1577.75,1551.0,1560.0,1719.7,594.7,3192,5022410.1
2016-04-12,1552.0,1728.9,1552.0,1560.0,1724.8,1712.95,1728.9,594.7,10217,16982646.65
2016-04-13,1725.0,1740.0,1667.0,1712.95,1720.0,1720.6,1740.0,594.7,2547,4361739.2
2016-04-18,1720.0,1789.45,1719.9,1720.6,1750.0,1750.4,1789.45,594.7,4358,7657069.2
2016-04-20,1762.05,1798.0,1652.5,1750.4,1767.0,1730.9,1798.0,594.7,2673,4587694.8
2016-04-21,1715.0,1760.0,1715.0,1730.9,1759.8,1749.05,1798.0,594.7,1114,1944767.0
2016-04-22,1725.0,1770.0,1725.0,1749.05,1759.1,1755.45,1798.0,594.7,861,1508408.2
2016-04-25,1751.0,1770.0,1740.1,1755.45,1759.95,1751.45,1798.0,594.7,696,1221602.5
2016-04-26,1772.95,1850.0,1750.0,1751.45,1850.0,1798.0,1850.0,594.7,3316,5905289.75
2016-04-27,1857.0,1915.0,1806.15,1798.0,1880.0,1880.8,1915.0,594.7,7043,13243467.15
2016-04-28,1880.0,1890.0,1817.0,1880.8,1865.0,1854.45,1915.0,594.7,3281,6107149.8
2016-04-29,1832.05,1860.0,1750.0,1854.45,1777.05,1796.85,1915.0,594.7,2208,3956711.7
2016-05-02,1762.05,1858.9,1751.0,1796.85,1830.0,1827.6,1915.0,594.7,1589,2893696.55
2016-05-03,1773.0,1830.0,1750.0,1827.6,1750.0,1756.55,1915.0,594.7,925,1642462.65
2016-05-04,1750.2,1787.5,1731.15,1756.55,1745.0,1746.3,1915.0,594.7,1889,3304105.1
2016-05-05,1778.75,1785.0,1745.0,1746.3,1745.0,1746.35,1915.0,594.7,1860,3273377.75
2016-05-06,1747.05,1799.0,1745.0,1746.35,1770.0,1764.25,1915.0,594.7,1489,2645876.4
2016-05-09,1796.85,1809.95,1761.25,1764.25,1765.25,1778.8,1915.0,594.7,735,1314998.2
2016-05-10,1765.25,1807.0,1760.0,1778.8,1760.0,1779.85,1915.0,594.7,1175,2096739.95
2016-05-11,1770.0,1825.0,1760.2,1779.85,1795.0,1800.65,1915.0,594.7,1258,2254653.1
2016-05-12,1795.05,1830.05,1776.5,1800.65,1800.0,1799.3,1915.0,594.7,982,1777249.8
2016-05-13,1780.0,1824.0,1747.45,1799.3,1750.0,1755.45,1915.0,594.7,992,1760091.45
2016-05-16,1786.0,1810.0,1745.5,1755.45,1810.0,1798.25,1915.0,594.7,1131,2022142.25
2016-05-17,1814.0,1872.3,1780.0,1798.25,1872.3,1848.7,1915.0,594.7,1787,3263814.1
2016-05-18,1864.95,1900.0,1819.4,1848.7,1870.0,1870.15,1915.0,594.7,1743,3271396.1
2016-05-19,1830.0,1878.2,1830.0,1870.15,1860.0,1857.3,1915.0,594.7,577,1074781.0
2016-05-20,1855.0,1879.95,1731.6,1857.3,1775.0,1744.45,1915.0,594.7,2364,4150108.55
2016-05-23,1747.0,1773.25,1745.0,1744.45,1760.0,1745.6,1915.0,594.7,425,742515.3
2016-05-24,1745.0,1779.9,1745.0,1745.6,1745.0,1750.75,1915.0,594.7,585,1027072.45
2016-05-25,1761.0,1790.0,1751.55,1750.75,1761.0,1764.75,1915.0,594.7,287,506372.65
2016-05-26,1764.15,1770.0,1745.0,1764.75,1745.0,1745.0,1915.0,594.7,1579,2760370.15
2016-05-27,1750.0,1760.0,1745.0,1745.0,1745.0,1749.35,1915.0,594.7,997,1742458.45
2016-05-30,1748.1,1779.0,1745.0,1749.35,1745.0,1751.0,1915.0,594.7,379,662165.3
2016-05-31,1746.45,1774.0,1746.45,1751.0,1750.0,1750.0,1915.0,594.7,170,298083.5
2016-06-01,1746.05,1816.85,1745.0,1750.0,1745.0,1746.55,1915.0,594.7,625,1102507.05
2016-06-02,1750.0,1789.45,1745.5,1746.55,1750.4,1750.7,1915.0,594.7,257,449787.25
2016-06-03,1746.2,1869.9,1746.2,1750.7,1785.0,1785.35,1915.0,594.7,2516,4574580.4
2016-06-06,1765.0,1819.8,1765.0,1785.35,1791.0,1792.4,1915.0,594.7,425,765378.9
2016-06-07,1773.05,1814.7,1773.05,1792.4,1809.0,1798.7,1915.0,594.7,616,1107159.55
2016-06-08,1819.0,1840.0,1790.0,1798.7,1792.0,1794.05,1915.0,594.7,212,382670.55
2016-06-09,1772.0,1815.05,1768.05,1794.05,1800.0,1796.15,1915.0,594.7,258,463319.45
2016-06-10,1795.0,1938.0,1795.0,1796.15,1910.0,1902.3,1938.0,594.7,7989,15009723.7
2016-06-13,1939.0,2128.9,1895.0,1902.3,2030.0,2045.0,2128.9,594.7,48474,99778760.55
2016-06-14,2099.9,2179.85,2066.65,2045.0,2105.0,2122.15,2179.85,594.7,16251,34477587.0
2016-06-15,2132.0,2200.0,2037.0,2122.15,2090.0,2081.95,2200.0,594.7,15597,33352685.2
2016-06-16,2119.0,2119.0,1920.0,2081.95,2009.5,2007.2,2200.0,594.7,10169,20415767.0
2016-06-17,2007.0,2023.55,1878.75,2007.2,1929.95,1934.85,2200.0,594.7,8563,16486225.2
2016-06-20,1871.05,2050.0,1871.0,1934.85,2045.0,2033.45,2200.0,594.7,4411,8842429.45
2016-06-21,2030.0,2045.05,1960.0,2033.45,2015.0,1978.95,2200.0,594.7,1498,2990910.55
2016-06-22,2026.05,2038.95,1960.1,1978.95,1965.0,1972.8,2200.0,594.7,2463,4929661.3
2016-06-23,1960.1,1990.0,1912.15,1972.8,1940.1,1948.35,2200.0,594.7,1485,2885767.5
2016-06-24,1830.15,1920.0,1800.05,1948.35,1887.0,1893.7,2200.0,594.7,1732,3219784.3
2016-06-27,1893.7,2192.0,1893.7,1893.7,2149.8,2164.5,2200.0,594.7,15521,32689994.5
2016-06-28,2190.0,2249.0,2130.0,2164.5,2142.0,2166.15,2249.0,594.7,9083,19994949.9
2016-06-29,2185.0,2210.0,2080.0,2166.15,2126.0,2167.5,2249.0,594.7,6084,13117477.65
2016-06-30,2160.0,2225.0,2126.0,2167.5,2130.0,2135.55,2249.0,594.7,3813,8258639.0
2016-07-01,2135.55,2183.95,2064.0,2135.55,2120.0,2105.85,2249.0,594.7,3566,7557447.75
2016-07-04,2159.95,2200.0,2110.0,2105.85,2120.0,2123.55,2249.0,594.7,3349,7257599.15
2016-07-05,2129.0,2129.0,2055.0,2123.55,2080.0,2082.1,2249.0,594.7,2144,4461442.2
2016-07-07,2079.95,2200.0,2079.95,2082.1,2096.1,2104.45,2249.0,594.7,12224,26147324.7
2016-07-08,2104.0,2118.95,2020.3,2104.45,2039.0,2040.5,2249.0,594.7,2708,5561636.1
2016-07-11,2080.0,2090.0,2043.0,2040.5,2053.0,2066.35,2249.0,594.7,1838,3796153.35
2016-07-12,2049.0,2127.85,2034.0,2066.35,2047.3,2044.45,2249.0,594.7,1570,3250029.1
2016-07-13,2031.75,2060.0,1990.0,2044.45,1990.0,1999.15,2249.0,594.7,1953,3945483.75
2016-07-14,1995.0,2068.0,1995.0,1999.15,2010.5,2003.4,2249.0,594.7,1530,3108567.65
2016-07-15,2040.0,2040.0,1958.0,2003.4,1975.0,1970.65,2249.0,594.7,1551,3084174.6
2016-07-18,1989.8,1995.0,1901.0,1970.65,1953.7,1933.4,2249.0,594.7,1925,3756084.95
2016-07-19,1910.0,1950.0,1881.0,1933.4,1914.5,1902.95,2249.0,594.7,1420,2711187.35
2016-07-20,1902.15,1959.0,1886.0,1902.95,1899.95,1909.4,2249.0,594.7,1965,3773943.05
2016-07-21,1900.05,1945.0,1878.0,1909.4,1891.0,1893.7,2249.0,594.7,838,1600379.95
2016-07-22,1900.0,1985.0,1850.0,1893.7,1880.0,1877.0,2249.0,594.7,3849,7324245.45
2016-07-25,1880.0,1926.0,1858.0,1877.0,1918.0,1909.5,2249.0,594.7,2001,3805206.25
2016-07-26,1924.3,1925.05,1840.1,1909.5,1842.0,1851.25,2249.0,594.7,1116,2089561.2
2016-07-27,1865.0,1892.95,1840.3,1851.25,1870.0,1869.75,2249.0,594.7,1469,2745151.5
2016-07-28,1851.0,1868.5,1777.0,1869.75,1826.0,1825.95,2249.0,594.7,1788,3264666.75
2016-07-29,1863.0,1978.0,1808.0,1825.95,1936.5,1946.6,2249.0,594.7,4937,9528243.55
2016-08-01,1946.6,1985.95,1915.0,1946.6,1915.0,1919.25,2249.0,594.7,1332,2595053.2
2016-08-02,1915.0,1945.0,1852.05,1919.25,1866.25,1861.35,2249.0,594.7,1746,3304640.25
2016-08-03,1864.0,1897.95,1839.5,1861.35,1850.0,1854.35,2249.0,594.7,4386,8144303.2
2016-08-04,1854.0,1879.95,1825.15,1854.35,1851.0,1847.2,2249.0,594.7,1223,2255897.5
2016-08-05,1820.15,1921.1,1820.15,1847.2,1836.0,1840.3,2249.0,594.7,603,1112122.5
2016-08-08,1847.0,1854.95,1831.0,1840.3,1848.0,1841.4,2249.0,594.7,913,1678014.55
2016-08-09,1827.05,1874.5,1826.0,1841.4,1874.0,1867.0,2249.0,594.7,2031,3759172.55
2016-08-10,1870.0,1890.0,1836.0,1867.0,1836.0,1837.05,2249.0,594.7,789,1460311.1
2016-08-11,1831.0,1860.0,1831.0,1837.05,1840.0,1843.6,2249.0,594.7,1073,1973256.55
2016-08-12,1842.1,1855.85,1831.0,1843.6,1841.0,1841.0,2249.0,594.7,382,704159.1
2016-08-16,1807.0,1849.9,1807.0,1841.0,1830.25,1816.35,2249.0,594.7,824,1502772.3
2016-08-17,1825.75,1836.0,1805.05,1816.35,1831.0,1832.75,2249.0,594.7,1065,1947329.6
2016-08-18,1800.05,1947.9,1799.95,1832.75,1895.0,1898.35,2249.0,594.7,2384,4529624.05
2016-08-19,1895.0,1962.35,1865.5,1898.35,1870.0,1885.9,2249.0,594.7,1777,3421808.25
2016-08-22,1881.0,1925.0,1850.0,1885.9,1857.0,1857.8,2249.0,594.7,640,1196382.65
2016-08-23,1850.0,1893.7,1835.3,1857.8,1850.0,1851.55,2249.0,594.7,1175,2183633.25
2016-08-24,1870.35,1896.5,1851.1,1851.55,1865.0,1862.25,2249.0,594.7,454,848888.4
2016-08-25,1862.25,1925.0,1850.0,1862.25,1909.0,1910.3,2249.0,594.7,2438,4571429.25
2016-08-26,1917.45,1940.0,1871.15,1910.3,1873.8,1876.1,2249.0,594.7,1574,3001883.95
2016-08-29,1899.9,1906.15,1850.0,1876.1,1899.9,1886.2,2249.0,594.7,920,1728769.05
2016-08-30,1900.0,1990.0,1871.1,1886.2,1880.0,1884.5,2249.0,594.7,2712,5185793.8
2016-08-31,1882.85,1940.0,1872.0,1884.5,1872.6,1875.05,2249.0,594.7,1734,3290748.1
2016-09-01,1892.65,1892.65,1852.25,1875.05,1853.5,1857.7,2249.0,594.7,901,1685026.95
2016-09-02,1857.7,1925.0,1853.1,1857.7,1900.0,1899.3,2249.0,594.7,1922,3654534.9
2016-09-06,1871.0,1911.9,1862.5,1899.3,1905.0,1901.8,2249.0,594.7,709,1345626.0
2016-09-07,1901.8,2019.9,1900.0,1901.8,1955.0,1949.5,2249.0,594.7,3463,6780711.75
2016-09-08,1919.0,1997.85,1915.1,1949.5,1931.75,1932.6,2249.0,594.7,1777,3473019.6
2016-09-09,1929.0,1960.0,1910.0,1932.6,1910.0,1924.2,2249.0,594.7,2629,5086867.05
2016-09-12,1890.0,1927.0,1866.3,1924.2,1910.0,1900.3,2249.0,640.15,2168,4121650.35
2016-09-14,1918.0,1918.0,1880.15,1900.3,1900.0,1895.65,2249.0,640.15,327,622047.15
2016-09-15,1910.0,1944.4,1900.0,1895.65,1900.0,1900.45,2249.0,640.15,216,413061.05
2016-09-16,1919.0,2060.0,1900.85,1900.45,1960.0,1974.0,2249.0,640.15,3133,6253877.25
2016-09-19,1923.0,2035.0,1881.25,1974.0,1910.05,1916.15,2249.0,640.15,2886,5624851.75
2016-09-20,1915.0,1997.0,1885.0,1916.15,1951.0,1948.4,2249.0,640.15,2869,5672418.5
2016-09-21,1940.0,1945.0,1900.0,1948.4,1914.65,1911.9,2249.0,640.15,398,762352.8
2016-09-22,1914.0,1944.7,1901.25,1911.9,1920.0,1923.95,2249.0,640.15,1623,3103402.0
2016-09-23,1921.35,1979.9,1912.3,1923.95,1970.0,1964.8,2249.0,640.15,1654,3239876.3
2016-09-26,1926.0,1938.0,1910.0,1964.8,1910.0,1914.05,2249.0,646.0,141,270585.2
2016-09-27,1914.0,1950.0,1898.8,1914.05,1900.0,1901.45,2249.0,646.0,224,429966.6
2016-09-28,1905.65,1970.0,1903.25,1901.45,1970.0,1953.95,2249.0,646.0,455,878365.55
2016-09-29,1973.5,2059.95,1851.0,1953.95,1860.0,1856.85,2249.0,646.0,7116,14110712.3
2016-09-30,1878.6,1920.05,1862.25,1856.85,1920.0,1914.85,2249.0,646.0,694,1314621.85
2016-10-03,1900.0,1943.0,1896.0,1914.85,1900.0,1921.65,2249.0,720.15,230,440792.0
2016-10-04,1900.0,1945.9,1900.0,1921.65,1925.55,1927.15,2249.0,720.15,950,1832387.25
2016-10-05,1925.15,1995.0,1925.15,1927.15,1970.0,1985.75,2249.0,720.15,6205,12264278.1
2016-10-06,1970.0,2024.85,1970.0,1985.75,1992.0,1992.9,2249.0,720.15,3109,6200494.7
2016-10-07,1990.25,2025.0,1988.0,1992.9,2000.0,2010.3,2249.0,720.15,1025,2059251.3
2016-10-10,1983.2,2090.0,1983.2,2010.3,2069.0,2040.75,2249.0,871.05,4346,8971616.95
2016-10-13,2031.0,2065.0,1911.05,2040.75,1949.95,1940.55,2249.0,871.05,1067,2135900.05
2016-10-14,1951.0,1977.0,1945.0,1940.55,1965.0,1958.0,2249.0,871.05,205,401504.6
2016-10-17,1967.0,1969.95,1941.0,1958.0,1941.0,1945.2,2249.0,881.2,92,179789.0
2016-10-18,1941.0,1970.0,1911.1,1945.2,1926.1,1929.1,2249.0,881.2,700,1356645.2
2016-10-19,1958.45,1965.0,1925.0,1929.1,1930.0,1931.35,2249.0,881.2,593,1155004.0
2016-10-20,1935.0,1950.0,1905.0,1931.35,1930.0,1918.9,2249.0,881.2,621,1195196.95
2016-10-21,1920.0,1949.0,1919.95,1918.9,1949.0,1938.3,2249.0,881.2,291,561373.55
2016-10-24,1957.7,1957.7,1930.0,1938.3,1930.0,1931.45,2249.0,881.2,132,255536.45
2016-10-25,1958.0,1979.0,1930.0,1931.45,1950.0,1960.35,2249.0,881.2,631,1226929.3
2016-10-26,1960.35,1990.3,1935.1,1960.35,1960.0,1969.4,2249.0,881.2,642,1263385.95
2016-10-27,1961.0,1990.0,1941.05,1969.4,1947.0,1956.45,2249.0,881.2,230,451231.15
2016-10-28,1960.0,1990.0,1901.0,1956.45,1990.0,1980.8,2249.0,881.2,686,1346878.2
2016-10-30,1990.0,2030.0,1972.0,1980.8,2030.0,2015.0,2249.0,881.2,864,1739312.25
2016-11-01,2016.0,2016.0,1975.0,2015.0,2000.0,1991.15,2249.0,881.2,149,297093.05
2016-11-02,1962.5,1973.45,1930.95,1991.15,1940.0,1939.85,2249.0,881.2,789,1532385.15
2016-11-03,1950.0,1970.0,1925.0,1939.85,1932.0,1932.0,2249.0,881.2,410,796897.1
2016-11-04,1922.4,1922.4,1890.0,1932.0,1900.0,1899.2,2249.0,881.2,683,1296050.75
2016-11-07,1899.2,1934.95,1872.0,1899.2,1902.0,1917.55,2249.0,881.2,459,878503.0
2016-11-08,1913.55,1944.0,1891.0,1917.55,1901.55,1901.75,2249.0,881.2,191,364012.6
2016-11-09,1747.0,1950.0,1621.0,1901.75,1948.0,1920.8,2249.0,881.2,1357,2554872.6
2016-11-10,1940.0,2045.0,1920.0,1920.8,1965.0,1977.15,2249.0,881.2,3865,7666413.2
2016-11-11,1970.9,1970.9,1901.1,1977.15,1911.0,1916.5,2249.0,881.2,93,179792.45
2016-11-15,1900.0,1920.05,1825.1,1916.5,1850.0,1852.25,2249.0,881.2,4011,7567968.05
2016-11-16,1890.0,1890.0,1844.75,1852.25,1851.0,1859.2,2249.0,881.2,706,1317468.7
2016-11-17,1850.0,1875.0,1835.0,1859.2,1850.0,1849.35,2249.0,881.2,530,979270.95
2016-11-18,1832.55,1896.75,1825.0,1849.35,1833.0,1851.8,2249.0,881.2,907,1692308.8
2016-11-21,1869.6,1869.65,1800.0,1851.8,1808.0,1812.5,2249.0,881.2,808,1474766.45
2016-11-22,1812.6,1832.2,1800.0,1812.5,1827.0,1819.25,2249.0,881.2,340,614618.95
2016-11-23,1872.7,1940.0,1800.0,1819.25,1886.0,1890.7,2249.0,881.2,769,1446189.0
2016-11-24,1935.55,2025.0,1902.6,1890.7,1908.3,1920.8,2249.0,881.2,9208,18050740.4
2016-11-25,1959.0,1959.0,1852.7,1920.8,1852.7,1888.7,2249.0,881.2,2925,5580592.25
2016-11-28,1895.0,1925.0,1855.0,1888.7,1913.0,1914.6,2249.0,881.2,384,729569.2
2016-11-29,1910.0,1931.85,1890.0,1914.6,1902.0,1917.05,2249.0,881.2,1329,2545128.75
2016-11-30,1901.05,1919.0,1855.0,1917.05,1855.0,1871.05,2249.0,881.2,885,1661651.3
2016-12-01,1863.05,1908.5,1821.05,1871.05,1849.95,1852.4,2249.0,881.2,490,914255.05
2016-12-02,1826.0,1868.0,1826.0,1852.4,1836.0,1832.0,2249.0,881.2,325,601551.4
2016-12-05,1826.0,1839.8,1800.0,1832.0,1815.0,1816.85,2249.0,881.2,425,772249.05
2016-12-06,1822.85,1839.95,1816.0,1816.85,1816.0,1818.9,2249.0,881.2,698,1269120.8
2016-12-07,1816.25,1831.0,1806.0,1818.9,1818.0,1814.85,2249.0,881.2,1759,3192621.1
2016-12-08,1818.0,1835.0,1818.0,1814.85,1821.0,1825.9,2249.0,881.2,128,233685.9
2016-12-09,1842.95,1925.5,1842.95,1825.9,1878.0,1876.55,2249.0,881.2,1959,3701674.05
2016-12-12,1852.0,1897.8,1852.0,1876.55,1897.0,1888.0,2249.0,963.0,186,348819.0
2016-12-13,1877.15,1885.15,1840.0,1888.0,1840.0,1855.4,2249.0,963.0,299,559089.55
2016-12-14,1847.0,1853.9,1826.0,1855.4,1853.0,1848.4,2249.0,963.0,691,1274906.55
2016-12-15,1848.0,1856.5,1825.0,1848.4,1839.9,1839.25,2249.0,963.0,1272,2340817.4
2016-12-16,1829.9,1830.0,1818.0,1839.25,1823.0,1821.65,2249.0,963.0,619,1131181.8
2016-12-19,1816.75,1854.0,1815.0,1821.65,1828.95,1816.7,2249.0,963.0,240,438320.7
2016-12-20,1816.05,1841.0,1800.0,1816.7,1810.0,1810.3,2249.0,963.0,587,1062610.15
2016-12-21,1811.0,1828.05,1801.0,1810.3,1802.0,1816.1,2249.0,963.0,144,260983.65
2016-12-22,1800.0,1815.8,1800.0,1816.1,1800.05,1800.15,2249.0,963.0,336,605097.05
2016-12-23,1800.05,1848.95,1800.05,1800.15,1800.5,1805.3,2249.0,963.0,358,652051.35
2016-12-26,1806.0,1814.1,1798.0,1805.3,1800.0,1804.5,2249.0,963.0,1494,2689908.7
2016-12-27,1800.15,1825.0,1800.05,1804.5,1820.0,1819.95,2249.0,963.0,253,458644.65
2016-12-28,1802.0,1847.0,1802.0,1819.95,1805.1,1806.15,2249.0,963.0,885,1621073.15
2016-12-29,1788.0,1840.0,1788.0,1806.15,1824.5,1813.8,2249.0,963.0,105,190628.45
2016-12-30,1805.0,1898.0,1805.0,1813.8,1820.0,1831.15,2249.0,963.0,2726,5072380.2
2017-01-02,1863.75,1920.0,1825.0,1831.15,1899.0,1883.6,2249.0,963.0,2442,4601261.5
2017-01-03,1900.0,1938.0,1900.0,1883.6,1901.05,1906.25,2249.0,963.0,684,1313579.05
2017-01-04,1921.1,1921.15,1852.5,1906.25,1853.05,1856.35,2249.0,963.0,400,752855.8
2017-01-05,1886.95,1900.0,1875.9,1856.35,1896.0,1897.95,2249.0,963.0,716,1354901.0
2017-01-06,1900.0,1900.85,1870.0,1897.95,1885.0,1887.1,2249.0,963.0,374,704874.6
2017-01-09,1899.95,1939.75,1895.05,1887.1,1927.1,1930.75,2249.0,963.0,745,1435013.55
2017-01-10,1935.35,2060.0,1935.35,1930.75,2035.0,2032.3,2249.0,963.0,10959,22219127.55
2017-01-11,2059.0,2130.0,2010.1,2032.3,2075.0,2080.6,2249.0,963.0,12450,25614395.0
2017-01-12,2119.45,2119.75,2071.0,2080.6,2076.0,2075.45,2249.0,963.0,1133,2357519.3
2017-01-13,2101.9,2166.0,2080.0,2075.45,2100.0,2088.2,2249.0,963.0,9102,19125542.4
2017-01-16,2087.95,2124.95,2063.4,2088.2,2114.0,2098.75,2249.0,963.0,8424,17718420.45
2017-01-17,2084.95,2095.0,2067.0,2098.75,2068.0,2071.55,2249.0,963.0,534,1107704.35
2017-01-18,2025.05,2133.7,2020.0,2071.55,2051.1,2051.75,2249.0,963.0,310,641927.15
2017-01-19,2050.0,2077.3,2013.15,2051.75,2030.0,2026.8,2249.0,963.0,537,1093280.7
2017-01-20,2030.0,2060.0,2029.05,2026.8,2030.0,2030.0,2249.0,963.0,148,302119.4
2017-01-23,2035.1,2040.05,2014.0,2030.0,2015.0,2021.7,2249.0,963.0,63,128041.35
2017-01-24,2037.1,2120.0,2037.1,2021.7,2050.0,2052.25,2249.0,963.0,920,1906561.45
2017-01-25,2048.55,2115.0,2048.55,2052.25,2080.0,2083.55,2249.0,963.0,477,994648.55
2017-01-27,2094.95,2115.0,2040.0,2083.55,2040.0,2057.2,2249.0,963.0,789,1646269.5
2017-01-30,2049.05,2086.8,2003.9,2057.2,2011.05,2020.6,2249.0,963.0,241,496799.95
2017-01-31,2002.15,2028.5,1985.0,2020.6,1990.0,1990.25,2249.0,963.0,536,1073658.95
2017-02-01,2006.75,2045.0,1975.0,1990.25,2015.0,2022.65,2249.0,963.0,783,1565762.5
2017-02-02,2025.0,2100.0,1986.1,2022.65,2065.0,2068.55,2249.0,963.0,1086,2243479.95
2017-02-03,2069.4,2125.0,2050.0,2068.55,2061.0,2079.85,2249.0,963.0,305,632090.35
2017-02-06,2051.5,2186.25,2051.5,2079.85,2115.0,2139.8,2249.0,963.0,4293,9238247.7
2017-02-07,2117.65,2240.9,2117.65,2139.8,2228.0,2220.4,2249.0,963.0,5180,11428126.45
2017-02-08,2237.0,2294.9,2233.0,2220.4,2294.9,2283.1,2294.9,963.0,4559,10350765.8
2017-02-09,2295.0,2340.0,2279.0,2283.1,2300.0,2309.55,2340.0,963.0,4595,10597850.55
2017-02-10,2295.0,2308.0,2233.0,2309.55,2248.0,2244.1,2340.0,963.0,616,1400598.55
2017-02-13,2240.0,2298.0,2151.5,2244.1,2153.0,2174.2,2340.0,1026.3,615,1358552.85
2017-02-14,2152.3,2298.0,2152.0,2174.2,2285.0,2267.0,2340.0,1026.3,1160,2598247.8
2017-02-15,2310.0,2310.0,2094.95,2267.0,2121.0,2121.95,2340.0,1026.3,1743,3740541.85
2017-02-16,2150.0,2180.0,2110.05,2121.95,2131.0,2138.8,2340.0,1026.3,349,746264.05
2017-02-17,2119.85,2157.95,2101.0,2138.8,2105.0,2113.7,2340.0,1026.3,289,614408.05
2017-02-20,2176.7,2197.8,2093.0,2113.7,2142.0,2142.15,2340.0,1032.0,1123,2423431.05
2017-02-21,2150.05,2150.05,2075.0,2142.15,2099.9,2097.35,2340.0,1032.0,657,1374993.9
2017-02-22,2100.0,2146.65,2033.0,2097.35,2033.0,2071.3,2340.0,1032.0,249,520353.5
2017-02-23,2098.95,2100.0,2080.0,2071.3,2090.0,2088.05,2340.0,1032.0,277,578552.25
2017-02-27,2031.05,2069.0,2015.0,2088.05,2039.0,2029.55,2340.0,1065.3,666,1356894.45
2017-02-28,2060.0,2060.0,2020.0,2029.55,2022.0,2027.35,2340.0,1065.3,172,349581.35
2017-03-01,2049.85,2050.05,2030.0,2027.35,2035.25,2030.8,2340.0,1065.3,366,747569.95
2017-03-02,2030.0,2050.0,2000.0,2030.8,2002.0,2001.6,2340.0,1065.3,270,543243.55
2017-03-03,2020.0,2110.0,1952.0,2001.6,2061.0,2065.5,2340.0,1065.3,2150,4380639.6
2017-03-06,2100.0,2124.0,2025.05,2065.5,2100.0,2096.9,2340.0,1175.0,478,1002569.5
2017-03-07,2055.05,2125.0,2055.05,2096.9,2064.0,2070.3,2340.0,1175.0,456,949130.45
2017-03-08,2065.0,2095.95,2021.5,2070.3,2075.0,2085.25,2340.0,1175.0,384,797212.7
2017-03-09,2056.05,2094.0,2045.0,2085.25,2060.0,2058.6,2340.0,1175.0,222,459308.1
2017-03-10,2045.05,2074.8,2002.5,2058.6,2010.0,2016.8,2340.0,1175.0,1220,2472784.4
2017-03-14,2099.95,2099.95,1990.0,2016.8,2000.0,1998.2,2340.0,1202.0,703,1421649.8
2017-03-15,2010.0,2043.9,2005.0,1998.2,2005.0,2010.05,2340.0,1202.0,295,597307.7
2017-03-16,2010.0,2050.0,1986.0,2010.05,1995.0,2004.55,2340.0,1202.0,1543,3135695.85
2017-03-17,2001.05,2050.0,1956.25,2004.55,1999.0,1984.5,2340.0,1202.0,1339,2702716.3
2017-03-20,1930.0,2063.4,1930.0,1984.5,2005.0,2005.0,2340.0,1253.05,1454,2923700.75
2017-03-21,1999.05,2000.0,1980.0,2005.0,1995.0,1995.0,2340.0,1253.05,385,767144.55
2017-03-22,1975.0,1991.0,1970.1,1995.0,1985.0,1973.4,2340.0,1253.05,397,787223.0
2017-03-23,1970.05,2000.0,1960.2,1973.4,1980.0,1980.0,2340.0,1253.05,493,976141.8
2017-03-24,1996.95,2000.05,1960.0,1980.0,1980.0,1981.8,2340.0,1253.05,9034,17849474.95
2017-03-27,1979.9,1980.0,1950.0,1981.8,1950.0,1950.35,2340.0,1285.1,1764,3454507.8
2017-03-28,1981.65,1981.65,1950.0,1950.35,1969.0,1969.5,2340.0,1285.1,885,1729913.0
2017-03-29,1959.05,1979.0,1925.5,1969.5,1935.0,1959.8,2340.0,1285.1,2280,4448946.25
2017-03-30,1974.05,1987.0,1934.1,1959.8,1948.0,1948.45,2340.0,1285.1,13290,25913495.2
2017-03-31,1979.95,1990.25,1956.25,1948.45,1965.95,1976.95,2340.0,1285.1,895,1767229.65
2017-04-03,1986.0,2008.0,1970.05,1976.95,2005.0,2000.3,2340.0,1452.25,1724,3429170.75
2017-04-05,2022.95,2199.9,1975.0,2000.3,2111.0,2091.35,2340.0,1452.25,4225,8853466.95
2017-04-06,2151.95,2151.95,2066.1,2091.35,2091.0,2094.8,2340.0,1452.25,809,1712877.45
2017-04-07,2100.0,2100.0,2052.15,2094.8,2052.15,2069.85,2340.0,1452.25,634,1319602.3
2017-04-10,2053.0,2104.55,2036.0,2069.85,2066.0,2066.0,2340.0,1551.0,471,973007.3
2017-04-11,2076.0,2105.0,2025.05,2066.0,2038.1,2043.1,2340.0,1551.0,316,650926.1
2017-04-12,2044.0,2125.0,2001.0,2043.1,2100.0,2098.5,2340.0,1551.0,3631,7561476.3
2017-04-13,2080.05,2100.0,2051.5,2098.5,2052.5,2063.45,2340.0,1551.0,503,1042627.7
2017-04-17,2021.5,2098.95,2021.5,2063.45,2056.0,2063.65,2340.0,1621.0,257,530595.3
2017-04-18,2045.05,2079.9,2022.0,2063.65,2022.0,2030.65,2340.0,1621.0,493,1010187.4
2017-04-19,2089.0,2100.0,2000.1,2030.65,2070.0,2062.9,2340.0,1621.0,2149,4393073.9
2017-04-20,2070.05,2140.0,2070.0,2062.9,2137.0,2109.9,2340.0,1621.0,2791,5851634.8
2017-04-21,2159.95,2165.85,2052.7,2109.9,2090.0,2086.6,2340.0,1621.0,1546,3279725.25
2017-04-24,2114.0,2115.0,2022.1,2086.6,2026.0,2043.15,2340.0,1621.0,2534,5299389.6
2017-04-25,2045.65,2063.9,2022.1,2043.15,2048.0,2037.75,2340.0,1621.0,550,1119213.9
2017-04-26,2038.0,2060.0,1999.0,2037.75,2009.0,2009.05,2340.0,1621.0,993,2017545.85
2017-04-27,2000.05,2028.1,1991.5,2009.05,1991.5,1999.05,2340.0,1621.0,55,110099.95
2017-04-28,2053.0,2053.05,1975.0,1999.05,1990.0,1981.35,2340.0,1621.0,163,323744.2
2017-05-02,1990.0,2015.0,1960.0,1981.35,1979.0,1979.0,2340.0,1621.0,353,697964.85
2017-05-03,2020.0,2034.55,1956.3,1979.0,1956.3,1958.55,2340.0,1621.0,244,481105.4
2017-05-04,1960.0,1996.0,1940.0,1958.55,1941.0,1947.95,2340.0,1621.0,440,860049.8
2017-05-05,1959.95,1980.7,1928.0,1947.95,1960.0,1932.7,2340.0,1621.0,402,779858.0
2017-05-08,1990.0,2048.7,1933.0,1932.7,1939.0,1966.7,2340.0,1621.0,434,851663.3
2017-05-09,1966.15,1985.0,1933.25,1966.7,1937.0,1953.9,2340.0,1621.0,1150,2262406.7
2017-05-10,1959.05,1990.0,1940.0,1953.9,1940.0,1940.6,2340.0,1621.0,1259,2474857.05
2017-05-11,1969.0,1969.0,1947.0,1940.6,1952.0,1949.85,2340.0,1621.0,236,460584.15
2017-05-12,1941.45,1970.0,1920.0,1949.85,1920.0,1926.85,2340.0,1621.0,449,870353.75
2017-05-15,1925.0,1950.0,1902.35,1926.85,1922.5,1935.1,2340.0,1621.0,694,1336148.7
2017-05-16,1930.1,1950.0,1910.0,1935.1,1925.0,1920.8,2340.0,1621.0,185,357820.55
2017-05-17,1910.0,1984.4,1881.0,1920.8,1955.0,1966.75,2340.0,1621.0,372,726755.65
2017-05-18,1981.55,1981.55,1930.25,1966.75,1936.0,1946.6,2340.0,1621.0,180,349936.55
2017-05-19,1947.0,1947.0,1900.0,1946.6,1910.0,1914.35,2340.0,1621.0,389,744726.75
2017-05-22,1919.65,1919.65,1899.0,1914.35,1900.0,1900.55,2340.0,1621.0,581,1105768.75
2017-05-23,1880.0,1880.0,1830.0,1900.55,1850.0,1841.25,2340.0,1621.0,805,1485676.2
2017-05-24,1810.0,1909.85,1801.25,1841.25,1855.05,1852.8,2340.0,1621.0,682,1258057.1
2017-05-25,1870.05,1915.0,1846.95,1852.8,1907.65,1904.05,2340.0,1621.0,388,735703.35
2017-05-26,1904.95,1949.8,1875.0,1904.05,1895.0,1896.1,2340.0,1621.0,652,1244667.8
2017-05-29,1857.0,1923.55,1857.0,1896.1,1923.0,1884.0,2340.0,1621.0,651,1225304.35
2017-05-30,1939.0,1939.0,1811.0,1884.0,1850.0,1850.0,2340.0,1621.0,775,1437721.95
2017-05-31,1899.65,1899.65,1842.0,1850.0,1880.0,1852.1,2340.0,1621.0,795,1475803.55
2017-06-01,1863.05,1864.95,1828.1,1852.1,1850.0,1842.85,2340.0,1621.0,1172,2166473.45
2017-06-02,1832.35,1850.05,1825.1,1842.85,1850.0,1842.75,2340.0,1621.0,673,1236203.1
2017-06-05,1850.05,1850.05,1833.0,1842.75,1833.0,1843.6,2340.0,1621.0,354,654784.3
2017-06-06,1835.0,1938.0,1818.0,1843.6,1818.0,1821.25,2340.0,1621.0,1080,1979319.05
2017-06-07,1815.05,1850.0,1815.0,1821.25,1815.0,1821.6,2340.0,1621.0,447,818547.55
2017-06-08,1816.0,1849.8,1813.0,1821.6,1832.0,1840.9,2340.0,1621.0,404,739336.0
2017-06-09,1860.0,1860.0,1800.1,1840.9,1810.0,1813.45,2340.0,1621.0,1071,1946305.4
2017-06-12,1825.0,1825.05,1794.85,1813.45,1815.0,1813.85,2340.0,1621.0,989,1782334.0
2017-06-13,1820.45,1874.0,1813.0,1813.85,1813.5,1826.85,2340.0,1621.0,807,1481242.1
2017-06-14,1849.5,1849.5,1775.0,1826.85,1844.75,1837.05,2340.0,1621.0,1272,2304794.7
2017-06-15,1842.95,1909.0,1837.0,1837.05,1856.9,1852.5,2340.0,1621.0,1923,3600154.6
2017-06-16,1857.0,1908.1,1812.5,1852.5,1900.0,1854.95,2340.0,1621.0,930,1732400.05
2017-06-19,1850.1,1887.0,1850.0,1854.95,1868.0,1859.45,2340.0,1621.0,453,842855.45
2017-06-20,1855.05,1877.0,1844.0,1859.45,1850.0,1855.65,2340.0,1621.0,205,380650.9
2017-06-21,1873.95,1887.0,1748.7,1855.65,1799.0,1787.35,2340.0,1621.0,2007,3600737.75
2017-06-22,1801.55,1858.8,1799.1,1787.35,1811.0,1823.3,2340.0,1621.0,1074,1948837.15
2017-06-23,1857.95,1857.95,1785.1,1823.3,1800.0,1800.0,2340.0,1621.0,1544,2811558.6
2017-06-27,1817.8,1817.85,1717.65,1800.0,1725.0,1731.2,2340.0,1621.0,2265,3965868.45
2017-06-28,1755.0,1773.0,1718.0,1731.2,1773.0,1751.4,2340.0,1621.0,1161,2030660.25
2017-06-29,1799.0,1799.0,1765.0,1751.4,1780.0,1780.1,2340.0,1621.0,1106,1963128.35
2017-06-30,1799.95,1799.95,1760.0,1780.1,1795.0,1780.2,2340.0,1621.0,348,619576.15
2017-07-03,1780.0,1800.2,1752.0,1780.2,1784.5,1776.4,2340.0,1621.0,190,338902.55
2017-07-04,1771.05,1786.0,1771.05,1776.4,1786.0,1783.15,2340.0,1621.0,1070,1900308.25
2017-07-05,1790.0,1790.0,1755.0,1783.15,1790.0,1787.3,2340.0,1621.0,648,1146258.1
2017-07-06,1790.0,1811.0,1789.95,1787.3,1791.0,1792.7,2340.0,1621.0,802,1438762.5
2017-07-07,1769.1,1881.0,1768.8,1792.7,1801.1,1825.8,2340.0,1621.0,1012,1868415.0
2017-07-10,1830.0,1830.0,1800.0,1825.8,1825.0,1819.15,2340.0,1621.0,24,43747.85
2017-07-11,1832.0,1850.0,1800.1,1819.15,1820.0,1805.35,2340.0,1621.0,597,1090298.7
2017-07-12,1775.0,1824.4,1775.0,1805.35,1789.0,1797.7,2340.0,1621.0,387,696212.65
2017-07-13,1815.0,1855.0,1784.95,1797.7,1801.0,1823.45,2340.0,1621.0,1391,2514766.75
2017-07-14,1825.0,1866.0,1794.0,1823.45,1860.0,1840.5,2340.0,1621.0,1092,1995087.35
2017-07-17,1852.85,1857.45,1795.0,1840.5,1810.0,1802.95,2340.0,1621.0,278,506313.05
2017-07-18,1810.0,1828.5,1790.0,1802.95,1790.0,1790.0,2340.0,1621.0,357,642119.8
2017-07-19,1816.9,1875.75,1808.1,1790.0,1850.0,1844.6,2340.0,1621.0,949,1749013.6
2017-07-20,1847.0,1940.5,1847.0,1844.6,1930.0,1930.95,2340.0,1621.0,3522,6677529.5
2017-07-21,1950.0,1969.8,1874.0,1930.95,1911.0,1944.05,2340.0,1621.0,1616,3108127.45
2017-07-24,1920.0,1976.0,1920.0,1944.05,1976.0,1960.9,2340.0,1621.0,1250,2437190.55
2017-07-25,1964.25,2015.9,1961.0,1960.9,1993.45,1978.55,2340.0,1621.0,1128,2240385.95
2017-07-26,1999.95,2040.0,1985.0,1978.55,2010.0,2025.8,2340.0,1621.0,2141,4328909.05
2017-07-27,2024.85,2070.0,2005.0,2025.8,2025.0,2031.2,2340.0,1621.0,2727,5582318.45
2017-07-28,2004.8,2077.0,1999.95,2031.2,2050.0,2065.95,2340.0,1621.0,1898,3895084.8
2017-07-31,2090.0,2142.0,2043.0,2065.95,2100.0,2102.15,2340.0,1621.0,3413,7127947.2
2017-08-01,2060.1,2100.0,2020.25,2102.15,2100.0,2073.95,2340.0,1621.0,445,924810.3
2017-08-02,2050.1,2119.9,2050.1,2073.95,2092.5,2084.8,2340.0,1621.0,1783,3719842.85
2017-08-03,2057.0,2098.95,2040.0,2084.8,2052.0,2052.5,2340.0,1621.0,600,1235843.7
2017-08-04,2074.95,2100.05,2040.0,2052.5,2055.1,2084.5,2340.0,1621.0,1117,2323429.5
2017-08-07,2097.95,2129.0,2032.35,2084.5,2043.0,2079.45,2340.0,1621.0,2803,5893794.85
2017-08-08,2089.25,2089.25,2025.0,2079.45,2055.0,2036.6,2340.0,1621.0,3269,6713268.15
2017-08-09,2069.0,2069.0,1977.05,2036.6,2050.0,2048.3,2340.0,1621.0,1226,2491360.65
2017-08-10,2001.0,2024.85,1964.0,2048.3,1966.25,1976.2,2340.0,1621.0,930,1845190.95
2017-08-11,1830.0,1939.9,1830.0,1976.2,1905.0,1903.95,2340.0,1621.0,1060,2020505.45
2017-08-14,1910.0,1974.5,1880.0,1903.95,1880.0,1902.75,2340.0,1621.0,922,1762041.85
2017-08-16,1845.7,1959.0,1845.0,1902.75,1925.0,1924.2,2340.0,1621.0,590,1140186.1
2017-08-17,1940.0,1940.0,1912.0,1924.2,1912.0,1912.0,2340.0,1621.0,69,132475.35
2017-08-18,1900.0,1924.5,1862.1,1912.0,1881.05,1908.55,2340.0,1621.0,354,674927.8
2017-08-21,1949.0,1960.0,1899.85,1908.55,1899.85,1899.95,2340.0,1621.0,90,172641.7
2017-08-22,1856.3,1900.05,1856.3,1899.95,1885.65,1885.2,2340.0,1621.0,515,968745.65
2017-08-23,1924.95,1924.95,1871.05,1885.2,1871.05,1877.0,2340.0,1621.0,354,666262.65
2017-08-24,1898.0,1924.85,1883.0,1877.0,1900.0,1899.8,2340.0,1621.0,672,1277317.2
2017-08-28,1872.05,1934.9,1871.3,1899.8,1886.0,1887.0,2340.0,1621.0,924,1758322.75
2017-08-29,1901.05,1901.05,1874.95,1887.0,1888.0,1886.9,2340.0,1621.0,646,1217269.45
2017-08-30,1908.95,1924.0,1873.0,1886.9,1915.0,1914.95,2340.0,1621.0,103,194641.45
2017-08-31,1960.0,1989.8,1894.05,1914.95,1962.0,1950.55,2340.0,1621.0,814,1574312.85
2017-09-01,1934.75,1964.8,1910.0,1950.55,1925.0,1937.75,2340.0,1621.0,1851,3602824.05
2017-09-04,1925.0,2025.0,1925.0,1937.75,2005.0,1995.95,2340.0,1621.0,1576,3148212.55
2017-09-05,2025.0,2035.0,1961.1,1995.95,2023.0,2018.2,2340.0,1621.0,751,1520265.95
2017-09-06,2047.0,2047.0,1960.0,2018.2,1960.0,1968.1,2340.0,1621.0,216,429562.3
2017-09-07,1999.0,1999.0,1965.05,1968.1,1970.0,1970.0,2340.0,1621.0,254,503189.9
2017-09-08,1960.05,2173.9,1951.0,1970.0,2032.0,2040.95,2340.0,1621.0,3359,6945387.65
2017-09-11,2039.95,2145.05,2020.0,2040.95,2120.0,2108.95,2340.0,1621.0,1789,3752538.85
2017-09-12,2092.0,2149.95,2080.0,2108.95,2080.0,2100.15,2340.0,1621.0,600,1265843.35
2017-09-13,2139.8,2139.8,2055.15,2100.15,2080.0,2084.65,2340.0,1621.0,276,578213.85
2017-09-14,2088.0,2249.9,1990.0,2084.65,2235.0,2217.3,2340.0,1621.0,25373,51686014.0
2017-09-15,2173.0,2321.15,2150.0,2217.3,2315.0,2306.6,2340.0,1621.0,2984,6743554.25
2017-09-18,2315.0,2362.45,2188.0,2306.6,2199.0,2205.65,2362.45,1621.0,3359,7744362.65
2017-09-19,2247.9,2318.5,2160.0,2205.65,2300.0,2297.4,2362.45,1621.0,2922,6694262.25
2017-09-20,2300.0,2325.0,2300.0,2297.4,2300.0,2302.4,2362.45,1621.0,1605,3697314.45
2017-09-21,2300.3,2340.0,2300.0,2302.4,2339.95,2308.0,2362.45,1621.0,1597,3676786.1
2017-09-22,2328.95,2328.95,2225.0,2308.0,2240.0,2232.05,2362.45,1621.0,2235,5077307.6
2017-09-25,2195.25,2274.55,2160.0,2232.05,2200.0,2201.8,2362.45,1621.0,1398,3063156.95
2017-09-26,2190.0,2319.95,2170.0,2201.8,2249.0,2224.35,2362.45,1621.0,630,1406003.0
2017-09-27,2218.0,2218.4,2164.0,2224.35,2164.0,2172.4,2362.45,1621.0,462,1006135.45
2017-09-28,2131.0,2250.0,2131.0,2172.4,2250.0,2225.05,2362.45,1621.0,395,872599.4
2017-09-29,2280.7,2398.5,2256.0,2225.05,2300.0,2296.5,2398.5,1621.0,3628,8470628.4
2017-10-03,2296.5,2347.95,2254.0,2296.5,2284.95,2286.1,2398.5,1621.0,1143,2620861.0
2017-10-04,2251.0,2309.95,2250.0,2286.1,2309.0,2287.0,2398.5,1621.0,872,1984706.7
2017-10-05,2280.0,2380.0,2280.0,2287.0,2350.0,2357.1,2398.5,1621.0,979,2293299.75
2017-10-06,2400.0,2400.0,2301.1,2357.1,2330.0,2327.75,2400.0,1621.0,739,1740946.45
2017-10-09,2385.9,2385.9,2285.0,2327.75,2330.0,2330.8,2400.0,1621.0,421,977491.0
2017-10-10,2349.95,2349.95,2321.0,2330.8,2325.05,2344.8,2400.0,1621.0,405,945109.85
2017-10-11,2346.0,2350.0,2250.0,2344.8,2255.0,2268.9,2400.0,1621.0,597,1375928.1
2017-10-12,2283.9,2320.0,2250.55,2268.9,2250.55,2252.25,2400.0,1621.0,497,1139421.2
2017-10-13,2226.05,2300.0,2226.05,2252.25,2300.0,2283.95,2400.0,1621.0,310,703256.85
2017-10-16,2300.0,2307.0,2248.0,2283.95,2307.0,2306.25,2400.0,1621.0,1476,3380415.55
2017-10-17,2261.05,2374.75,2261.05,2306.25,2321.0,2356.45,2400.0,1621.0,941,2192422.7
2017-10-18,2330.1,2424.0,2297.0,2356.45,2350.0,2351.5,2424.0,1621.0,2444,5751718.0
2017-10-19,2389.95,2400.0,2340.0,2351.5,2340.0,2353.95,2424.0,1621.0,261,619889.65
2017-10-23,2350.0,2360.0,2290.0,2353.95,2350.0,2318.4,2424.0,1621.0,437,1013523.2
2017-10-24,2336.6,2366.5,2301.0,2318.4,2320.0,2321.3,2424.0,1621.0,399,929814.75
2017-10-25,2305.05,2360.0,2305.0,2321.3,2331.0,2345.2,2424.0,1621.0,1017,2377942.25
2017-10-26,2341.45,2344.25,2290.3,2345.2,2301.0,2303.75,2424.0,1621.0,213,491727.85
2017-10-27,2320.95,2360.05,2300.0,2303.75,2360.0,2346.6,2424.0,1621.0,458,1072258.6
2017-10-30,2330.0,2339.5,2251.0,2346.6,2300.0,2300.05,2424.0,1621.0,875,2007553.55
2017-10-31,2305.0,2350.0,2299.95,2300.05,2300.0,2347.75,2424.0,1621.0,2041,4769365.35
2017-11-01,2349.0,2390.0,2349.0,2347.75,2375.25,2375.3,2424.0,1621.0,861,2039831.1
2017-11-02,2395.0,2542.5,2380.0,2375.3,2525.0,2520.85,2542.5,1621.0,5606,13977145.65
2017-11-03,2569.8,2580.0,2501.5,2520.85,2575.0,2573.6,2580.0,1621.0,3628,9273047.3
2017-11-06,2551.4,2649.0,2502.0,2573.6,2535.0,2531.4,2649.0,1621.0,1807,4676835.25
2017-11-07,2580.0,2610.0,2546.2,2531.4,2585.0,2573.05,2649.0,1621.0,611,1574624.2
2017-11-08,2552.35,2597.9,2541.0,2573.05,2580.0,2554.1,2649.0,1621.0,265,679646.5
2017-11-09,2515.4,2598.95,2515.4,2554.1,2530.1,2530.35,2649.0,1621.0,233,591738.2
2017-11-10,2498.0,2549.9,2472.05,2530.35,2490.0,2488.9,2649.0,1621.0,400,1002688.95
2017-11-13,2590.0,2590.0,2450.0,2488.9,2480.0,2479.0,2649.0,1717.65,451,1123542.85
2017-11-14,2465.0,2465.0,2410.0,2479.0,2415.0,2421.45,2649.0,1717.65,153,370678.65
2017-11-15,2494.0,2494.0,2351.0,2421.45,2351.0,2363.3,2649.0,1717.65,289,692441.65
2017-11-16,2350.05,2364.5,2330.0,2363.3,2364.5,2364.5,2649.0,1717.65,227,530080.95
2017-11-17,2365.1,2424.0,2365.05,2364.5,2424.0,2402.0,2649.0,1717.65,309,739242.5
2017-11-20,2448.95,2500.0,2413.45,2402.0,2500.0,2461.8,2649.0,1717.65,111,271902.45
2017-11-21,2497.95,2497.95,2401.0,2461.8,2401.0,2426.7,2649.0,1717.65,276,675809.15
2017-11-22,2426.7,2465.0,2426.7,2426.7,2450.05,2450.05,2649.0,1717.65,116,285092.55
2017-11-23,2472.7,2472.7,2361.05,2450.05,2437.2,2437.2,2649.0,1717.65,378,912357.4
2017-11-24,2478.5,2490.0,2420.1,2437.2,2480.0,2441.7,2649.0,1717.65,272,664682.9
2017-11-27,2417.0,2480.0,2411.2,2441.7,2450.1,2450.1,2649.0,1717.65,57,140345.9
2017-11-28,2402.1,2454.7,2381.0,2450.1,2454.7,2436.6,2649.0,1717.65,537,1306467.85
2017-11-29,2406.65,2415.05,2272.0,2436.6,2320.0,2321.6,2649.0,1717.65,9846,22809493.95
2017-11-30,2300.0,2349.0,2275.0,2321.6,2303.0,2307.5,2649.0,1717.65,214,494849.6
2017-12-01,2303.15,2398.5,2302.15,2307.5,2314.95,2319.65,2649.0,1717.65,470,1098947.05
2017-12-04,2295.15,2319.65,2293.2,2319.65,2293.2,2300.8,2649.0,1717.65,153,352359.7
2017-12-05,2293.05,2320.0,2250.55,2300.8,2250.55,2258.35,2649.0,1717.65,300,683836.0
2017-12-06,2288.0,2310.0,2268.2,2258.35,2304.0,2304.0,2649.0,1717.65,34,78146.9
2017-12-07,2281.0,2339.85,2281.0,2304.0,2339.85,2321.45,2649.0,1717.65,68,157522.6
2017-12-08,2344.3,2350.0,2281.0,2321.45,2302.0,2296.15,2649.0,1717.65,649,1496521.85
2017-12-11,2260.1,2339.85,2260.0,2296.15,2260.0,2266.35,2649.0,1717.65,248,564148.9
2017-12-12,2260.0,2260.0,2210.0,2266.35,2210.0,2214.5,2649.0,1717.65,239,534166.35
2017-12-13,2238.95,2238.95,2161.6,2214.5,2161.6,2182.55,2649.0,1717.65,517,1141224.65
2017-12-14,2161.0,2250.0,2161.0,2182.55,2249.95,2203.25,2649.0,1717.65,302,665404.65
2017-12-15,2211.1,2234.9,2137.2,2203.25,2137.2,2170.5,2649.0,1717.65,377,830579.95
2017-12-18,2145.65,2200.0,2145.0,2170.5,2161.1,2161.95,2649.0,1717.65,280,609487.3
2017-12-19,2180.0,2247.95,2160.0,2161.95,2247.95,2240.5,2649.0,1717.65,389,861744.35
2017-12-20,2288.0,2328.9,2180.0,2240.5,2180.0,2200.4,2649.0,1717.65,196,438133.4
2017-12-21,2255.0,2255.0,2200.0,2200.4,2220.0,2220.0,2649.0,1717.65,49,108903.5
2017-12-22,2199.95,2202.05,2186.15,2220.0,2188.0,2188.3,2649.0,1717.65,450,989535.1
2017-12-26,2220.0,2220.0,2182.25,2188.3,2215.0,2206.3,2649.0,1717.65,58,127851.3
2017-12-27,2208.25,2225.0,2175.05,2206.3,2175.05,2199.35,2649.0,1717.65,132,291359.85
2017-12-28,2216.2,2220.0,2140.0,2199.35,2141.05,2149.4,2649.0,1717.65,290,627363.1
2017-12-29,2150.0,2186.9,2130.0,2149.4,2150.0,2145.6,2649.0,1717.65,196,421023.2
2018-01-01,2174.95,2198.0,2089.0,2145.6,2108.0,2129.6,2649.0,1717.65,533,1144140.55
2018-01-02,2113.0,2130.0,2086.05,2129.6,2100.0,2100.95,2649.0,1717.65,274,576746.65
2018-01-03,2148.5,2166.9,2110.0,2100.95,2125.0,2126.65,2649.0,1717.65,322,690332.15
2018-01-04,2150.05,2157.0,2100.05,2126.65,2157.0,2153.5,2649.0,1717.65,273,584837.55
2018-01-05,2132.0,2206.0,2132.0,2153.5,2150.0,2170.9,2649.0,1717.65,625,1355992.75
2018-01-08,2225.15,2275.0,2170.0,2170.9,2274.0,2265.4,2649.0,1717.65,1077,2390083.85
2018-01-09,2266.0,2300.0,2242.0,2265.4,2258.0,2259.7,2649.0,1717.65,275,626029.5
2018-01-10,2250.0,2324.9,2250.0,2259.7,2300.0,2305.45,2649.0,1717.65,732,1681625.35
2018-01-11,2260.95,2300.0,2260.0,2305.45,2294.0,2286.75,2649.0,1717.65,274,621179.45
2018-01-12,2325.35,2325.35,2223.1,2286.75,2270.0,2272.5,2649.0,1717.65,775,1755446.4
2018-01-15,2255.0,2334.0,2250.0,2272.5,2275.0,2275.65,2649.0,1717.65,971,2219048.5
2018-01-16,2275.0,2335.0,2240.0,2275.65,2240.0,2256.8,2649.0,1717.65,555,1259608.15
2018-01-17,2238.0,2239.0,2150.0,2256.8,2150.0,2180.3,2649.0,1717.65,350,765075.9
2018-01-18,2160.1,2224.85,2150.0,2180.3,2150.0,2150.85,2649.0,1717.65,174,376554.15
2018-01-19,2150.0,2155.05,2126.35,2150.85,2150.0,2145.35,2649.0,1717.65,612,1315733.25
2018-01-22,2130.0,2135.25,2050.1,2145.35,2090.0,2109.4,2649.0,1717.65,516,1082787.15
2018-01-23,2075.0,2115.15,1995.55,2109.4,2005.0,2010.75,2649.0,1717.65,2057,4157932.25
2018-01-24,1976.25,2099.9,1890.0,2010.75,1902.0,1908.05,2649.0,1717.65,8085,15729814.45
2018-01-25,1908.05,2000.0,1908.05,1908.05,2000.0,1991.6,2649.0,1717.65,394,770943.2
2018-01-29,2010.0,2010.0,1921.0,1991.6,1921.0,1925.05,2649.0,1717.65,332,644087.75
2018-01-30,1888.0,1908.6,1825.0,1925.05,1835.0,1832.25,2649.0,1717.65,1273,2361632.65
2018-01-31,1800.0,1918.95,1800.0,1832.25,1840.0,1829.15,2649.0,1717.65,844,1561861.3
2018-02-01,1810.0,1910.0,1806.0,1829.15,1806.0,1819.25,2649.0,1717.65,897,1667637.4
2018-02-02,1869.0,1869.0,1800.0,1819.25,1820.0,1808.35,2649.0,1717.65,536,971102.8
2018-02-05,1740.0,1869.95,1701.2,1808.35,1823.0,1840.15,2649.0,1701.2,551,994301.8
2018-02-06,1822.5,1822.5,1775.0,1840.15,1799.0,1799.0,2649.0,1701.2,424,761633.9
2018-02-07,1843.9,1875.0,1777.0,1799.0,1782.0,1787.5,2649.0,1701.2,441,798027.05
2018-02-08,1829.95,1830.0,1811.0,1787.5,1830.0,1828.7,2649.0,1701.2,147,268245.0
2018-02-09,1818.0,1889.95,1790.0,1828.7,1840.0,1839.65,2649.0,1701.2,1132,2066907.35
2018-02-12,1881.05,1881.05,1770.25,1839.65,1800.0,1790.1,2649.0,1701.2,491,880811.9
2018-02-14,1829.95,1829.95,1782.55,1790.1,1800.0,1799.35,2649.0,1701.2,686,1234609.7
2018-02-15,1807.3,1850.0,1785.15,1799.35,1797.0,1798.8,2649.0,1701.2,196,353839.35
2018-02-16,1761.05,1835.0,1751.05,1798.8,1761.0,1769.25,2649.0,1701.2,275,486374.7
2018-02-19,1745.05,1767.85,1689.65,1769.25,1700.0,1702.35,2649.0,1689.65,860,1474781.9
2018-02-20,1744.65,1744.65,1670.0,1702.35,1715.0,1722.85,2649.0,1670.0,132,227896.4
2018-02-21,1764.95,1764.95,1710.05,1722.85,1748.8,1747.7,2649.0,1670.0,176,304444.45
2018-02-22,1766.6,1766.6,1717.25,1747.7,1750.0,1756.1,2649.0,1670.0,264,460198.2
2018-02-23,1750.0,1770.0,1750.0,1756.1,1770.0,1770.0,2649.0,1670.0,78,137086.5
2018-02-26,1750.05,1800.0,1740.35,1770.0,1800.0,1772.7,2649.0,1670.0,601,1065425.15
2018-02-27,1760.0,1785.0,1720.0,1772.7,1720.0,1731.4,2649.0,1670.0,300,524144.0
2018-02-28,1701.35,1728.7,1688.0,1731.4,1705.0,1707.85,2649.0,1670.0,961,1634182.75
2018-03-01,1704.95,1760.0,1680.0,1707.85,1680.0,1689.55,2649.0,1670.0,711,1226420.4
2018-03-05,1724.7,1724.7,1675.0,1689.55,1675.0,1690.4,2649.0,1670.0,427,723288.85
2018-03-06,1719.6,1719.6,1675.0,1690.4,1675.0,1675.0,2649.0,1670.0,627,1054479.5
2018-03-07,1675.0,1699.0,1650.0,1675.0,1650.0,1650.1,2649.0,1650.0,812,1348609.35
2018-03-08,1658.85,1658.85,1600.0,1650.1,1600.05,1608.65,2649.0,1600.0,2002,3220726.25
2018-03-09,1644.95,1674.9,1640.0,1608.65,1674.9,1669.75,2649.0,1600.0,1883,3121557.4
2018-03-12,1660.0,1660.0,1589.0,1669.75,1600.0,1597.8,2649.0,1589.0,2072,3323030.1
2018-03-13,1570.15,1619.9,1570.15,1597.8,1604.0,1604.0,2649.0,1570.15,2114,3378865.95
2018-03-14,1600.0,1633.8,1597.5,1604.0,1602.1,1602.45,2649.0,1570.15,798,1277962.7
2018-03-15,1600.15,1610.0,1550.15,1602.45,1604.0,1602.05,2649.0,1550.15,1246,1987776.8
2018-03-16,1610.0,1610.0,1600.0,1602.05,1600.0,1600.0,2649.0,1550.15,43,68905.55
2018-03-19,1601.0,1607.0,1595.0,1600.0,1600.0,1600.5,2649.0,1550.15,1033,1652238.0
2018-03-20,1600.05,1609.95,1597.5,1600.5,1604.0,1604.0,2649.0,1550.15,2269,3629656.45
2018-03-21,1610.0,1620.0,1600.0,1604.0,1605.0,1605.0,2649.0,1550.15,225,361327.0
2018-03-22,1600.05,1620.0,1600.0,1605.0,1605.0,1605.1,2649.0,1550.15,915,1464781.3
2018-03-23,1598.8,1604.0,1595.0,1605.1,1604.0,1604.0,2649.0,1550.15,1724,2756738.85
2018-03-26,1604.0,1610.0,1597.5,1604.0,1597.5,1601.6,2649.0,1550.15,598,958414.0
2018-03-27,1625.0,1699.9,1625.0,1601.6,1699.9,1696.95,2649.0,1550.15,517,869475.6
2018-03-28,1650.1,1724.9,1650.1,1696.95,1717.55,1723.2,2649.0,1550.15,186,317239.9
2018-04-02,1766.25,1766.25,1660.0,1723.2,1720.0,1705.7,2649.0,1550.15,492,835127.25
2018-04-03,1734.95,1810.55,1734.7,1705.7,1798.0,1796.15,2649.0,1550.15,645,1149189.5
2018-04-04,1820.0,1824.9,1750.0,1796.15,1755.0,1756.2,2649.0,1550.15,516,923741.05
2018-04-05,1799.75,1810.95,1760.4,1756.2,1800.0,1802.45,2649.0,1550.15,370,664730.85
2018-04-06,1805.0,1820.45,1792.05,1802.45,1815.95,1804.05,2649.0,1550.15,330,597484.1
2018-04-09,1762.7,1839.0,1762.65,1804.05,1825.0,1828.9,2649.0,1550.15,1485,2704444.65
2018-04-10,1860.0,1899.9,1835.15,1828.9,1852.0,1852.05,2649.0,1550.15,669,1250400.9
2018-04-11,1812.55,1875.0,1812.55,1852.05,1850.0,1850.0,2649.0,1550.15,335,618941.45
2018-04-12,1855.0,1875.0,1850.0,1850.0,1850.0,1850.5,2649.0,1550.15,358,663725.05
2018-04-13,1850.05,1860.75,1840.0,1850.5,1841.0,1840.2,2649.0,1550.15,145,266983.9
2018-04-16,1884.1,1887.0,1820.0,1840.2,1820.0,1823.15,2649.0,1550.15,129,236507.5
2018-04-17,1821.0,1821.0,1805.0,1823.15,1815.0,1810.7,2649.0,1550.15,139,252402.0
2018-04-18,1799.95,1799.95,1780.0,1810.7,1780.0,1785.05,2649.0,1550.15,171,305941.9
2018-04-19,1775.05,1775.05,1705.2,1785.05,1705.2,1716.2,2649.0,1550.15,737,1284050.75
2018-04-20,1670.1,1731.75,1670.1,1716.2,1731.75,1730.45,2649.0,1550.15,98,169101.6
2018-04-23,1775.95,1776.0,1681.7,1730.45,1681.7,1704.55,2649.0,1550.15,1627,2800903.4
2018-04-24,1729.65,1729.65,1683.1,1704.55,1723.0,1718.75,2649.0,1550.15,178,305136.75
2018-04-25,1724.0,1729.0,1690.4,1718.75,1693.1,1693.1,2649.0,1550.15,196,337618.4
2018-04-26,1724.95,1725.05,1690.0,1693.1,1690.0,1690.0,2649.0,1550.15,91,154999.3
2018-04-27,1723.9,1723.9,1685.0,1690.0,1685.0,1689.8,2649.0,1550.15,193,327464.55
2018-04-30,1729.0,1729.0,1670.0,1689.8,1677.2,1679.95,2649.0,1550.15,340,575524.75
2018-05-02,1692.4,1717.0,1685.0,1679.95,1685.0,1686.6,2649.0,1550.15,334,567711.4
2018-05-03,1692.55,1696.95,1675.0,1686.6,1690.0,1686.5,2649.0,1550.15,86,144284.15
2018-05-04,1692.0,1695.4,1654.0,1686.5,1660.0,1664.9,2649.0,1550.15,397,664551.75
2018-05-07,1663.0,1704.95,1656.0,1664.9,1676.0,1674.25,2649.0,1550.15,166,276483.25
2018-05-08,1665.0,1665.0,1640.0,1674.25,1660.0,1660.0,2649.0,1550.15,360,595101.75
2018-05-09,1665.0,1670.0,1649.95,1660.0,1650.0,1658.35,2649.0,1550.15,466,773376.6
2018-05-10,1679.0,1679.0,1626.0,1658.35,1665.0,1661.0,2649.0,1550.15,283,467432.8
2018-05-11,1660.0,1660.0,1610.0,1661.0,1617.0,1624.05,2649.0,1550.15,138,224941.0
2018-05-14,1610.1,1669.0,1600.0,1624.05,1600.0,1605.25,2649.0,1550.15,373,604146.25
2018-05-15,1601.0,1618.8,1600.0,1605.25,1615.0,1607.75,2649.0,1550.15,71,113785.2
2018-05-16,1600.05,1610.0,1590.0,1607.75,1600.0,1601.65,2649.0,1550.15,360,576558.75
2018-05-17,1602.05,1619.95,1590.0,1601.65,1610.0,1609.5,2649.0,1550.15,141,225413.25
2018-05-18,1609.75,1654.4,1607.0,1609.5,1607.0,1621.8,2649.0,1550.15,287,467131.6
2018-05-21,1624.55,1630.0,1575.15,1621.8,1575.25,1577.1,2649.0,1550.15,318,512846.4
2018-05-22,1576.55,1622.0,1560.05,1577.1,1622.0,1610.3,2649.0,1550.15,131,209875.6
2018-05-23,1612.9,1624.8,1550.1,1610.3,1550.1,1569.05,2649.0,1550.1,206,325277.8
2018-05-24,1609.95,1609.95,1550.1,1569.05,1561.0,1568.4,2649.0,1550.1,546,857059.7
2018-05-25,1577.2,1580.0,1554.0,1568.4,1560.0,1559.45,2649.0,1550.1,237,369518.05
2018-05-28,1557.75,1599.0,1554.0,1559.45,1566.05,1570.85,2649.0,1550.1,262,411553.0
2018-05-29,1595.0,1605.0,1577.2,1570.85,1598.0,1592.0,2649.0,1550.1,106,168948.85
2018-05-30,1598.0,1615.0,1550.0,1592.0,1550.0,1564.8,2649.0,1550.0,301,472944.5
2018-05-31,1564.7,1590.0,1533.85,1564.8,1570.0,1567.8,2649.0,1533.85,274,429736.7
2018-06-01,1566.3,1590.0,1525.0,1567.8,1550.0,1550.0,2649.0,1525.0,935,1452131.05
2018-06-04,1560.0,1566.0,1470.0,1550.0,1470.0,1490.4,2649.0,1470.0,796,1202196.45
2018-06-05,1535.1,1535.1,1480.0,1490.4,1500.0,1488.0,2649.0,1470.0,352,527717.1
2018-06-06,1510.0,1523.95,1453.0,1488.0,1471.1,1485.7,2649.0,1453.0,76,113577.85
2018-06-07,1490.9,1534.95,1481.5,1485.7,1525.0,1519.5,2649.0,1453.0,463,696100.7
2018-06-08,1526.9,1532.0,1483.0,1519.5,1483.0,1487.95,2649.0,1453.0,270,404284.35
2018-06-11,1496.25,1549.9,1496.25,1487.95,1510.35,1513.95,2649.0,1453.0,378,571459.85
2018-06-12,1524.5,1530.25,1520.0,1513.95,1520.0,1520.0,2649.0,1453.0,12,18254.75
2018-06-13,1516.05,1542.8,1488.0,1520.0,1520.0,1521.85,2649.0,1453.0,253,378459.45
2018-06-14,1528.9,1528.9,1475.1,1521.85,1500.0,1500.0,2649.0,1453.0,631,945089.9
2018-06-15,1545.0,1545.0,1485.0,1500.0,1495.0,1501.85,2649.0,1453.0,81,122572.15
2018-06-18,1515.4,1515.4,1450.0,1501.85,1456.0,1452.15,2649.0,1450.0,356,521453.9
2018-06-19,1472.0,1472.0,1450.0,1452.15,1465.0,1451.35,2649.0,1450.0,175,254014.95
2018-06-20,1449.95,1475.0,1449.95,1451.35,1475.0,1469.15,2649.0,1449.95,112,163155.4
2018-06-21,1450.05,1465.0,1450.05,1469.15,1455.05,1455.05,2649.0,1449.95,108,157622.3
2018-06-22,1427.65,1469.35,1397.0,1455.05,1400.0,1405.95,2649.0,1397.0,1173,1655570.65
2018-06-25,1448.1,1487.0,1363.8,1405.95,1450.0,1442.6,2649.0,1363.8,1696,2400147.5
2018-06-26,1450.0,1475.0,1450.0,1442.6,1450.0,1455.25,2649.0,1363.8,1420,2060427.35
2018-06-27,1463.95,1499.9,1450.0,1455.25,1490.0,1496.8,2649.0,1363.8,1855,2703371.15
2018-06-28,1453.2,1479.0,1450.0,1496.8,1462.0,1458.5,2649.0,1363.8,335,486362.15
2018-06-29,1464.15,1523.95,1463.0,1458.5,1465.0,1473.9,2649.0,1363.8,100,149196.75
2018-07-02,1480.25,1480.25,1450.0,1473.9,1450.0,1450.3,2649.0,1363.8,197,286897.95
2018-07-03,1486.55,1486.55,1451.7,1450.3,1475.0,1475.05,2649.0,1363.8,113,166645.8
2018-07-04,1452.65,1457.8,1449.9,1475.05,1450.0,1450.0,2649.0,1363.8,1393,2020047.05
2018-07-05,1460.2,1470.0,1450.0,1450.0,1450.0,1450.0,2649.0,1363.8,1056,1532103.55
2018-07-06,1454.0,1485.0,1454.0,1450.0,1483.0,1477.85,2649.0,1363.8,62,90922.3
2018-07-09,1490.0,1500.0,1475.0,1477.85,1500.0,1480.4,2649.0,1363.8,666,987862.3
2018-07-10,1491.7,1600.0,1491.7,1480.4,1555.0,1573.15,2649.0,1363.8,577,896876.0
2018-07-11,1531.15,1599.0,1521.05,1573.15,1564.0,1543.65,2649.0,1363.8,272,419458.7
2018-07-12,1527.1,1536.25,1500.1,1543.65,1501.0,1517.25,2649.0,1363.8,203,310317.55
2018-07-13,1502.0,1549.85,1502.0,1517.25,1545.0,1532.25,2649.0,1363.8,232,355862.75
2018-07-16,1545.05,1599.9,1478.0,1532.25,1478.0,1497.95,2649.0,1363.8,2716,4240707.8
2018-07-17,1530.95,1530.95,1495.0,1497.95,1495.0,1500.3,2649.0,1363.8,458,688167.95
2018-07-18,1514.95,1540.05,1485.0,1500.3,1500.0,1499.5,2649.0,1363.8,601,905254.15
2018-07-19,1483.9,1485.0,1450.0,1499.5,1450.0,1456.3,2649.0,1363.8,692,1010130.1
2018-07-20,1450.0,1485.0,1416.35,1456.3,1450.0,1451.0,2649.0,1363.8,51,73908.45
2018-07-23,1455.65,1455.65,1400.0,1451.0,1450.0,1443.55,2649.0,1363.8,238,338915.25
2018-07-24,1479.55,1498.95,1407.55,1443.55,1420.0,1428.95,2649.0,1363.8,451,648584.75
2018-07-25,1463.0,1486.0,1410.55,1428.95,1450.0,1461.1,2649.0,1363.8,413,599729.6
2018-07-26,1523.0,1523.0,1410.0,1461.1,1411.0,1432.15,2649.0,1363.8,259,373644.35
2018-07-27,1467.95,1468.05,1405.0,1432.15,1427.0,1434.0,2649.0,1363.8,1502,2142978.5
2018-07-30,1450.0,1450.0,1427.0,1434.0,1440.0,1440.0,2649.0,1363.8,423,608819.95
2018-07-31,1446.0,1447.0,1430.0,1440.0,1430.0,1430.0,2649.0,1363.8,518,742038.0
2018-08-01,1450.0,1465.75,1429.0,1430.0,1449.0,1443.5,2649.0,1363.8,457,657973.55
2018-08-02,1438.0,1438.0,1419.0,1443.5,1426.0,1431.5,2649.0,1363.8,158,225130.1
2018-08-03,1463.0,1463.0,1445.0,1431.5,1449.9,1449.75,2649.0,1363.8,126,182678.9
2018-08-06,1452.0,1573.0,1452.0,1449.75,1551.0,1552.15,2649.0,1363.8,526,795505.3
2018-08-07,1552.0,1574.95,1520.95,1552.15,1560.0,1551.9,2649.0,1363.8,1196,1861969.95
2018-08-08,1540.05,1544.85,1467.85,1551.9,1467.85,1475.6,2649.0,1363.8,500,756444.3
2018-08-09,1499.95,1500.0,1478.0,1475.6,1490.0,1486.4,2649.0,1363.8,27,40255.55
2018-08-10,1490.0,1500.0,1460.0,1486.4,1485.0,1480.0,2649.0,1363.8,678,1013182.9
2018-08-13,1454.0,1483.95,1454.0,1480.0,1480.95,1462.1,2649.0,1363.8,7,10234.9
2018-08-14,1476.0,1476.0,1431.0,1462.1,1462.0,1462.0,2649.0,1363.8,162,234625.9
2018-08-16,1455.75,1475.75,1397.0,1462.0,1405.0,1405.35,2649.0,1363.8,4433,6220947.35
2018-08-17,1436.0,1436.0,1380.0,1405.35,1386.0,1392.2,2649.0,1363.8,2658,3709464.1
2018-08-20,1400.05,1440.0,1399.95,1392.2,1440.0,1427.9,2649.0,1363.8,319,450475.2
2018-08-21,1420.05,1420.05,1400.0,1427.9,1400.0,1400.3,2649.0,1363.8,81,113949.7
2018-08-23,1429.95,1449.0,1402.05,1400.3,1429.0,1425.4,2649.0,1363.8,295,421036.55
2018-08-24,1424.3,1430.0,1401.0,1425.4,1416.0,1415.6,2649.0,1363.8,109,154216.3
2018-08-27,1445.0,1455.0,1417.05,1415.6,1420.0,1425.0,2649.0,1363.8,156,223094.5
2018-08-28,1455.0,1455.0,1418.0,1425.0,1429.95,1430.45,2649.0,1363.8,268,381561.5
2018-08-29,1428.0,1448.0,1418.0,1430.45,1443.9,1434.9,2649.0,1363.8,339,485706.05
2018-08-30,1444.0,1456.0,1420.0,1434.9,1456.0,1450.55,2649.0,1363.8,681,983809.65
2018-08-31,1450.0,1495.0,1401.2,1450.55,1495.0,1478.05,2649.0,1363.8,1547,2244920.4
2018-09-03,1495.0,1500.05,1465.05,1478.05,1500.0,1499.25,2649.0,1363.8,202,302427.55
2018-09-04,1536.65,1536.65,1465.0,1499.25,1513.95,1500.65,2649.0,1363.8,274,411656.1
2018-09-05,1465.05,1499.9,1465.0,1500.65,1472.0,1474.55,2649.0,1363.8,112,165021.6
2018-09-06,1499.95,1500.0,1468.1,1474.55,1475.35,1475.15,2649.0,1363.8,458,679218.3
2018-09-07,1475.0,1499.0,1450.1,1475.15,1482.0,1493.65,2649.0,1363.8,123,182628.5
2018-09-10,1522.0,1529.9,1501.0,1493.65,1529.9,1525.15,2649.0,1363.8,356,541935.7
2018-09-11,1525.0,1525.0,1475.1,1525.15,1475.1,1477.0,2649.0,1363.8,98,145159.7
2018-09-12,1440.15,1515.6,1440.15,1477.0,1515.6,1500.8,2649.0,1363.8,435,644214.55
2018-09-14,1472.0,1795.0,1472.0,1500.8,1677.0,1686.0,2649.0,1363.8,26164,45038926.8
2018-09-17,1670.0,1869.5,1669.05,1686.0,1760.0,1781.45,2649.0,1363.8,44639,80111450.55
2018-09-18,1781.45,1799.0,1675.0,1781.45,1681.1,1681.9,2649.0,1363.8,7239,12532524.55
2018-09-19,1650.0,1738.85,1650.0,1681.9,1698.85,1670.05,2649.0,1363.8,3237,5499669.1
2018-09-21,1670.1,1730.0,1430.0,1670.05,1629.0,1610.65,2649.0,1363.8,3942,6450646.3
2018-09-24,1580.0,1600.0,1465.7,1610.65,1560.0,1578.5,2649.0,1363.8,1962,3071353.3
2018-09-25,1560.0,1699.0,1540.0,1578.5,1679.95,1668.3,2649.0,1363.8,3418,5591900.75
2018-09-26,1668.0,1742.0,1625.1,1668.3,1650.0,1652.05,2649.0,1363.8,2283,3857535.7
2018-09-27,1653.0,1739.95,1617.0,1652.05,1617.0,1628.2,2649.0,1363.8,969,1618051.95
2018-09-28,1697.35,1697.35,1505.1,1628.2,1599.9,1532.35,2649.0,1363.8,1202,1879802.45
2018-10-01,1453.15,1560.0,1453.15,1532.35,1560.0,1556.25,2649.0,1363.8,348,531629.65
2018-10-03,1505.05,1624.0,1505.05,1556.25,1595.0,1590.7,2649.0,1363.8,956,1525254.25
2018-10-04,1516.05,1563.0,1448.7,1590.7,1460.0,1479.15,2649.0,1363.8,3147,4729636.35
2018-10-05,1430.1,1549.0,1430.1,1479.15,1456.0,1456.35,2649.0,1363.8,1514,2263415.2
2018-10-08,1460.0,1500.0,1430.0,1456.35,1442.0,1440.75,2649.0,1363.8,548,797852.2
2018-10-09,1499.95,1544.95,1476.0,1440.75,1520.0,1518.1,2649.0,1363.8,1888,2871802.2
2018-10-10,1520.0,1640.0,1520.0,1518.1,1576.0,1592.75,2649.0,1363.8,2046,3244803.05
2018-10-11,1552.95,1603.75,1480.0,1592.75,1495.0,1498.9,2649.0,1363.8,3120,4785254.4
2018-10-12,1484.0,1655.65,1484.0,1498.9,1590.0,1584.5,2649.0,1363.8,2120,3370806.65
2018-10-15,1639.45,1749.0,1590.0,1584.5,1690.0,1695.3,2649.0,1363.8,5709,9679419.35
2018-10-16,1766.0,1775.0,1700.1,1695.3,1750.05,1749.25,2649.0,1363.8,2386,4132145.65
2018-10-17,1769.95,1770.0,1650.1,1749.25,1650.25,1653.8,2649.0,1363.8,1494,2531120.55
2018-10-19,1717.95,1717.95,1601.0,1653.8,1677.0,1678.1,2649.0,1363.8,1087,1794279.9
2018-10-22,1677.0,1700.0,1625.1,1678.1,1625.1,1642.05,2649.0,1363.8,636,1060165.7
2018-10-23,1655.85,1749.9,1633.8,1642.05,1749.85,1708.8,2649.0,1363.8,4611,7728202.65
2018-10-24,1740.0,1785.0,1739.2,1708.8,1750.1,1755.2,2649.0,1363.8,1588,2787603.55
2018-10-25,1715.05,1776.8,1715.05,1755.2,1735.1,1758.9,2649.0,1363.8,970,1707287.6
2018-10-26,1775.9,1802.85,1745.3,1758.9,1750.1,1760.35,2649.0,1363.8,715,1257676.6
2018-10-29,1761.05,1820.0,1753.0,1760.35,1787.0,1792.95,2649.0,1363.8,1250,2245916.8
2018-10-30,1800.0,1800.0,1754.25,1792.95,1762.0,1764.1,2649.0,1363.8,367,654051.75
2018-10-31,1760.0,1772.9,1740.05,1764.1,1761.0,1765.0,2649.0,1363.8,175,307628.5
2018-11-01,1731.0,1785.0,1731.0,1765.0,1766.85,1746.6,2649.0,1363.8,222,388699.7
2018-11-02,1767.4,1773.0,1750.0,1746.6,1750.0,1751.15,2649.0,1363.8,407,717011.7
2018-11-05,1766.3,1779.0,1765.0,1751.15,1779.0,1772.75,2649.0,1363.8,348,616524.25
2018-11-06,1777.9,1777.9,1752.05,1772.75,1772.0,1769.85,2649.0,1363.8,102,180378.05
2018-11-07,1775.0,1775.0,1750.0,1769.85,1750.0,1753.65,2649.0,1363.8,98,172190.9
2018-11-09,1770.0,1799.9,1755.0,1753.65,1775.0,1763.8,2649.0,1363.8,636,1131197.4
2018-11-12,1797.7,1941.55,1766.5,1763.8,1835.0,1845.6,2590.0,1363.8,4020,7484761.4
2018-11-13,1845.6,1860.0,1787.55,1845.6,1800.0,1802.85,2590.0,1363.8,439,792918.85
2018-11-14,1812.6,1850.0,1775.1,1802.85,1775.1,1781.75,2590.0,1363.8,686,1236117.35
2018-11-15,1757.3,1785.0,1756.85,1781.75,1765.1,1770.6,2590.0,1363.8,168,297692.5
2018-11-16,1770.0,1770.0,1725.0,1770.6,1743.85,1743.85,2590.0,1363.8,504,873984.4
2018-11-19,1707.25,1747.5,1701.1,1743.85,1720.0,1724.7,2500.0,1363.8,353,608845.05
2018-11-20,1730.0,1735.45,1700.1,1724.7,1700.1,1704.75,2500.0,1363.8,836,1436719.3
2018-11-21,1738.55,1738.55,1645.0,1704.75,1645.0,1661.6,2500.0,1363.8,1101,1838098.65
2018-11-22,1682.85,1705.6,1650.1,1661.6,1660.0,1657.2,2500.0,1363.8,314,523058.6
2018-11-26,1630.2,1659.75,1581.55,1657.2,1610.0,1618.3,2480.0,1363.8,1008,1621661.15
2018-11-27,1635.0,1651.1,1616.0,1618.3,1616.1,1628.75,2480.0,1363.8,77,125882.2
2018-11-28,1602.75,1622.05,1600.05,1628.75,1622.05,1617.3,2480.0,1363.8,585,941744.9
2018-11-29,1635.5,1635.5,1610.0,1617.3,1614.8,1614.8,2480.0,1363.8,726,1174658.0
2018-11-30,1623.8,1623.85,1570.0,1614.8,1590.0,1579.2,2480.0,1363.8,1472,2343367.6
2018-12-03,1581.1,1605.0,1563.7,1579.2,1563.7,1583.95,2350.0,1363.8,205,327179.75
2018-12-04,1590.05,1629.8,1576.0,1583.95,1576.0,1594.0,2350.0,1363.8,60,95777.15
2018-12-05,1628.0,1628.0,1540.0,1594.0,1540.0,1550.25,2350.0,1363.8,300,468037.55
2018-12-06,1535.1,1550.0,1519.1,1550.25,1519.5,1523.45,2350.0,1363.8,177,271335.05
2018-12-07,1519.5,1529.0,1490.0,1523.45,1490.0,1505.5,2350.0,1363.8,213,320349.25
2018-12-10,1499.95,1538.0,1452.3,1505.5,1500.0,1498.8,2339.85,1363.8,143,215732.3
2018-12-11,1505.0,1579.0,1468.0,1498.8,1524.0,1524.0,2339.85,1363.8,41,61367.0
2018-12-12,1493.05,1589.95,1493.0,1524.0,1522.0,1537.75,2339.85,1363.8,1314,2037183.45
2018-12-13,1500.0,1580.0,1471.95,1537.75,1506.1,1517.95,2339.85,1363.8,723,1106107.9
2018-12-14,1539.95,1539.95,1506.0,1517.95,1515.0,1512.3,2339.85,1363.8,638,969368.55
2018-12-17,1511.05,1547.95,1499.95,1512.3,1520.0,1519.65,2335.0,1363.8,1256,1897154.35
2018-12-18,1525.0,1525.0,1487.0,1519.65,1487.0,1491.1,2335.0,1363.8,212,319599.15
2018-12-19,1510.0,1550.0,1486.1,1491.1,1531.0,1526.15,2335.0,1363.8,1374,2101692.75
2018-12-20,1490.1,1550.0,1481.7,1526.15,1501.6,1535.6,2335.0,1363.8,1355,2078323.75
2018-12-21,1505.6,1538.0,1503.0,1535.6,1526.0,1511.8,2335.0,1363.8,91,138264.35
2018-12-24,1502.2,1536.7,1500.0,1511.8,1500.0,1504.15,2335.0,1363.8,216,326120.75
2018-12-26,1501.05,1501.05,1430.1,1504.15,1463.0,1470.55,2335.0,1363.8,161,236434.65
2018-12-27,1500.0,1500.0,1466.0,1470.55,1473.0,1473.0,2335.0,1363.8,370,547229.45
2018-12-28,1494.0,1495.0,1480.0,1473.0,1494.9,1482.3,2335.0,1363.8,825,1228258.0
2018-12-31,1499.85,1520.0,1475.75,1482.3,1505.0,1510.65,2335.0,1363.8,431,650757.95
2019-01-01,1480.4,1515.15,1480.4,1510.65,1510.0,1502.75,2335.0,1363.8,206,309062.3
2019-01-02,1502.75,1565.0,1480.0,1502.75,1515.15,1513.95,2335.0,1363.8,792,1203177.85
2019-01-03,1511.0,1538.95,1500.0,1513.95,1502.0,1501.4,2335.0,1363.8,175,264361.8
2019-01-04,1530.3,1530.3,1481.95,1501.4,1500.0,1493.95,2335.0,1363.8,1499,2248192.4
2019-01-07,1482.1,1500.0,1470.0,1493.95,1472.0,1472.9,2335.0,1363.8,469,695908.25
2019-01-08,1441.4,1479.95,1438.65,1472.9,1455.0,1457.2,2335.0,1363.8,3810,5539086.05
2019-01-09,1508.0,1518.0,1452.65,1457.2,1460.0,1460.0,2335.0,1363.8,462,677546.9
2019-01-10,1465.0,1483.5,1450.3,1460.0,1482.0,1473.6,2335.0,1363.8,172,252462.15
2019-01-11,1465.0,1471.0,1450.5,1473.6,1450.5,1456.25,2335.0,1363.8,281,411354.25
2019-01-14,1425.6,1471.9,1425.1,1456.25,1429.0,1432.35,2335.0,1363.8,193,278791.3
2019-01-15,1465.0,1470.0,1452.0,1432.35,1460.0,1462.8,2335.0,1363.8,379,555930.75
2019-01-16,1465.7,1521.0,1465.7,1462.8,1497.45,1493.95,2335.0,1363.8,570,853521.85
2019-01-17,1495.0,1499.0,1440.1,1493.95,1462.0,1457.65,2335.0,1363.8,321,467953.35
2019-01-18,1460.0,1462.0,1440.1,1457.65,1449.95,1445.8,2335.0,1363.8,291,422269.7
2019-01-21,1530.95,1530.95,1435.0,1445.8,1435.0,1440.1,2135.25,1363.8,733,1057724.0
2019-01-22,1457.0,1457.0,1410.1,1440.1,1440.0,1428.4,2135.25,1363.8,530,757594.05
2019-01-23,1458.0,1458.0,1400.1,1428.4,1420.0,1420.0,2135.25,1363.8,215,305599.5
2019-01-24,1445.0,1500.0,1411.05,1420.0,1438.0,1442.85,2135.25,1363.8,568,826757.3
2019-01-25,1426.35,1460.0,1425.0,1442.85,1430.0,1431.8,2135.25,1363.8,247,356281.55
2019-01-28,1425.0,1425.0,1405.0,1431.8,1425.0,1420.0,2010.0,1363.8,302,428011.6
2019-01-29,1425.0,1459.0,1425.0,1420.0,1425.0,1434.95,2010.0,1363.8,1241,1771210.25
2019-01-30,1489.0,1489.0,1428.0,1434.95,1445.0,1440.5,2010.0,1363.8,174,254285.75
2019-01-31,1426.55,1490.0,1426.55,1440.5,1484.0,1475.8,2010.0,1363.8,414,602626.55
2019-02-01,1452.15,1475.0,1451.0,1475.8,1468.95,1466.5,2010.0,1363.8,132,192803.2
2019-02-04,1450.0,1474.0,1450.0,1466.5,1450.0,1450.0,1941.55,1363.8,716,1039427.0
2019-02-05,1497.55,1497.6,1435.1,1450.0,1473.9,1465.1,1941.55,1363.8,1428,2067271.0
2019-02-06,1495.0,1510.0,1465.0,1465.1,1500.0,1500.0,1941.55,1363.8,993,1480325.75
2019-02-07,1500.0,1525.0,1471.55,1500.0,1500.0,1486.45,1941.55,1363.8,7783,11833092.9
2019-02-08,1460.05,1499.9,1452.1,1486.45,1474.95,1481.8,1941.55,1363.8,334,493253.65
2019-02-11,1494.8,1494.85,1463.0,1481.8,1465.0,1465.0,1941.55,1363.8,229,336394.8
2019-02-12,1478.05,1489.95,1450.0,1465.0,1450.0,1450.05,1941.55,1363.8,33,48214.7
2019-02-13,1462.85,1489.2,1449.95,1450.05,1450.0,1450.0,1941.55,1363.8,552,801005.5
2019-02-14,1455.15,1470.0,1450.1,1450.0,1450.15,1450.15,1941.55,1363.8,169,245835.15
2019-02-15,1476.95,1489.9,1425.0,1450.15,1467.0,1466.4,1941.55,1363.8,544,795541.15
2019-02-18,1461.05,1494.95,1450.1,1466.4,1450.1,1453.7,1941.55,1363.8,200,292849.45
2019-02-19,1482.05,1510.0,1452.1,1453.7,1510.0,1503.45,1941.55,1363.8,649,957914.95
2019-02-20,1515.05,1515.05,1480.0,1503.45,1490.0,1494.7,1941.55,1363.8,292,439228.2
2019-02-21,1510.05,1510.05,1470.1,1494.7,1470.1,1474.4,1941.55,1363.8,332,494278.75
2019-02-22,1474.95,1525.05,1451.0,1474.4,1451.0,1459.6,1941.55,1363.8,376,553604.6
2019-02-25,1490.05,1574.9,1464.95,1459.6,1500.1,1509.8,1941.55,1363.8,4893,7440893.4
2019-02-26,1478.95,1519.0,1459.1,1509.8,1495.0,1500.15,1941.55,1363.8,895,1338195.5
2019-02-27,1518.0,1550.0,1475.1,1500.15,1483.1,1483.05,1941.55,1363.8,629,946801.55
2019-02-28,1480.05,1550.0,1480.0,1483.05,1544.0,1537.55,1941.55,1363.8,1028,1568101.75
2019-03-01,1594.0,1629.8,1551.2,1537.55,1615.0,1610.2,1941.55,1363.8,3854,6148726.3
2019-03-05,1590.05,1620.05,1565.0,1610.2,1575.0,1575.25,1941.55,1363.8,913,1446446.65
2019-03-06,1575.05,1690.0,1575.0,1575.25,1622.0,1617.55,1941.55,1363.8,2480,4064013.2
2019-03-07,1625.05,1633.05,1580.0,1617.55,1580.0,1593.25,1941.55,1363.8,990,1577974.1
2019-03-08,1609.95,1635.0,1569.95,1593.25,1611.0,1619.15,1941.55,1363.8,745,1193397.25
2019-03-11,1638.05,1638.05,1584.55,1619.15,1610.0,1602.0,1941.55,1363.8,530,846836.9
2019-03-12,1643.95,1699.9,1603.0,1602.0,1610.0,1613.05,1941.55,1363.8,5049,8335432.9
2019-03-13,1620.05,1620.05,1600.0,1613.05,1600.0,1600.0,1941.55,1363.8,441,709928.65
2019-03-14,1609.95,1647.0,1600.0,1600.0,1600.0,1603.55,1941.55,1363.8,478,772419.0
2019-03-15,1603.55,1625.0,1598.0,1603.55,1598.8,1600.35,1941.55,1363.8,1007,1619762.55
2019-03-18,1598.0,1625.0,1560.0,1600.35,1595.0,1593.55,1941.55,1363.8,6282,10035521.8
2019-03-19,1580.5,1588.8,1529.8,1593.55,1550.0,1549.65,1941.55,1363.8,905,1408013.65
2019-03-20,1569.95,1588.9,1536.1,1549.65,1560.0,1555.45,1941.55,1363.8,1825,2840779.4
2019-03-22,1570.3,1572.9,1525.1,1555.45,1551.0,1538.0,1941.55,1363.8,562,865176.9
2019-03-25,1552.05,1553.3,1505.0,1538.0,1521.1,1528.4,1941.55,1363.8,1211,1849815.85
2019-03-26,1528.0,1545.0,1527.25,1528.4,1532.1,1539.1,1941.55,1363.8,798,1230793.6
2019-03-27,1570.05,1580.05,1500.1,1539.1,1550.0,1518.9,1941.55,1363.8,2177,3316746.8
2019-03-28,1565.05,1580.0,1485.0,1518.9,1500.0,1500.15,1941.55,1363.8,7371,11533548.95
2019-03-29,1520.05,1522.05,1510.0,1500.15,1510.0,1511.7,1941.55,1363.8,120,181557.8
2019-04-01,1522.05,1530.0,1506.95,1511.7,1515.0,1520.0,1941.55,1363.8,1735,2652936.9
2019-04-02,1528.85,1528.85,1500.1,1520.0,1520.85,1520.7,1941.55,1363.8,455,690342.4
2019-04-03,1527.85,1527.85,1510.0,1520.7,1511.1,1512.95,1941.55,1363.8,172,260802.1
2019-04-04,1519.05,1519.05,1472.0,1512.95,1504.0,1491.4,1941.55,1363.8,426,632873.5
2019-04-05,1525.5,1545.05,1516.85,1491.4,1530.1,1532.55,1941.55,1363.8,391,599981.2
2019-04-08,1516.7,1549.9,1493.5,1532.55,1540.0,1547.3,1941.55,1363.8,727,1111013.3
2019-04-09,1540.0,1574.9,1510.0,1547.3,1520.0,1525.05,1941.55,1363.8,2219,3422876.75
2019-04-10,1560.0,1560.0,1511.0,1525.05,1511.0,1513.0,1941.55,1363.8,80,121701.2
2019-04-11,1528.05,1528.05,1510.5,1513.0,1510.5,1519.0,1941.55,1363.8,49,74395.6
2019-04-12,1519.3,1527.65,1490.55,1519.0,1510.0,1504.3,1941.55,1363.8,367,553038.4
2019-04-15,1500.95,1508.7,1486.3,1504.3,1504.0,1502.0,1941.55,1363.8,238,356992.55
2019-04-16,1512.05,1513.05,1490.95,1502.0,1491.6,1494.0,1941.55,1363.8,177,265662.5
2019-04-18,1486.05,1487.5,1476.6,1494.0,1477.0,1480.55,1941.55,1363.8,151,224014.75
2019-04-22,1452.0,1480.0,1452.0,1480.55,1459.0,1459.1,1941.55,1363.8,467,682942.0
2019-04-23,1459.0,1467.05,1450.0,1459.1,1460.0,1459.9,1941.55,1363.8,357,519502.0
2019-04-24,1472.05,1472.05,1440.0,1459.9,1440.0,1442.2,1941.55,1363.8,745,1078855.95
2019-04-25,1458.95,1474.9,1411.25,1442.2,1411.25,1423.65,1941.55,1363.8,1272,1844053.7
2019-04-26,1421.0,1429.9,1410.0,1423.65,1419.0,1417.7,1941.55,1363.8,248,351499.7
2019-04-30,1445.0,1445.0,1400.0,1417.7,1411.0,1429.1,1941.55,1363.8,674,950995.9
2019-05-02,1422.05,1438.0,1405.95,1429.1,1438.0,1424.7,1941.55,1363.8,232,330168.7
2019-05-03,1431.05,1438.05,1402.0,1424.7,1403.0,1409.1,1941.55,1363.8,587,827963.45
2019-05-06,1415.05,1424.0,1382.0,1409.1,1419.0,1419.6,1941.55,1363.8,323,456490.7
2019-05-07,1435.25,1435.3,1388.0,1419.6,1394.5,1394.35,1941.55,1363.8,590,829410.6
2019-05-08,1407.05,1408.05,1384.05,1394.35,1395.0,1395.0,1941.55,1363.8,1927,2692998.45
2019-05-09,1410.0,1414.0,1385.0,1395.0,1385.0,1385.4,1941.55,1363.8,266,372005.65
2019-05-10,1400.0,1404.95,1360.0,1385.4,1361.15,1369.55,1941.55,1360.0,583,805103.1
2019-05-13,1356.2,1375.05,1347.0,1369.55,1369.0,1373.45,1941.55,1347.0,4304,5906316.65
2019-05-14,1361.0,1378.5,1345.05,1373.45,1361.0,1370.7,1941.55,1345.05,166,226952.75
2019-05-15,1373.55,1376.0,1350.0,1370.7,1350.0,1352.25,1941.55,1345.05,190,260966.6
2019-05-16,1370.0,1373.8,1305.0,1352.25,1305.0,1310.3,1941.55,1305.0,299,396970.7
2019-05-17,1305.05,1328.95,1299.95,1310.3,1319.0,1302.65,1941.55,1299.95,376,493334.85
2019-05-20,1319.0,1325.0,1235.0,1302.65,1270.0,1267.65,1941.55,1235.0,902,1152207.9
2019-05-21,1298.95,1306.0,1267.0,1267.65,1268.0,1269.2,1941.55,1235.0,215,275655.95
2019-05-22,1276.95,1289.0,1271.5,1269.2,1286.0,1284.75,1941.55,1235.0,101,129059.5
2019-05-23,1290.05,1335.05,1290.0,1284.75,1296.5,1303.85,1941.55,1235.0,238,311675.6
2019-05-24,1334.0,1392.0,1334.0,1303.85,1375.0,1373.95,1941.55,1235.0,1879,2577498.3
2019-05-27,1424.0,1424.0,1376.0,1373.95,1377.0,1385.1,1941.55,1235.0,491,687419.25
2019-05-28,1360.0,1410.0,1359.95,1385.1,1397.95,1395.6,1941.55,1235.0,218,305009.55
2019-05-29,1404.95,1413.05,1375.0,1395.6,1410.0,1403.35,1941.55,1235.0,607,849013.0
2019-05-30,1355.05,1480.0,1355.0,1403.35,1475.0,1474.8,1941.55,1235.0,1157,1678154.45
2019-05-31,1499.9,1500.0,1465.0,1474.8,1474.9,1471.15,1941.55,1235.0,373,553311.15
2019-06-03,1475.0,1475.0,1411.75,1471.15,1475.0,1474.0,1941.55,1235.0,282,412156.4
2019-06-04,1465.0,1498.0,1465.0,1474.0,1475.0,1476.35,1941.55,1235.0,433,639959.3
2019-06-06,1475.05,1525.0,1475.0,1476.35,1522.8,1512.2,1941.55,1235.0,868,1293773.6
2019-06-07,1482.0,1500.0,1475.0,1512.2,1475.0,1480.6,1941.55,1235.0,142,211367.25
2019-06-10,1475.05,1478.0,1450.0,1480.6,1450.0,1450.65,1941.55,1235.0,1565,2299677.25
2019-06-11,1456.15,1482.05,1456.1,1450.65,1470.0,1470.0,1941.55,1235.0,135,198322.5
2019-06-13,1460.0,1470.0,1425.0,1470.0,1425.0,1425.0,1941.55,1235.0,805,1166085.95
2019-06-14,1429.0,1454.05,1429.0,1425.0,1430.0,1432.35,1941.55,1235.0,143,206673.05
2019-06-17,1425.15,1432.05,1425.0,1432.35,1425.0,1425.0,1941.55,1235.0,251,357690.2
2019-06-18,1429.05,1455.05,1425.0,1425.0,1425.0,1425.0,1941.55,1235.0,242,345623.4
2019-06-19,1429.05,1437.95,1405.0,1425.0,1405.0,1405.3,1941.55,1235.0,888,1256350.0
2019-06-20,1405.15,1420.05,1405.0,1405.3,1406.0,1405.25,1941.55,1235.0,72,101190.35
2019-06-21,1489.5,1531.7,1411.05,1405.25,1487.0,1485.4,1941.55,1235.0,367,544410.45
2019-06-24,1525.0,1525.0,1410.0,1485.4,1410.0,1415.8,1941.55,1235.0,228,326410.75
2019-06-25,1410.0,1419.95,1405.0,1415.8,1405.0,1405.0,1941.55,1235.0,394,553880.55
2019-06-27,1465.0,1465.0,1400.0,1405.0,1419.0,1419.0,1941.55,1235.0,573,806904.8
2019-06-28,1459.05,1459.05,1423.95,1419.0,1446.8,1446.7,1941.55,1235.0,141,202385.85
2019-07-01,1469.75,1469.75,1434.95,1446.7,1455.0,1455.15,1941.55,1235.0,154,223455.95
2019-07-02,1466.5,1466.5,1410.0,1455.15,1411.0,1411.75,1941.55,1235.0,137,195174.85
2019-07-03,1447.0,1447.0,1410.0,1411.75,1410.0,1411.15,1941.55,1235.0,344,486233.1
2019-07-04,1465.0,1475.0,1440.0,1411.15,1449.9,1449.9,1941.55,1235.0,171,249131.85
2019-07-05,1418.05,1440.05,1410.0,1449.9,1410.0,1417.3,1941.55,1235.0,196,278257.7
2019-07-08,1411.05,1446.0,1405.0,1417.3,1446.0,1433.0,1941.55,1235.0,1297,1827800.7
2019-07-09,1420.0,1430.05,1405.1,1433.0,1429.95,1416.85,1941.55,1235.0,117,165931.7
2019-07-10,1429.95,1429.95,1405.0,1416.85,1419.9,1414.8,1941.55,1235.0,39,55098.4
2019-07-11,1405.7,1439.85,1405.0,1414.8,1405.0,1408.35,1941.55,1235.0,124,175455.4
2019-07-12,1449.75,1449.75,1405.0,1408.35,1440.0,1439.9,1941.55,1235.0,85,121807.0
2019-07-15,1434.0,1434.0,1405.0,1439.9,1405.0,1405.0,1941.55,1235.0,302,424648.1
2019-07-16,1405.0,1420.0,1405.0,1405.0,1405.0,1405.6,1941.55,1235.0,49,68964.2
2019-07-17,1415.0,1422.0,1405.05,1405.6,1406.0,1406.0,1941.55,1235.0,34,48157.4
2019-07-18,1405.0,1406.05,1405.0,1406.0,1405.0,1405.35,1941.55,1235.0,153,214969.3
2019-07-19,1405.05,1410.05,1400.0,1405.35,1405.0,1405.0,1941.55,1235.0,634,890145.9
2019-07-22,1400.0,1400.05,1400.0,1405.0,1400.0,1400.0,1941.55,1235.0,1213,1698200.05
2019-07-23,1401.0,1402.0,1385.05,1400.0,1400.0,1400.1,1941.55,1235.0,711,995504.9
2019-07-24,1400.3,1419.9,1400.0,1400.1,1400.0,1404.4,1941.55,1235.0,252,353729.3
2019-07-25,1401.55,1424.95,1400.0,1404.4,1400.0,1400.0,1941.55,1235.0,158,221375.2
2019-07-26,1401.05,1429.95,1400.0,1400.0,1400.0,1403.2,1941.55,1235.0,172,241930.7
2019-07-29,1410.0,1420.0,1400.0,1403.2,1400.0,1400.0,1941.55,1235.0,1042,1460216.45
2019-07-30,1428.05,1428.05,1350.0,1400.0,1350.0,1361.15,1941.55,1235.0,2368,3308832.65
2019-07-31,1394.0,1394.0,1350.0,1361.15,1374.0,1374.0,1941.55,1235.0,62,83794.0
2019-08-01,1350.0,1370.05,1300.1,1374.0,1301.15,1305.45,1941.55,1235.0,225,294429.75
2019-08-02,1374.9,1374.9,1300.0,1305.45,1328.9,1306.8,1941.55,1235.0,201,265914.9
2019-08-05,1300.0,1300.0,1275.0,1306.8,1275.0,1275.05,1941.55,1235.0,94,121117.75
2019-08-06,1275.2,1298.95,1260.0,1275.05,1261.0,1261.35,1941.55,1235.0,213,272059.35
2019-08-07,1331.55,1331.55,1250.1,1261.35,1250.1,1254.05,1941.55,1235.0,317,408323.3
2019-08-08,1299.0,1299.0,1250.1,1254.05,1290.0,1289.3,1941.55,1235.0,335,426103.2
2019-08-09,1289.0,1324.9,1271.0,1289.3,1324.9,1309.7,1941.55,1235.0,267,345849.6
2019-08-13,1282.0,1294.05,1250.15,1309.7,1250.15,1263.25,1941.55,1235.0,216,277251.65
2019-08-14,1289.95,1325.0,1255.5,1263.25,1325.0,1294.15,1941.55,1235.0,225,287060.8
2019-08-16,1231.0,1324.9,1220.0,1294.15,1324.9,1278.0,1941.55,1220.0,525,662845.5
2019-08-19,1264.0,1320.0,1250.0,1278.0,1250.0,1250.0,1941.55,1220.0,383,482882.65
2019-08-20,1299.0,1319.95,1260.05,1250.0,1280.0,1297.9,1941.55,1220.0,115,148632.5
2019-08-21,1280.0,1280.05,1234.0,1297.9,1240.0,1239.75,1941.55,1220.0,686,855980.25
2019-08-22,1250.0,1250.0,1144.0,1239.75,1144.0,1146.4,1941.55,1144.0,1339,1581735.45
2019-08-23,1120.25,1210.0,1095.0,1146.4,1139.95,1110.05,1941.55,1095.0,911,1031628.3
2019-08-26,1150.0,1152.95,1085.0,1110.05,1089.15,1091.9,1941.55,1085.0,661,737144.3
2019-08-27,1134.7,1134.75,1055.3,1091.9,1075.0,1078.95,1941.55,1055.3,516,561469.9
2019-08-28,1085.0,1135.0,1051.35,1078.95,1112.0,1120.05,1941.55,1051.35,218,239831.35
2019-08-29,1187.0,1187.0,1065.15,1120.05,1150.0,1137.8,1941.55,1051.35,333,383012.65
2019-08-30,1150.0,1170.0,1150.0,1137.8,1165.0,1165.05,1941.55,1051.35,230,266639.7
2019-09-03,1170.0,1170.0,1125.0,1165.05,1132.0,1129.7,1941.55,1051.35,742,856860.9
2019-09-04,1155.85,1155.9,1110.0,1129.7,1110.0,1111.15,1941.55,1051.35,102,114452.4
2019-09-05,1110.0,1134.95,1070.0,1111.15,1075.0,1080.95,1941.55,1051.35,328,363318.8
2019-09-06,1080.0,1098.0,1075.0,1080.95,1095.0,1090.0,1941.55,1051.35,534,583044.1
2019-09-09,1090.0,1090.0,1077.5,1090.0,1080.0,1078.45,1941.55,1051.35,22,23821.75
2019-09-11,1075.0,1145.5,1075.0,1078.45,1093.0,1102.45,1941.55,1051.35,1468,1624532.95
2019-09-12,1093.0,1139.0,1093.0,1102.45,1111.0,1112.4,1941.55,1051.35,343,382504.55
2019-09-13,1110.0,1153.7,1110.0,1112.4,1126.0,1125.95,1941.55,1051.35,190,214141.5
2019-09-16,1125.0,1155.0,1125.0,1125.95,1137.3,1137.2,1941.55,1051.35,234,265963.75
2019-09-17,1154.9,1245.0,1148.55,1137.2,1205.0,1173.35,1941.55,1051.35,787,934369.8
2019-09-18,1185.1,1299.9,1185.1,1173.35,1297.9,1280.35,1941.55,1051.35,957,1200328.05
2019-09-19,1300.0,1300.0,1221.0,1280.35,1237.0,1248.45,1941.55,1051.35,766,973105.9
2019-09-20,1255.0,1299.0,1200.1,1248.45,1227.0,1236.6,1941.55,1051.35,426,528514.4
2019-09-23,1350.0,1366.0,1201.1,1236.6,1224.0,1231.8,1941.55,1051.35,387,480565.65
2019-09-24,1210.0,1245.0,1203.2,1231.8,1225.0,1228.7,1941.55,1051.35,85,104038.3
2019-09-25,1229.0,1250.0,1206.15,1228.7,1220.0,1231.4,1941.55,1051.35,127,156617.4
2019-09-26,1259.95,1275.0,1210.0,1231.4,1220.1,1220.25,1941.55,1051.35,59,72674.0
2019-09-27,1214.2,1214.2,1153.1,1220.25,1161.0,1164.8,1941.55,1051.35,482,570726.0
2019-09-30,1164.85,1194.0,1150.1,1164.8,1150.1,1150.1,1941.55,1051.35,92,107251.95
2019-10-01,1197.0,1197.0,1135.0,1150.1,1135.55,1147.25,1941.55,1051.35,668,769556.6
2019-10-03,1184.9,1190.05,1125.1,1147.25,1130.0,1134.95,1941.55,1051.35,406,467852.15
2019-10-04,1175.0,1175.0,1125.0,1134.95,1150.0,1151.15,1941.55,1051.35,158,180588.95
2019-10-07,1150.05,1188.0,1145.0,1151.15,1145.0,1145.0,1941.55,1051.35,75,86275.6
2019-10-09,1102.05,1131.05,1102.05,1145.0,1130.0,1130.0,1941.55,1051.35,64,72069.85
2019-10-10,1148.15,1200.0,1089.1,1130.0,1100.0,1120.0,1941.55,1051.35,394,449708.05
2019-10-11,1090.0,1144.95,1050.0,1120.0,1130.0,1114.4,1941.55,1050.0,180,196832.6
2019-10-14,1131.0,1168.0,1070.0,1114.4,1070.0,1114.2,1941.55,1050.0,128,143391.55
2019-10-15,1125.0,1125.05,1099.95,1114.2,1121.0,1123.55,1941.55,1050.0,695,778901.7
2019-10-16,1105.2,1149.0,1055.05,1123.55,1110.0,1117.85,1941.55,1050.0,754,828119.5
2019-10-17,1117.9,1270.0,1100.5,1117.85,1270.0,1205.35,1941.55,1050.0,710,845402.8
2019-10-18,1155.0,1184.0,1113.0,1205.35,1150.1,1150.2,1941.55,1050.0,752,871822.9
2019-10-22,1145.05,1160.05,1140.1,1150.2,1146.0,1146.0,1941.55,1050.0,835,960247.45
2019-10-23,1150.0,1150.0,1130.0,1146.0,1133.1,1134.5,1941.55,1050.0,180,204699.55
2019-10-24,1140.0,1140.0,1116.0,1134.5,1116.0,1116.9,1941.55,1050.0,133,149851.5
2019-10-25,1123.95,1125.0,1100.0,1116.9,1100.0,1107.65,1941.55,1050.0,173,191647.15
2019-10-27,1124.95,1150.0,1124.95,1107.65,1129.95,1141.3,1941.55,1050.0,667,761045.35
2019-10-29,1108.0,1143.95,1101.1,1141.3,1121.0,1121.0,1941.55,1050.0,301,338221.3
2019-10-30,1105.0,1135.05,1105.0,1121.0,1105.0,1111.9,1941.55,1050.0,197,220432.75
2019-10-31,1111.05,1179.9,1110.4,1111.9,1169.0,1142.2,1941.55,1050.0,1058,1209034.0
2019-11-01,1197.0,1220.0,1169.0,1142.2,1212.0,1208.7,1941.55,1050.0,919,1101523.5
2019-11-04,1200.0,1224.85,1200.0,1208.7,1224.85,1224.85,1941.55,1050.0,236,285429.0
2019-11-05,1220.0,1249.9,1180.0,1224.85,1180.0,1185.9,1941.55,1050.0,593,725696.6
2019-11-06,1196.05,1249.9,1184.95,1185.9,1191.0,1201.5,1941.55,1050.0,1189,1449364.4
2019-11-07,1208.95,1230.05,1180.0,1201.5,1200.0,1200.0,1941.55,1050.0,266,321772.2
2019-11-08,1172.0,1245.0,1172.0,1200.0,1182.0,1182.3,1941.55,1050.0,386,460080.8
2019-11-11,1210.0,1210.0,1140.0,1182.3,1142.1,1156.85,1941.55,1050.0,437,508023.05
2019-11-13,1158.0,1238.0,1127.95,1156.85,1150.0,1159.05,1941.55,1050.0,1558,1808580.8
2019-11-14,1179.95,1179.95,1150.0,1159.05,1170.0,1165.35,1941.55,1050.0,103,119867.75
2019-11-15,1160.0,1210.0,1145.95,1165.35,1207.0,1207.9,1941.55,1050.0,1407,1644598.9
2019-11-18,1186.0,1217.5,1185.95,1207.9,1191.5,1192.9,1747.5,1050.0,1084,1303704.95
2019-11-19,1185.0,1234.0,1185.0,1192.9,1234.0,1220.3,1747.5,1050.0,603,727615.25
2019-11-20,1200.05,1220.0,1181.5,1220.3,1183.05,1189.0,1747.5,1050.0,953,1139845.6
2019-11-21,1231.5,1231.5,1166.25,1189.0,1177.0,1192.4,1747.5,1050.0,195,233780.65
2019-11-22,1190.95,1190.95,1160.0,1192.4,1186.0,1186.0,1747.5,1050.0,289,338730.65
2019-11-25,1175.3,1185.05,1160.0,1186.0,1160.0,1170.55,1699.9,1050.0,278,326188.45
2019-11-26,1161.0,1194.0,1161.0,1170.55,1194.0,1191.15,1699.9,1050.0,190,224687.55
2019-11-27,1161.95,1169.95,1144.0,1191.15,1150.0,1153.55,1699.9,1050.0,524,604728.0
2019-11-28,1144.0,1144.55,1114.0,1153.55,1114.0,1132.5,1699.9,1050.0,940,1071000.9
2019-11-29,1114.0,1156.9,1114.0,1132.5,1121.0,1137.7,1699.9,1050.0,268,305681.5
2019-12-02,1110.1,1149.85,1110.1,1137.7,1123.0,1130.15,1699.9,1050.0,144,163074.6
2019-12-03,1195.0,1195.0,1133.05,1130.15,1149.0,1149.75,1699.9,1050.0,271,311988.85
2019-12-04,1135.15,1160.0,1135.1,1149.75,1155.0,1153.0,1699.9,1050.0,347,399735.6
2019-12-05,1165.05,1230.0,1141.1,1153.0,1210.0,1199.2,1699.9,1050.0,877,1040521.0
2019-12-06,1166.3,1206.65,1165.35,1199.2,1199.0,1195.1,1699.9,1050.0,344,406841.95
2019-12-09,1185.0,1200.0,1175.0,1195.1,1176.0,1192.9,1699.9,1050.0,235,279189.75
2019-12-10,1200.0,1200.0,1152.0,1192.9,1200.0,1182.95,1699.9,1050.0,551,647035.75
2019-12-11,1153.3,1197.85,1140.0,1182.95,1160.0,1156.35,1699.9,1050.0,254,298189.6
2019-12-12,1160.0,1188.5,1160.0,1156.35,1175.0,1174.75,1699.9,1050.0,219,257977.9
2019-12-13,1176.0,1176.0,1144.0,1174.75,1174.3,1167.9,1699.9,1050.0,343,398714.7
2019-12-16,1187.9,1187.9,1167.05,1167.9,1184.0,1184.0,1699.9,1050.0,202,238203.55
2019-12-17,1169.0,1170.0,1112.15,1184.0,1128.0,1124.05,1699.9,1050.0,1329,1514313.4
2019-12-18,1153.95,1153.95,1130.0,1124.05,1146.0,1130.75,1699.9,1050.0,380,433295.25
2019-12-19,1080.25,1164.0,1080.25,1130.75,1150.0,1144.05,1699.9,1050.0,462,527035.1
2019-12-20,1155.0,1176.05,1141.0,1144.05,1165.0,1160.15,1699.9,1050.0,803,931702.4
2019-12-23,1150.0,1175.0,1150.0,1160.15,1160.0,1160.0,1699.9,1050.0,323,375285.85
2019-12-24,1141.05,1170.0,1141.0,1160.0,1169.0,1167.5,1699.9,1050.0,230,267397.45
2019-12-26,1142.4,1183.8,1142.4,1167.5,1150.0,1150.5,1699.9,1050.0,768,894928.6
2019-12-27,1169.85,1220.0,1100.0,1150.5,1154.75,1154.2,1699.9,1050.0,2252,2618306.8
2019-12-30,1160.0,1180.0,1159.95,1154.2,1180.0,1174.6,1699.9,1050.0,224,261806.1
2019-12-31,1180.0,1202.0,1140.0,1174.6,1155.05,1175.75,1699.9,1050.0,1893,2226505.65
2020-01-01,1199.0,1268.05,1199.0,1175.75,1244.0,1239.85,1699.9,1050.0,2998,3708644.7
2020-01-02,1250.0,1290.0,1244.05,1239.85,1284.0,1270.1,1699.9,1050.0,1301,1648804.9
2020-01-03,1324.0,1329.9,1250.1,1270.1,1250.1,1253.8,1699.9,1050.0,570,718523.0
2020-01-06,1253.8,1253.8,1199.95,1253.8,1240.0,1211.15,1699.9,1050.0,270,329236.05
2020-01-07,1242.0,1274.0,1225.0,1211.15,1249.0,1246.55,1699.9,1050.0,717,899036.55
2020-01-08,1245.0,1245.0,1201.0,1246.55,1202.0,1212.65,1699.9,1050.0,509,622317.75
2020-01-09,1195.0,1295.0,1195.0,1212.65,1270.0,1272.6,1699.9,1050.0,1306,1645504.75
2020-01-10,1299.95,1345.0,1263.0,1272.6,1309.9,1311.45,1699.9,1050.0,2002,2638480.4
2020-01-13,1348.9,1400.05,1321.0,1311.45,1388.0,1371.45,1699.9,1050.0,1537,2108471.35
2020-01-14,1400.0,1439.0,1393.0,1371.45,1439.0,1432.8,1699.9,1050.0,1141,1615319.15
2020-01-15,1440.0,1470.0,1415.0,1432.8,1415.0,1441.35,1699.9,1050.0,1431,2070415.9
2020-01-16,1460.0,1499.0,1460.0,1441.35,1498.0,1483.75,1699.9,1050.0,1238,1833485.35
2020-01-17,1483.75,1548.0,1483.75,1483.75,1529.85,1523.45,1699.9,1050.0,1088,1647402.95
2020-01-20,1523.2,1533.35,1475.0,1523.45,1475.0,1479.25,1699.9,1050.0,1485,2212639.5
2020-01-21,1451.35,1498.0,1431.15,1479.25,1440.1,1444.05,1699.9,1050.0,642,938207.25
2020-01-22,1458.7,1472.0,1440.0,1444.05,1440.0,1440.1,1699.9,1050.0,462,670181.05
2020-01-23,1446.1,1459.05,1426.0,1440.1,1426.0,1431.3,1699.9,1050.0,326,469476.4
2020-01-24,1450.0,1525.0,1450.0,1431.3,1525.0,1504.6,1699.9,1050.0,960,1432418.3
2020-01-27,1560.0,1560.0,1475.0,1504.6,1480.15,1487.9,1699.9,1050.0,363,549653.15
2020-01-28,1462.35,1509.55,1451.0,1487.9,1475.0,1475.0,1699.9,1050.0,361,534791.25
2020-01-29,1463.45,1515.0,1463.45,1475.0,1515.0,1512.7,1699.9,1050.0,324,485888.95
2020-01-30,1548.0,1548.0,1460.0,1512.7,1480.0,1481.65,1699.9,1050.0,435,650327.0
2020-01-31,1422.05,1489.75,1422.05,1481.65,1461.0,1462.0,1699.9,1050.0,262,383933.3
2020-02-01,1461.05,1480.0,1431.0,1462.0,1432.2,1432.2,1699.9,1050.0,180,262595.9
2020-02-03,1405.3,1455.0,1402.5,1432.2,1403.0,1403.0,1699.9,1050.0,247,349280.4
2020-02-04,1404.85,1474.95,1400.0,1403.0,1420.0,1420.0,1699.9,1050.0,266,376166.55
2020-02-05,1395.0,1428.0,1385.25,1420.0,1400.0,1400.2,1699.9,1050.0,275,384873.4
2020-02-06,1473.95,1480.0,1388.25,1400.2,1410.0,1420.0,1699.9,1050.0,689,976855.55
2020-02-07,1401.0,1410.0,1384.0,1420.0,1384.0,1386.6,1699.9,1050.0,157,219033.95
2020-02-10,1429.0,1429.0,1351.35,1386.6,1404.0,1400.5,1699.9,1050.0,477,659877.3
2020-02-11,1400.0,1420.0,1385.0,1400.5,1414.0,1414.35,1699.9,1050.0,273,381873.9
2020-02-12,1413.95,1434.0,1402.0,1414.35,1430.0,1429.1,1699.9,1050.0,530,750103.95
2020-02-13,1450.15,1549.0,1440.0,1429.1,1535.0,1517.6,1699.9,1050.0,3879,5830547.3
2020-02-14,1590.0,1590.0,1500.0,1517.6,1502.25,1505.55,1699.9,1050.0,1052,1594099.95
2020-02-17,1516.0,1525.0,1500.0,1505.55,1500.0,1500.45,1699.9,1050.0,1037,1558499.5
2020-02-18,1495.45,1570.0,1439.0,1500.45,1455.0,1465.5,1699.9,1050.0,1827,2730460.3
2020-02-19,1447.5,1480.0,1447.5,1465.5,1460.0,1467.45,1699.9,1050.0,2062,3038365.5
2020-02-19,1447.5,1480.0,1447.5,1465.5,1460.0,1467.45,1699.9,1050.0,2062,3038365.5
2020-02-19,1447.5,1480.0,1447.5,1465.5,1460.0,1467.45,1699.9,1050.0,2062,3038365.5
2020-02-19,1447.5,1480.0,1447.5,1465.5,1460.0,1467.45,1699.9,1050.0,2062,3038365.5
2020-02-20,1465.0,1470.0,1450.1,1467.45,1456.2,1456.25,1699.9,1050.0,253,369854.4
2020-02-24,1453.8,1465.0,1423.0,1456.25,1450.0,1438.7,1699.9,1050.0,523,755833.15
2020-02-25,1455.05,1455.05,1381.5,1438.7,1405.0,1395.7,1699.9,1050.0,708,996211.15
2020-02-26,1399.0,1400.05,1350.0,1395.7,1350.0,1369.2,1699.9,1050.0,601,833570.8
2020-02-27,1378.05,1388.9,1326.0,1369.2,1360.0,1357.9,1699.9,1050.0,124,167928.25
2020-02-28,1303.35,1319.0,1261.0,1357.9,1290.0,1292.25,1699.9,1050.0,727,937300.1
2020-03-02,1305.0,1330.8,1200.1,1292.25,1200.1,1214.7,1699.9,1050.0,554,691070.8
2020-03-03,1284.0,1284.0,1168.0,1214.7,1209.0,1202.1,1699.9,1050.0,602,726509.4
2020-03-03,1284.0,1284.0,1168.0,1214.7,1209.0,1202.1,1699.9,1050.0,602,726509.4
2020-03-03,1284.0,1284.0,1168.0,1214.7,1209.0,1202.1,1699.9,1050.0,602,726509.4
2020-03-03,1284.0,1284.0,1168.0,1214.7,1209.0,1202.1,1699.9,1050.0,602,726509.4
2020-03-03,1284.0,1284.0,1168.0,1214.7,1209.0,1202.1,1699.9,1050.0,602,726509.4
2020-03-04,1238.85,1249.9,1125.1,1202.1,1249.9,1211.2,1699.9,1050.0,642,755043.95
2020-03-04,1238.85,1249.9,1125.1,1202.1,1249.9,1211.2,1699.9,1050.0,642,755043.95
2020-03-04,1238.85,1249.9,1125.1,1202.1,1249.9,1211.2,1699.9,1050.0,642,755043.95
2020-03-04,1238.85,1249.9,1125.1,1202.1,1249.9,1211.2,1699.9,1050.0,642,755043.95
2020-03-04,1238.85,1249.9,1125.1,1202.1,1249.9,1211.2,1699.9,1050.0,642,755043.95
2020-03-05,1191.95,1230.0,1152.0,1211.2,1153.0,1158.2,1699.9,1050.0,357,422675.15
2020-03-06,1152.0,1152.0,1115.55,1158.2,1134.0,1129.7,1699.9,1050.0,510,574862.85
2020-03-09,1180.0,1180.0,1000.0,1129.7,1000.0,1014.55,1699.9,1000.0,1680,1774839.85
2020-03-11,1000.0,1038.0,950.1,1014.55,961.15,960.4,1699.9,950.1,1104,1091804.15
2020-03-12,943.1,943.1,780.0,960.4,800.0,804.25,1699.9,780.0,1241,1047412.0
2020-03-13,800.0,880.0,755.0,804.25,875.0,876.1,1699.9,755.0,756,618363.25
2020-03-16,865.0,949.0,839.95,876.1,840.0,864.4,1625.0,755.0,656,594854.55
2020-03-17,839.0,909.9,830.0,864.4,850.0,851.95,1625.0,755.0,317,271625.15
2020-03-18,851.95,851.95,766.8,851.95,767.0,768.65,1625.0,755.0,962,748787.55
2020-03-19,768.65,834.95,692.05,768.65,692.05,697.95,1625.0,692.05,756,563738.75
2020-03-20,697.95,755.0,690.0,697.95,754.0,754.0,1625.0,690.0,501,357290.55
2020-03-23,754.0,825.0,701.0,754.0,701.0,707.8,1590.0,690.0,546,403941.3
2020-03-24,775.0,775.0,638.6,707.8,650.0,651.8,1590.0,638.6,524,343655.8
2020-03-25,680.0,716.0,646.0,651.8,698.45,695.55,1590.0,638.6,394,266777.9
2020-03-26,695.0,765.1,676.05,695.55,765.1,765.1,1590.0,638.6,680,503183.6
2020-03-27,800.0,841.6,765.1,765.1,809.95,811.35,1590.0,638.6,677,543271.7
2020-03-30,811.35,889.9,793.0,811.35,823.5,823.0,1590.0,638.6,2136,1781929.25
2020-03-31,879.85,879.9,823.2,823.0,868.0,867.7,1590.0,638.6,1535,1307915.25
2020-04-01,867.95,911.05,867.95,867.7,900.0,903.4,1590.0,638.6,782,708790.4
2020-04-03,862.0,935.0,858.25,903.4,890.0,890.0,1590.0,638.6,355,313926.2
2020-04-07,891.25,931.95,850.1,890.0,894.0,893.1,1590.0,638.6,1396,1240271.35
2020-04-08,900.0,925.0,880.0,893.1,880.0,886.1,1590.0,638.6,410,368979.1
2020-04-09,900.0,914.0,880.05,886.1,886.1,886.1,1590.0,638.6,48,42795.35
2020-04-13,919.0,923.0,851.0,886.1,869.95,865.65,1590.0,638.6,92,80493.0
2020-04-15,899.0,904.7,851.0,865.65,851.0,862.7,1590.0,638.6,1265,1117240.1
2020-04-16,891.5,895.0,880.0,862.7,895.0,890.75,1590.0,638.6,210,186723.8
2020-04-17,905.0,911.25,890.0,890.75,904.95,902.95,1590.0,638.6,138,124579.85
2020-04-20,925.0,945.0,871.0,902.95,910.0,909.2,1590.0,638.6,484,437474.4
2020-04-21,920.0,949.9,881.15,909.2,925.0,928.6,1590.0,638.6,524,481333.2
2020-04-22,939.0,939.0,899.5,928.6,899.5,899.5,1590.0,638.6,78,70539.05
2020-04-23,924.0,924.0,899.5,899.5,899.5,905.1,1590.0,638.6,94,85672.65
2020-04-24,886.35,910.0,886.35,905.1,890.0,892.15,1590.0,638.6,125,111928.75
2020-04-27,891.0,899.95,850.5,892.15,851.0,863.05,1590.0,638.6,363,316657.5
2020-04-28,883.75,897.0,851.0,863.05,897.0,884.7,1590.0,638.6,170,148388.5
2020-04-29,904.95,915.0,886.15,884.7,887.0,896.65,1590.0,638.6,111,99372.1
2020-04-30,896.65,919.95,870.0,896.65,900.0,887.55,1590.0,638.6,390,346869.85
2020-05-04,870.0,925.0,850.1,887.55,850.5,861.7,1590.0,638.6,395,342055.25
2020-05-05,897.95,900.0,850.5,861.7,850.5,882.15,1590.0,638.6,841,744726.55
2020-05-06,874.95,874.95,855.0,882.15,863.0,858.5,1590.0,638.6,315,270921.25
2020-05-07,860.0,896.0,850.1,858.5,850.1,850.85,1590.0,638.6,157,134304.45
2020-05-08,888.9,888.9,834.5,850.85,835.0,835.8,1590.0,638.6,220,187602.9
2020-05-11,867.9,873.8,852.05,835.8,855.1,865.45,1590.0,638.6,153,132279.5
2020-05-12,878.0,878.0,831.45,865.45,870.0,869.2,1590.0,638.6,47,40704.15
2020-05-13,884.0,905.0,831.25,869.2,838.0,845.2,1590.0,638.6,271,232089.1
2020-05-14,881.85,883.95,851.05,845.2,855.0,855.0,1590.0,638.6,133,115222.95
2020-05-15,869.85,869.9,844.4,855.0,847.0,861.45,1590.0,638.6,115,99415.05
2020-05-18,847.05,869.85,821.25,861.45,849.0,849.0,1590.0,638.6,264,224935.9
2020-05-19,849.0,849.0,815.0,849.0,833.0,823.2,1590.0,638.6,129,107715.3
2020-05-20,856.95,856.95,811.0,823.2,840.0,835.0,1590.0,638.6,433,358483.85
2020-05-21,835.0,847.0,825.05,835.0,844.0,838.2,1590.0,638.6,310,260864.95
2020-05-22,844.0,844.0,832.0,838.2,842.0,841.85,1590.0,638.6,88,73974.6
2020-05-26,812.35,838.7,812.35,841.85,830.1,830.65,1590.0,638.6,192,158829.15
2020-05-27,854.0,865.0,848.0,830.65,865.0,863.95,1590.0,638.6,277,237317.4
2020-05-28,865.0,889.95,850.1,863.95,880.0,880.45,1590.0,638.6,287,248539.85
2020-05-29,874.95,876.0,848.0,880.45,865.0,851.15,1590.0,638.6,460,396507.25
2020-06-01,843.0,893.7,843.0,851.15,890.0,890.2,1590.0,638.6,561,496589.1
2020-06-02,890.5,910.0,880.15,890.2,910.0,901.5,1590.0,638.6,190,169801.75
2020-06-03,919.95,920.0,892.0,901.5,892.0,898.6,1590.0,638.6,510,460348.15
2020-06-04,909.9,927.0,895.0,898.6,926.1,920.65,1590.0,638.6,439,402647.75
2020-06-05,945.0,966.65,940.0,920.65,965.0,955.8,1590.0,638.6,1340,1285446.4
2020-06-08,995.0,995.0,930.1,955.8,930.1,934.55,1590.0,638.6,940,899272.3
2020-06-09,938.05,965.95,938.05,934.55,939.95,939.95,1590.0,638.6,542,514778.2
2020-06-10,939.0,970.0,928.0,939.95,945.0,959.45,1590.0,638.6,1158,1098124.95
2020-06-11,981.0,1005.0,966.1,959.45,987.5,982.0,1590.0,638.6,1897,1880556.95
2020-06-12,933.0,974.9,932.9,982.0,974.0,972.0,1590.0,638.6,825,789757.55
2020-06-15,989.05,992.0,945.05,972.0,945.05,955.5,1590.0,638.6,528,511964.15
2020-06-16,954.55,978.05,930.0,955.5,930.0,935.5,1590.0,638.6,703,665149.15
2020-06-17,928.0,973.0,925.5,935.5,927.0,929.6,1590.0,638.6,423,401678.8
2020-06-18,945.0,970.0,890.1,929.6,957.0,957.0,1590.0,638.6,1521,1426971.65
2020-06-19,965.0,980.0,925.1,957.0,963.0,965.8,1590.0,638.6,1533,1482434.1
2020-06-22,970.0,999.0,960.0,965.8,991.0,992.65,1590.0,638.6,1289,1277241.65
2020-06-23,1000.0,1042.0,988.0,992.65,1042.0,1034.05,1590.0,638.6,2474,2518266.35
2020-06-24,1069.0,1085.75,1030.0,1034.05,1050.0,1053.2,1590.0,638.6,1764,1879408.6
2020-06-25,1079.95,1079.95,1033.05,1053.2,1060.0,1069.4,1590.0,638.6,1984,2102645.5
2020-06-26,1089.0,1089.0,1030.0,1069.4,1069.0,1053.1,1590.0,638.6,1204,1272437.95
2020-06-29,1050.0,1085.0,1030.0,1053.1,1033.5,1045.85,1590.0,638.6,874,920424.1
2020-06-30,1049.95,1065.45,1001.25,1045.85,1015.0,1021.8,1590.0,638.6,1538,1599907.55
2020-07-01,1020.05,1049.8,1015.0,1021.8,1033.0,1037.1,1590.0,638.6,617,636053.3
2020-07-02,1027.0,1058.0,1027.0,1037.1,1040.0,1040.0,1590.0,638.6,1631,1709202.55
2020-07-03,1051.05,1060.0,1040.6,1040.0,1060.0,1056.45,1590.0,638.6,1155,1212274.5
2020-07-06,1060.0,1097.95,1040.35,1056.45,1051.1,1051.4,1590.0,638.6,2267,2413730.7
2020-07-07,1065.05,1069.0,1040.1,1051.4,1040.1,1045.5,1590.0,638.6,673,709041.85
2020-07-08,1045.55,1089.0,1040.1,1045.5,1055.0,1055.0,1590.0,638.6,1767,1878497.6
2020-07-09,1060.0,1099.0,1045.0,1055.0,1072.6,1075.1,1590.0,638.6,1740,1858922.55
2020-07-10,1096.05,1096.05,1052.95,1075.1,1070.0,1070.0,1590.0,638.6,708,755484.2
2020-07-13,1089.0,1098.95,1059.0,1070.0,1065.0,1065.85,1590.0,638.6,1442,1564853.35
2020-07-14,1075.05,1075.05,1040.0,1065.85,1074.9,1065.8,1590.0,638.6,892,935884.8
2020-07-15,1077.05,1088.0,1040.0,1065.8,1040.0,1040.15,1590.0,638.6,1332,1400679.55
2020-07-16,1048.05,1073.85,1028.05,1040.15,1050.0,1048.7,1590.0,638.6,612,640789.45
2020-07-17,1061.05,1068.95,1001.0,1048.7,1008.0,1013.95,1590.0,638.6,1772,1824559.65
2020-07-20,1050.0,1063.0,1042.1,1013.95,1050.0,1050.8,1590.0,638.6,2020,2121011.25
2020-07-21,1064.0,1103.3,1050.0,1050.8,1103.3,1103.3,1590.0,638.6,2335,2561710.45
2020-07-22,1105.0,1158.45,1102.0,1103.3,1158.45,1158.45,1590.0,638.6,2012,2302948.45
2020-07-23,1170.15,1216.35,1170.1,1158.45,1216.35,1216.35,1590.0,638.6,2866,3479515.65
2020-07-24,1277.0,1277.0,1239.95,1216.35,1250.0,1251.7,1590.0,638.6,4671,5868698.8
2020-07-27,1265.1,1289.0,1250.0,1251.7,1265.0,1253.7,1590.0,638.6,774,977120.45
2020-07-28,1280.0,1287.0,1250.5,1253.7,1285.5,1280.35,1590.0,638.6,2089,2656893.1
2020-07-29,1309.05,1343.0,1275.0,1280.35,1280.0,1293.95,1590.0,638.6,3501,4589202.5
2020-07-30,1283.3,1349.0,1275.2,1293.95,1295.0,1282.25,1590.0,638.6,967,1258065.6
2020-07-31,1281.05,1296.7,1275.0,1282.25,1276.0,1276.0,1590.0,638.6,689,882144.45
2020-08-03,1276.0,1312.3,1275.0,1276.0,1275.0,1275.95,1590.0,638.6,495,633988.85
2020-08-04,1281.95,1298.05,1275.0,1275.95,1275.0,1276.5,1590.0,638.6,259,332589.85
2020-08-05,1283.95,1300.0,1275.0,1276.5,1275.0,1275.25,1590.0,638.6,417,535318.6
2020-08-06,1279.95,1300.0,1275.0,1275.25,1280.0,1277.4,1590.0,638.6,851,1088693.5
2020-08-07,1300.0,1310.0,1275.15,1277.4,1304.95,1301.2,1590.0,638.6,1736,2254689.85
2020-08-10,1299.8,1366.75,1299.8,1301.2,1348.1,1330.65,1590.0,638.6,1626,2156296.9
2020-08-11,1375.0,1375.0,1300.0,1330.65,1300.0,1300.7,1590.0,638.6,3560,4670779.9
2020-08-12,1310.95,1335.05,1300.0,1300.7,1312.1,1318.3,1590.0,638.6,2903,3779557.7
2020-08-13,1328.95,1328.95,1300.1,1318.3,1300.1,1300.15,1590.0,638.6,718,940263.45
2020-08-14,1308.95,1319.05,1300.0,1300.15,1310.0,1304.3,1590.0,638.6,1131,1473593.05
2020-08-17,1309.95,1310.0,1300.0,1304.3,1300.0,1300.0,1590.0,638.6,1668,2170047.0
2020-08-18,1304.95,1318.0,1300.0,1300.0,1315.0,1312.75,1590.0,638.6,1277,1664624.65
2020-08-19,1326.05,1330.05,1260.25,1312.75,1300.0,1302.8,1590.0,638.6,1033,1352378.35
2020-08-20,1300.6,1319.9,1300.0,1302.8,1305.0,1301.5,1590.0,638.6,520,677023.95
2020-08-21,1300.05,1330.0,1300.0,1301.5,1305.0,1313.1,1590.0,638.6,2137,2801812.05
2020-08-24,1315.05,1349.0,1301.2,1313.1,1349.0,1330.5,1590.0,638.6,1920,2547523.75
2020-08-25,1359.0,1359.0,1325.0,1330.5,1325.05,1334.1,1590.0,638.6,634,848178.1
2020-08-26,1334.1,1340.0,1305.0,1334.1,1306.0,1310.55,1590.0,638.6,727,959929.7
2020-08-27,1305.05,1327.0,1302.0,1310.55,1306.5,1308.4,1590.0,638.6,1501,1976461.6
2020-08-28,1332.05,1332.05,1300.0,1308.4,1308.0,1308.85,1590.0,638.6,684,893389.1
2020-08-31,1308.0,1328.85,1300.0,1308.85,1300.0,1300.45,1590.0,638.6,1648,2144982.4
2020-09-01,1301.55,1315.05,1300.0,1300.45,1301.0,1302.05,1590.0,638.6,502,652872.25
2020-09-02,1318.85,1318.85,1300.05,1302.05,1300.05,1302.9,1590.0,638.6,581,759672.2
2020-09-03,1390.0,1559.7,1371.25,1302.9,1448.0,1457.05,1590.0,638.6,28726,42304238.0
2020-09-04,1467.0,1467.0,1310.5,1457.05,1367.0,1360.1,1590.0,638.6,5846,8074603.05
2020-09-07,1398.95,1420.0,1321.0,1360.1,1346.0,1344.1,1590.0,638.6,2325,3179812.15
2020-09-08,1385.0,1385.0,1300.1,1344.1,1311.0,1306.65,1590.0,638.6,1899,2531030.45
2020-09-09,1311.05,1349.9,1300.0,1306.65,1335.0,1340.35,1590.0,638.6,1092,1433169.1
2020-09-10,1362.95,1362.95,1300.1,1340.35,1328.6,1307.4,1590.0,638.6,1708,2260180.35
2020-09-11,1305.5,1322.0,1302.0,1307.4,1302.1,1305.4,1590.0,638.6,376,492494.4
2020-09-14,1339.0,1339.0,1306.0,1305.4,1307.0,1312.35,1590.0,638.6,861,1134460.65
2020-09-15,1331.0,1335.35,1301.35,1312.35,1312.0,1309.25,1590.0,638.6,783,1032611.85
2020-09-16,1329.95,1330.0,1300.1,1309.25,1300.15,1304.15,1590.0,638.6,426,557199.55
2020-09-17,1305.6,1357.6,1300.0,1304.15,1302.0,1303.4,1590.0,638.6,1783,2360414.75
2020-09-18,1306.05,1319.0,1300.0,1303.4,1300.0,1300.5,1590.0,638.6,882,1148982.75
2020-09-21,1301.45,1318.75,1259.0,1300.5,1300.0,1300.3,1590.0,638.6,4396,5711205.0
2020-09-22,1305.0,1334.4,1295.0,1300.3,1300.5,1301.1,1590.0,638.6,2784,3623707.25
2020-09-23,1301.2,1319.05,1300.0,1301.1,1310.8,1304.85,1590.0,638.6,23674,30817107.25
2020-09-24,1300.0,1306.95,1282.0,1304.85,1300.0,1300.0,1590.0,638.6,3036,3947374.55
2020-09-25,1300.15,1325.0,1300.0,1300.0,1300.5,1304.35,1590.0,638.6,555,726026.55
2020-09-28,1314.95,1315.0,1300.0,1304.35,1300.05,1307.75,1590.0,638.6,895,1166163.95
2020-09-29,1307.95,1319.05,1300.0,1307.75,1301.1,1305.35,1590.0,638.6,468,609770.8
2020-09-30,1315.05,1315.05,1300.0,1305.35,1304.0,1300.0,1590.0,638.6,899,1170538.35
2020-10-01,1314.7,1314.75,1300.0,1300.0,1300.0,1300.0,1590.0,638.6,543,707751.5
2020-10-05,1315.0,1315.0,1300.0,1300.0,1302.0,1302.0,1590.0,638.6,224,291488.8
2020-10-06,1316.0,1316.1,1300.0,1302.0,1300.0,1303.65,1590.0,638.6,457,596096.15
2020-10-07,1312.95,1312.95,1300.0,1303.65,1301.0,1300.0,1590.0,638.6,256,332838.75
2020-10-08,1300.7,1302.6,1300.0,1300.0,1300.0,1300.0,1590.0,638.6,614,798526.95
2020-10-09,1306.45,1309.35,1300.0,1300.0,1301.0,1302.95,1590.0,638.6,433,564263.0
2020-10-12,1300.35,1308.75,1300.0,1302.95,1305.0,1300.5,1590.0,638.6,105,136561.85
2020-10-13,1300.55,1308.25,1300.0,1300.5,1304.0,1300.4,1590.0,638.6,223,290007.9
2020-10-14,1300.25,1307.95,1300.0,1300.4,1300.0,1300.0,1590.0,638.6,1100,1430053.05
2020-10-15,1300.0,1304.65,1300.0,1300.0,1300.0,1300.15,1590.0,638.6,248,322436.7
2020-10-16,1315.0,1315.0,1300.0,1300.15,1308.0,1306.4,1590.0,638.6,101,131524.35
2020-10-19,1300.35,1303.0,1300.0,1306.4,1300.5,1300.1,1590.0,638.6,1466,1905820.7
2020-10-20,1324.0,1324.0,1301.05,1300.1,1319.9,1318.05,1590.0,638.6,369,484414.35
2020-10-21,1318.05,1320.0,1306.0,1318.05,1320.0,1315.65,1590.0,638.6,156,205117.55
2020-10-22,1302.05,1314.9,1300.0,1315.65,1300.0,1300.6,1590.0,638.6,519,676785.25
2020-10-23,1300.5,1315.0,1300.0,1300.6,1306.5,1306.85,1590.0,638.6,533,693791.85
2020-10-26,1301.05,1306.75,1300.0,1306.85,1305.0,1300.35,1590.0,638.6,1142,1484820.75
2020-10-27,1301.25,1313.0,1300.0,1300.35,1300.0,1300.85,1590.0,638.6,38,49554.3
2020-10-28,1311.55,1314.9,1300.0,1300.85,1300.15,1300.3,1590.0,638.6,582,760304.35
2020-10-29,1305.0,1315.0,1300.0,1300.3,1307.0,1301.6,1590.0,638.6,812,1056992.9
2020-10-30,1300.05,1310.55,1300.0,1301.6,1300.0,1300.05,1590.0,638.6,576,749894.5
2020-11-02,1301.6,1310.05,1300.0,1300.05,1300.0,1300.0,1590.0,638.6,365,474980.95
2020-11-03,1301.7,1309.55,1300.0,1300.0,1300.0,1300.0,1590.0,638.6,1602,2082864.65
2020-11-04,1301.7,1322.95,1300.0,1300.0,1307.0,1316.45,1590.0,638.6,401,526157.95
2020-11-05,1324.5,1342.9,1298.95,1316.45,1309.0,1302.65,1590.0,638.6,5567,7240842.4
2020-11-06,1303.05,1309.0,1299.85,1302.65,1305.0,1304.05,1590.0,638.6,5105,6637522.2
2020-11-09,1318.0,1318.0,1300.0,1304.05,1300.5,1301.95,1590.0,638.6,766,1000126.05
2020-11-10,1301.55,1311.8,1300.15,1301.95,1311.0,1306.75,1590.0,638.6,250,325886.9
2020-11-11,1305.0,1308.95,1300.0,1306.75,1300.0,1300.05,1590.0,638.6,81,105389.7
2020-11-12,1300.15,1314.85,1300.0,1300.05,1307.4,1303.55,1590.0,638.6,1514,1975412.9
2020-11-13,1302.1,1308.75,1300.0,1303.55,1302.0,1302.0,1590.0,638.6,138,179651.45
2020-11-14,1307.9,1320.0,1300.0,1302.0,1309.95,1307.85,1590.0,638.6,123,160187.25
2020-11-17,1307.15,1309.0,1300.0,1307.85,1300.0,1300.0,1590.0,638.6,128,166675.9
2020-11-18,1300.05,1308.65,1300.0,1300.0,1301.0,1301.0,1590.0,638.6,92,119820.25
2020-11-19,1302.95,1344.0,1300.15,1301.0,1312.0,1312.0,1590.0,638.6,412,543239.45
2020-11-20,1312.05,1320.0,1300.0,1312.0,1320.0,1312.95,1590.0,638.6,451,590313.9
2020-11-23,1310.95,1320.0,1306.0,1312.95,1311.0,1311.35,1590.0,638.6,216,284012.9
2020-11-24,1310.45,1314.5,1300.0,1311.35,1304.55,1302.7,1590.0,638.6,389,507356.2
2020-11-25,1309.95,1323.75,1300.0,1302.7,1300.0,1300.0,1590.0,638.6,1081,1409882.75
2020-11-26,1319.0,1369.7,1309.95,1300.0,1368.0,1344.3,1590.0,638.6,1595,2122986.4
2020-11-27,1368.0,1368.05,1321.0,1344.3,1341.0,1346.05,1590.0,638.6,2951,3974606.35
2020-12-01,1350.0,1395.0,1331.0,1346.05,1395.0,1380.2,1590.0,638.6,936,1279646.65
2020-12-02,1380.25,1381.1,1341.1,1380.2,1350.0,1351.6,1590.0,638.6,565,764768.2
2020-12-03,1377.95,1449.9,1325.3,1351.6,1380.0,1385.8,1590.0,638.6,1355,1885551.95
2020-12-04,1374.05,1440.0,1350.0,1385.8,1430.0,1406.7,1590.0,638.6,1857,2565300.3
2020-12-07,1408.15,1449.9,1407.55,1406.7,1444.7,1444.3,1590.0,638.6,1740,2500510.2
2020-12-08,1450.0,1480.0,1425.0,1444.3,1446.55,1441.1,1590.0,638.6,2180,3147654.55
2020-12-09,1447.0,1470.05,1427.1,1441.1,1456.0,1452.85,1590.0,638.6,2492,3627451.0
2020-12-10,1490.0,1490.0,1450.0,1452.85,1452.0,1452.75,1590.0,638.6,1017,1482490.25
2020-12-11,1470.05,1540.0,1453.95,1452.75,1470.05,1475.0,1590.0,638.6,2521,3783139.4
2020-12-14,1499.95,1510.0,1450.0,1475.0,1461.0,1466.0,1590.0,638.6,613,900816.0
2020-12-15,1480.05,1489.5,1450.0,1466.0,1450.0,1452.05,1590.0,638.6,957,1391127.25
2020-12-16,1480.05,1480.05,1450.0,1452.05,1450.0,1460.4,1590.0,638.6,1979,2883522.0
2020-12-17,1500.0,1500.0,1450.0,1460.4,1450.0,1452.25,1590.0,638.6,2167,3182865.7
2020-12-18,1452.25,1464.0,1450.0,1452.25,1450.0,1451.0,1590.0,638.6,2206,3199423.95
2020-12-21,1474.0,1499.0,1450.0,1451.0,1450.0,1450.55,1590.0,638.6,3057,4434292.6
2020-12-22,1450.0,1460.0,1388.95,1450.55,1402.0,1409.25,1590.0,638.6,749,1059319.3
2020-12-23,1432.05,1436.0,1400.0,1409.25,1435.0,1429.9,1590.0,638.6,297,420925.4
2020-12-24,1458.5,1458.5,1400.0,1429.9,1415.0,1402.4,1590.0,638.6,1218,1720964.65
2020-12-28,1488.0,1499.0,1412.05,1402.4,1425.55,1430.3,1590.0,638.6,1478,2153640.0
2020-12-29,1454.5,1454.5,1397.0,1430.3,1410.0,1414.0,1590.0,638.6,2260,3170661.4
2020-12-30,1415.4,1440.0,1402.3,1414.0,1408.0,1416.8,1590.0,638.6,229,324186.95
2020-12-31,1433.05,1459.9,1411.55,1416.8,1412.6,1428.15,1590.0,638.6,393,564376.8
2021-01-01,1417.3,1470.0,1400.0,1428.15,1433.7,1434.95,1590.0,638.6,1521,2149019.3
2021-01-04,1435.0,1439.8,1407.0,1434.95,1411.55,1412.45,1590.0,638.6,1150,1637358.8
2021-01-05,1438.95,1471.0,1415.05,1412.45,1450.05,1463.5,1590.0,638.6,1876,2701264.75
2021-01-06,1463.0,1574.85,1401.2,1463.5,1514.95,1498.45,1590.0,638.6,8712,13123523.9
2021-01-07,1538.05,1539.0,1455.5,1498.45,1463.0,1469.05,1590.0,638.6,1531,2284123.8
2021-01-08,1463.15,1500.0,1450.0,1469.05,1475.0,1475.95,1590.0,638.6,1206,1781273.75
2021-01-11,1514.95,1514.95,1470.0,1475.95,1480.0,1481.2,1590.0,638.6,897,1331715.5
2021-01-12,1494.05,1515.0,1471.95,1481.2,1500.0,1499.0,1590.0,638.6,1281,1915893.05
2021-01-13,1511.05,1511.05,1457.35,1499.0,1488.0,1489.0,1590.0,638.6,2307,3391127.8
2021-01-14,1502.05,1535.0,1476.05,1489.0,1530.0,1528.1,1590.0,638.6,1477,2242730.1
2021-01-15,1549.75,1549.75,1470.1,1528.1,1505.0,1504.0,1590.0,638.6,943,1410005.15
2021-01-18,1502.05,1513.15,1442.75,1504.0,1465.0,1467.35,1590.0,638.6,619,909498.0
2021-01-19,1520.05,1520.05,1449.95,1467.35,1480.0,1478.65,1590.0,638.6,460,675408.45
2021-01-20,1495.05,1515.7,1480.05,1478.65,1500.0,1499.3,1590.0,638.6,695,1042003.15
2021-01-21,1494.95,1511.5,1481.4,1499.3,1481.4,1489.7,1590.0,638.6,367,548724.65
2021-01-22,1487.05,1488.05,1450.05,1489.7,1450.05,1462.35,1590.0,638.6,319,469376.9
2021-01-25,1474.95,1489.0,1460.0,1462.35,1460.0,1463.1,1590.0,638.6,332,489522.1
2021-01-27,1499.9,1499.9,1442.15,1463.1,1482.0,1478.55,1590.0,638.6,488,714913.4
2021-01-28,1454.0,1476.05,1454.0,1478.55,1465.0,1464.4,1590.0,638.6,374,547198.35
2021-01-29,1470.0,1470.0,1446.45,1464.4,1460.0,1459.65,1590.0,638.6,1129,1647265.1
2021-02-01,1470.05,1480.15,1445.95,1459.65,1480.0,1470.05,1590.0,638.6,1313,1920555.8
2021-02-02,1484.95,1509.6,1475.3,1470.05,1500.0,1503.25,1590.0,638.6,1522,2278637.7
2021-02-03,1510.55,1534.95,1510.55,1503.25,1522.5,1523.5,1590.0,638.6,1053,1603895.45
2021-02-04,1525.05,1600.0,1514.0,1523.5,1600.0,1574.9,1600.0,638.6,3771,5926184.8
2021-02-05,1610.8,1620.0,1530.0,1574.9,1530.0,1535.65,1620.0,638.6,1067,1682585.8
2021-02-08,1557.2,1580.0,1545.95,1535.65,1550.0,1570.25,1620.0,638.6,491,769011.1
2021-02-09,1550.05,1640.0,1550.05,1570.25,1630.0,1623.6,1640.0,638.6,2524,4081363.8
2021-02-10,1675.0,1675.0,1579.15,1623.6,1580.5,1581.6,1675.0,638.6,1510,2408143.75
2021-02-11,1650.0,1650.0,1590.4,1581.6,1630.0,1631.75,1675.0,638.6,1068,1733306.2
2021-02-12,1616.95,1625.0,1565.2,1631.75,1585.0,1574.0,1675.0,638.6,1565,2495992.6
2021-02-15,1599.3,1599.3,1552.0,1574.0,1552.0,1558.3,1675.0,638.6,105,165122.5
2021-02-16,1557.95,1589.9,1522.0,1558.3,1542.0,1537.9,1675.0,638.6,666,1033294.35
2021-02-17,1574.75,1574.75,1516.6,1537.9,1530.0,1523.95,1675.0,638.6,614,944424.0
2021-02-18,1548.45,1589.9,1525.0,1523.95,1585.0,1572.75,1675.0,638.6,3172,4927543.1
2021-02-19,1573.9,1649.0,1573.85,1572.75,1595.0,1597.3,1675.0,638.6,5612,9044101.05
2021-02-22,1616.55,1616.55,1580.75,1597.3,1585.0,1585.0,1675.0,638.6,552,875611.05
2021-02-23,1575.1,1719.9,1575.1,1585.0,1660.1,1685.5,1719.9,638.6,2013,3352966.5
2021-02-24,1888.0,1899.2,1700.0,1685.5,1749.0,1742.35,1899.2,638.6,4059,7241979.5
2021-02-25,1795.0,1795.0,1725.85,1742.35,1740.0,1734.7,1899.2,638.6,1359,2390094.25
2021-02-26,1778.0,1778.0,1669.85,1734.7,1741.0,1746.55,1899.2,638.6,919,1569849.15
2021-03-01,1725.1,1799.0,1718.3,1746.55,1775.0,1795.05,1899.2,638.6,1752,3111135.15
2021-03-02,1799.0,1838.0,1775.6,1795.05,1790.05,1798.2,1899.2,638.6,2571,4633209.05
2021-03-03,1770.2,1890.9,1770.2,1798.2,1860.0,1843.25,1899.2,638.6,1799,3315544.25
2021-03-04,1855.85,1880.0,1790.0,1843.25,1807.0,1812.55,1899.2,638.6,4461,8263227.0
2021-03-05,1760.05,1889.0,1742.0,1812.55,1801.5,1806.0,1899.2,638.6,3872,7115331.0
2021-03-08,1819.95,1854.05,1770.0,1806.0,1778.0,1782.2,1899.2,638.6,1486,2694384.05
2021-03-09,1831.05,1831.05,1775.0,1782.2,1798.0,1802.05,1899.2,638.6,3998,7159725.25
2021-03-10,1845.0,1850.0,1813.05,1802.05,1827.0,1834.1,1899.2,638.6,5402,9905325.9
2021-03-12,1842.05,1856.0,1751.15,1834.1,1775.5,1775.7,1899.2,638.6,2900,5271329.65
2021-03-15,1745.0,1798.0,1740.0,1775.7,1763.0,1778.1,1899.2,638.6,3374,5966761.25
2021-03-16,1791.05,1799.1,1720.0,1778.1,1720.8,1741.15,1899.2,638.6,1929,3405006.1
2021-03-17,1763.05,1763.9,1720.15,1741.15,1763.0,1754.0,1899.2,638.6,4394,7642918.65
2021-03-18,1845.0,1845.0,1680.0,1754.0,1730.0,1697.55,1899.2,638.6,3209,5614320.75
2021-03-19,1697.55,1999.0,1697.55,1697.55,1725.0,1735.35,1999.0,638.6,3071,5490530.75
2021-03-22,1735.05,1765.55,1700.0,1735.35,1700.0,1705.8,1999.0,638.6,869,1504196.8
2021-03-23,1720.05,1720.95,1646.0,1705.8,1688.0,1663.0,1999.0,638.6,1379,2325150.05
2021-03-24,1663.0,1700.0,1627.55,1663.0,1640.0,1668.1,1999.0,638.6,3758,6235362.05
2021-03-25,1650.0,1668.0,1530.05,1668.1,1557.0,1562.9,1999.0,638.6,1895,3040685.0
2021-03-26,1636.0,1636.0,1505.0,1562.9,1530.0,1526.9,1999.0,638.6,2878,4497092.15
2021-03-30,1553.05,1610.0,1505.0,1526.9,1550.0,1521.15,1999.0,793.0,4384,6785205.0
2021-03-31,1542.05,1610.0,1521.05,1521.15,1610.0,1584.35,1999.0,793.0,6221,9669175.45
2021-04-01,1574.1,1674.0,1574.1,1584.35,1640.0,1640.0,1999.0,793.0,3175,5180222.05
2021-04-05,1653.55,1669.7,1606.05,1640.0,1630.1,1633.2,1999.0,811.0,597,975076.05
2021-04-06,1652.05,1662.2,1611.65,1633.2,1650.0,1630.6,1999.0,811.0,2960,4853139.35
2021-04-07,1642.05,1670.0,1625.1,1630.6,1670.0,1657.05,1999.0,811.0,770,1271299.2
2021-04-08,1668.95,1733.0,1611.3,1657.05,1723.95,1709.0,1999.0,811.0,1642,2782336.2
2021-04-09,1728.4,1751.05,1695.0,1709.0,1702.0,1711.35,1999.0,811.0,5283,9164101.75
2021-04-12,1780.0,1780.0,1586.9,1711.35,1595.05,1609.85,1999.0,811.0,2530,4145186.95
2021-04-13,1610.25,1665.0,1540.0,1609.85,1600.0,1593.15,1999.0,811.0,5578,9036723.65
2021-04-15,1635.0,1700.0,1608.0,1593.15,1633.1,1644.75,1999.0,811.0,3245,5362330.8
2021-04-16,1640.0,1688.0,1590.5,1644.75,1600.0,1603.4,1999.0,811.0,4694,7690057.5
2021-04-19,1603.45,1610.0,1565.0,1603.4,1600.0,1586.4,1999.0,811.0,348,552515.65
2021-04-20,1599.95,1625.0,1574.0,1586.4,1615.0,1612.8,1999.0,811.0,1757,2806326.4
2021-04-22,1644.95,1644.95,1610.0,1612.8,1610.0,1616.8,1999.0,811.0,512,835273.0
2021-04-23,1630.0,1642.95,1585.0,1616.8,1585.0,1588.7,1999.0,811.0,664,1071238.8
2021-04-26,1604.05,1630.0,1592.0,1588.7,1628.0,1612.8,1999.0,811.0,1516,2442330.1
2021-04-27,1600.1,1615.0,1600.1,1612.8,1610.0,1610.0,1999.0,811.0,363,583423.45
2021-04-28,1614.95,1635.0,1605.55,1610.0,1615.0,1614.7,1999.0,811.0,1146,1856141.1
2021-04-29,1621.05,1680.0,1610.15,1614.7,1679.0,1667.45,1999.0,811.0,1414,2327297.75
2021-04-30,1667.4,1885.8,1647.35,1667.45,1730.0,1751.7,1999.0,811.0,8927,15914667.65
2021-05-03,1785.0,2029.95,1710.0,1751.7,1932.0,1942.85,2029.95,811.0,33182,64504996.7
2021-05-04,2065.0,2145.0,1861.5,1942.85,1925.0,1888.7,2145.0,811.0,19659,39688512.55
2021-05-05,1925.0,1989.9,1885.65,1888.7,1930.0,1925.65,2145.0,811.0,5334,10355932.3
2021-05-06,1981.0,1990.0,1880.0,1925.65,1980.0,1972.45,2145.0,811.0,4380,8573230.8
2021-05-07,2040.0,2076.35,1966.1,1972.45,1980.0,1981.7,2145.0,811.0,6575,13234126.8
2021-05-10,2019.95,2169.9,1942.15,1981.7,2100.0,2082.45,2169.9,811.0,21216,43723449.3
2021-05-11,2100.0,2175.0,2001.0,2082.45,2023.0,2038.2,2175.0,811.0,8915,18556200.75
2021-05-12,2068.8,2080.0,1940.0,2038.2,1964.0,1958.55,2175.0,811.0,3667,7399059.8
2021-05-14,1981.0,2014.75,1865.0,1958.55,1889.75,1884.6,2175.0,811.0,4596,8876379.55
2021-05-17,1884.6,1928.95,1816.95,1884.6,1875.0,1869.5,2175.0,811.0,14139,26690281.05
2021-05-18,1888.0,1905.0,1815.05,1869.5,1839.0,1839.25,2175.0,811.0,4708,8753012.25
2021-05-19,1863.0,1870.4,1820.35,1839.25,1830.0,1828.4,2175.0,811.0,5182,9602718.55
2021-05-20,1857.15,1879.9,1830.2,1828.4,1870.0,1849.0,2175.0,811.0,3846,7130705.2
2021-05-21,1849.0,1849.0,1826.2,1849.0,1831.7,1838.4,2175.0,811.0,1962,3605140.6
2021-05-24,1849.0,1889.95,1831.8,1838.4,1864.0,1845.1,2175.0,812.35,1940,3601842.2
2021-05-25,1862.0,1890.1,1755.0,1845.1,1788.0,1786.0,2175.0,812.35,3795,6970604.55
2021-05-26,1827.9,1833.0,1695.15,1786.0,1718.5,1717.4,2175.0,812.35,4326,7610091.65
2021-05-27,1718.0,1739.8,1670.0,1717.4,1697.0,1691.0,2175.0,812.35,4954,8416538.95
2021-05-28,1697.5,1779.0,1674.3,1691.0,1700.0,1717.7,2175.0,812.35,15920,27532519.45
2021-05-31,1748.0,1824.95,1723.0,1717.7,1779.0,1771.55,2175.0,843.0,5352,9468478.4
2021-06-01,1810.0,1810.0,1721.25,1771.55,1721.25,1733.75,2175.0,843.0,1606,2809650.5
2021-06-02,1735.0,1769.65,1702.15,1733.75,1724.85,1718.2,2175.0,843.0,1550,2676849.75
2021-06-03,1744.0,1787.2,1706.3,1718.2,1764.95,1747.15,2175.0,843.0,2662,4670008.2
2021-06-04,1768.0,1815.0,1713.6,1747.15,1774.0,1772.1,2175.0,843.0,6039,10685591.15
2021-06-07,1795.0,1924.0,1749.5,1772.1,1910.0,1884.35,2175.0,890.1,18435,33930130.5
2021-06-08,1924.0,1948.95,1896.0,1884.35,1929.05,1918.45,2175.0,890.1,9608,18538316.0
2021-06-09,1938.0,1939.95,1814.0,1918.45,1842.0,1835.05,2175.0,890.1,7583,14316106.4
2021-06-10,1860.0,1888.0,1831.25,1835.05,1835.25,1839.15,2175.0,890.1,3930,7263721.35
2021-06-11,1840.35,1865.0,1837.95,1839.15,1850.0,1848.9,2175.0,890.1,1304,2415161.7
2021-06-14,1850.05,1850.05,1805.65,1848.9,1824.0,1817.95,2175.0,890.1,2025,3691987.35
2021-06-15,1859.0,1859.0,1815.0,1817.95,1830.0,1826.6,2175.0,890.1,1356,2480844.2
2021-06-16,1818.0,1829.95,1765.0,1826.6,1779.0,1792.85,2175.0,890.1,2192,3968647.95
2021-06-17,1780.05,1807.55,1735.05,1792.85,1742.5,1748.05,2175.0,890.1,3647,6419074.6
2021-06-18,1798.5,1798.5,1710.0,1748.05,1755.0,1742.75,2175.0,890.1,3306,5788051.1
2021-06-21,1711.0,1750.0,1693.0,1742.75,1734.85,1730.35,2175.0,960.0,4948,8516961.65
2021-06-22,1750.0,1798.0,1719.95,1730.35,1785.0,1781.8,2175.0,960.0,2686,4729911.5
2021-06-23,1794.0,1794.0,1721.0,1781.8,1725.0,1728.3,2175.0,960.0,1589,2777832.45
2021-06-24,1742.0,1825.0,1712.0,1728.3,1818.0,1799.75,2175.0,960.0,13456,24117907.3
2021-06-25,1817.95,1875.0,1774.75,1799.75,1811.0,1819.7,2175.0,960.0,13826,25263489.3
2021-06-28,1830.0,2024.0,1820.0,1819.7,1915.0,1933.55,2175.0,1001.0,43394,84077834.25
2021-06-29,1950.0,1978.8,1860.0,1933.55,1883.0,1895.25,2175.0,1001.0,16470,31525386.25
2021-06-30,1945.0,1945.0,1850.0,1895.25,1879.95,1866.45,2175.0,1001.0,7225,13681528.8
2021-07-01,1875.9,1886.45,1820.0,1866.45,1833.45,1827.5,2175.0,1001.0,3892,7187664.2
2021-07-02,1859.95,1861.05,1809.4,1827.5,1840.0,1839.35,2175.0,1001.0,3441,6329109.4
2021-07-05,1845.1,1883.0,1815.0,1839.35,1841.0,1841.45,2175.0,1001.0,6769,12514425.25
2021-07-06,1830.05,1879.0,1801.65,1841.45,1810.0,1810.2,2175.0,1001.0,5710,10502152.9
2021-07-07,1800.0,1810.9,1746.0,1810.2,1778.95,1761.7,2175.0,1001.0,4024,7154456.1
2021-07-08,1762.45,1830.75,1739.0,1761.7,1765.0,1765.1,2175.0,1001.0,6731,11951354.45
2021-07-09,1788.3,1807.75,1754.0,1765.1,1790.0,1779.95,2175.0,1001.0,3441,6115392.5
2021-07-12,1812.95,1864.15,1778.05,1779.95,1819.0,1811.15,2175.0,1001.0,5722,10486563.0
2021-07-13,1800.3,1851.0,1764.05,1811.15,1827.0,1815.65,2175.0,1001.0,3983,7250394.3
2021-07-14,1834.95,1834.95,1789.95,1815.65,1823.0,1806.15,2175.0,1001.0,4966,8959947.2
2021-07-15,1819.95,1824.0,1791.0,1806.15,1792.0,1802.9,2175.0,1001.0,9380,16888086.8
2021-07-16,1814.9,1814.95,1787.55,1802.9,1801.0,1799.95,2175.0,1001.0,1930,3476475.0
2021-07-19,1799.95,1850.0,1785.0,1799.95,1785.0,1786.45,2175.0,1042.1,8158,14781790.45
2021-07-20,1797.95,1798.0,1740.1,1786.45,1765.0,1765.85,2175.0,1042.1,2739,4852295.15
2021-07-22,1755.55,1810.0,1750.0,1765.85,1799.6,1786.6,2175.0,1042.1,5089,9062836.85
2021-07-23,1799.4,1840.0,1751.0,1786.6,1800.0,1804.35,2175.0,1042.1,3199,5740181.85
2021-07-26,1825.0,1866.0,1792.45,1804.35,1839.0,1826.7,2175.0,1250.0,5698,10498947.9
2021-07-27,1826.7,1877.5,1729.6,1826.7,1858.0,1850.0,2175.0,1250.0,8125,14968604.95
2021-07-28,1859.15,1860.0,1800.2,1850.0,1806.0,1808.0,2175.0,1250.0,2876,5230251.6
2021-07-29,1814.3,1853.1,1795.45,1808.0,1812.0,1827.75,2175.0,1250.0,3269,5999582.85
2021-07-30,1839.0,1848.75,1766.0,1827.75,1789.0,1803.3,2175.0,1250.0,2845,5168225.1
2021-08-02,1813.95,1841.4,1813.9,1803.3,1830.0,1828.6,2175.0,1259.0,2224,4067113.75
2021-08-03,1845.0,1939.9,1820.85,1828.6,1901.0,1911.6,2175.0,1259.0,25218,48009615.95
2021-08-04,1911.0,1940.65,1873.5,1911.6,1908.7,1917.85,2175.0,1259.0,3650,6995338.25
2021-08-05,1911.55,1919.0,1870.1,1917.85,1919.0,1903.55,2175.0,1259.0,5321,10093925.4
2021-08-06,1918.9,1999.0,1909.05,1903.55,1985.3,1984.85,2175.0,1259.0,12203,24066917.2
2021-08-09,1986.05,2049.0,1878.65,1984.85,1905.0,1900.6,2175.0,1259.0,6448,12481404.1
2021-08-10,1910.05,1926.35,1730.45,1900.6,1784.95,1782.75,2175.0,1259.0,8014,14863103.3
2021-08-11,1849.95,1854.0,1780.0,1782.75,1789.9,1789.4,2175.0,1259.0,5387,9723539.95
2021-08-12,1829.95,1830.0,1785.0,1789.4,1830.0,1822.1,2175.0,1259.0,4618,8366538.55
2021-08-13,1824.55,1864.75,1820.0,1822.1,1836.7,1823.45,2175.0,1259.0,1165,2132017.5
2021-08-16,1828.05,1999.95,1777.0,1823.45,1912.0,1917.5,2175.0,1259.0,12636,23900738.45
2021-08-17,1937.0,1988.95,1828.0,1917.5,1855.0,1842.45,2175.0,1259.0,8070,15334180.8
2021-08-18,1840.0,1862.75,1819.0,1842.45,1844.0,1842.7,2175.0,1259.0,4992,9181287.85
2021-08-20,1838.1,1850.0,1780.0,1842.7,1780.0,1790.7,2175.0,1259.0,4469,8114931.25
2021-08-23,1820.0,1820.0,1701.0,1790.7,1715.0,1718.65,2175.0,1259.0,2661,4645226.4
2021-08-24,1710.0,1820.05,1710.0,1718.65,1760.0,1789.85,2175.0,1259.0,14831,25980582.5
2021-08-25,1761.85,1825.0,1761.25,1789.85,1800.0,1793.55,2175.0,1259.0,4678,8450756.9
2021-08-26,1800.05,1864.0,1785.55,1793.55,1815.0,1815.15,2175.0,1259.0,6606,12067220.05
2021-08-27,1815.15,1841.0,1800.0,1815.15,1800.0,1813.85,2175.0,1259.0,1130,2058519.05
2021-08-30,1848.0,1848.0,1781.0,1813.85,1795.9,1789.1,2175.0,1259.0,7961,14340719.4
2021-08-31,1800.0,1831.5,1780.05,1789.1,1790.0,1792.45,2175.0,1259.0,1299,2344400.1
2021-09-01,1809.95,1812.0,1760.0,1792.45,1772.15,1773.5,2175.0,1259.0,1700,3041620.7
2021-09-02,1772.65,1823.85,1750.0,1773.5,1786.05,1791.45,2175.0,1259.0,2544,4579521.1
2021-09-03,1792.0,1812.0,1775.0,1791.45,1800.0,1791.95,2175.0,1259.0,6652,11957323.3
2021-09-06,1809.95,1809.95,1755.0,1791.95,1756.0,1771.8,2175.0,1259.0,997,1768712.45
2021-09-07,1795.0,1795.0,1756.0,1771.8,1765.0,1759.05,2175.0,1259.0,839,1480004.2
2021-09-08,1760.0,1781.1,1752.15,1759.05,1762.0,1760.05,2175.0,1259.0,1812,3190805.9
2021-09-09,1760.05,1790.0,1740.0,1760.05,1780.0,1779.75,2175.0,1259.0,2102,3714600.5
2021-09-13,1794.0,1800.0,1773.8,1779.75,1797.0,1794.4,2175.0,1259.0,1457,2608651.5
2021-09-14,1769.65,1820.0,1755.1,1794.4,1820.0,1797.45,2175.0,1259.0,2488,4457719.15
2021-09-15,1815.0,1828.0,1797.25,1797.45,1818.5,1815.9,2175.0,1259.0,2249,4071500.15
2021-09-16,1825.5,2008.35,1816.45,1815.9,2005.0,1939.2,2175.0,1259.0,32372,61803831.25
2021-09-17,2060.0,2280.0,2030.0,1939.2,2210.0,2194.2,2280.0,1259.0,133975,295089061.8
2021-09-20,2219.95,2250.0,2035.5,2194.2,2098.0,2115.75,2280.0,1259.0,27345,59822900.4
2021-09-21,2075.0,2223.8,2075.0,2115.75,2180.0,2200.5,2280.0,1259.0,17351,37366280.05
2021-09-22,2200.5,2246.3,2157.0,2200.5,2240.0,2231.6,2280.0,1259.0,13505,29861480.35
2021-09-23,2285.0,2285.0,2155.3,2231.6,2155.3,2169.65,2285.0,1259.0,6476,14362305.7
2021-09-24,2199.95,2215.0,2145.0,2169.65,2175.0,2161.65,2285.0,1259.0,4406,9620684.0
2021-09-27,2234.0,2269.95,2160.0,2161.65,2180.0,2196.9,2285.0,1298.95,7964,17516525.3
2021-09-28,2223.95,2223.95,2150.0,2196.9,2175.0,2164.0,2285.0,1298.95,4784,10444774.6
2021-09-29,2145.0,2180.0,2093.95,2164.0,2110.0,2118.05,2285.0,1298.95,5087,10778044.45
2021-09-30,2138.0,2219.8,2123.05,2118.05,2195.0,2196.8,2285.0,1298.95,5846,12823171.2
2021-10-01,2156.4,2255.0,2156.4,2196.8,2230.0,2247.3,2285.0,1298.95,5692,12679475.7
2021-10-04,2264.0,2375.0,2226.05,2247.3,2314.1,2307.8,2375.0,1298.95,14898,34570895.5
2021-10-05,2340.0,2407.0,2266.6,2307.8,2350.05,2345.2,2407.0,1298.95,4537,10642526.05
2021-10-06,2388.0,2410.0,2265.3,2345.2,2270.0,2282.2,2410.0,1298.95,5385,12626271.35
2021-10-07,2257.1,2343.8,2244.65,2282.2,2320.0,2310.45,2410.0,1298.95,4336,9959492.9
2021-10-08,2335.0,2353.0,2280.0,2310.45,2290.0,2286.05,2410.0,1298.95,3228,7467479.5
2021-10-11,2298.55,2301.65,2252.0,2286.05,2288.85,2275.45,2410.0,1298.95,1179,2688923.95
2021-10-12,2276.15,2425.0,2262.05,2275.45,2419.0,2398.6,2425.0,1298.95,4616,10856964.4
2021-10-13,2411.0,2449.0,2345.0,2398.6,2361.0,2385.8,2449.0,1298.95,7948,18970016.25
2021-10-14,2387.5,2408.85,2360.3,2385.8,2372.3,2381.85,2449.0,1298.95,2628,6251564.25
2021-10-18,2330.05,2450.0,2330.05,2381.85,2410.5,2417.0,2450.0,1298.95,3592,8668971.6
2021-10-19,2417.0,2425.4,2251.15,2417.0,2299.0,2306.7,2450.0,1298.95,1471,3469199.5
2021-10-20,2305.0,2340.0,2233.3,2306.7,2245.3,2246.75,2450.0,1298.95,3279,7488517.1
2021-10-21,2246.75,2334.8,2235.0,2246.75,2240.3,2262.95,2450.0,1298.95,647,1461642.15
2021-10-22,2281.5,2313.9,2180.0,2262.95,2205.0,2204.8,2450.0,1298.95,6638,14959522.2
2021-10-25,2169.0,2205.0,2111.3,2204.8,2151.0,2184.5,2450.0,1298.95,5461,11826787.95
2021-10-26,2151.75,2272.9,2151.0,2184.5,2250.0,2234.9,2450.0,1298.95,2481,5500689.7
2021-10-27,2298.0,2298.0,2215.3,2234.9,2215.3,2246.65,2450.0,1298.95,1026,2310240.6
2021-10-28,2285.0,2285.0,2211.0,2246.65,2279.0,2236.5,2450.0,1298.95,4500,10137160.2
2021-10-29,2192.55,2277.55,2152.2,2236.5,2267.55,2204.15,2450.0,1298.95,7941,17539730.9
2021-11-01,2168.8,2274.0,2168.8,2204.15,2250.0,2242.8,2450.0,1298.95,4209,9361457.65
2021-11-02,2203.25,2266.0,2203.25,2242.8,2230.0,2230.95,2450.0,1298.95,1145,2566037.2
2021-11-03,2233.1,2270.0,2180.0,2230.95,2200.0,2223.75,2450.0,1298.95,2895,6475599.85
2021-11-04,2249.95,2264.65,2181.0,2223.75,2181.0,2216.5,2450.0,1298.95,441,983692.9
2021-11-08,2250.0,2324.0,2200.45,2216.5,2309.95,2300.8,2450.0,1300.0,8181,18718996.75
2021-11-09,2323.95,2325.0,2305.35,2300.8,2322.9,2314.0,2450.0,1300.0,1177,2723084.6
2021-11-10,2322.95,2448.6,2320.0,2314.0,2350.0,2350.45,2450.0,1300.0,3144,7500763.25
2021-11-11,2395.0,2399.0,2294.7,2350.45,2330.0,2339.55,2450.0,1300.0,2466,5748902.4
2021-11-12,2382.0,2408.7,2336.55,2339.55,2399.0,2388.5,2450.0,1300.0,6425,15269772.3
2021-11-15,2439.9,2439.9,2310.3,2388.5,2316.8,2325.1,2450.0,1300.0,1073,2523534.2
2021-11-16,2378.95,2413.2,2329.0,2325.1,2409.0,2402.65,2450.0,1300.0,10369,24651822.95
2021-11-17,2425.9,2425.9,2305.3,2402.65,2355.0,2352.5,2450.0,1300.0,3302,7834661.9
2021-11-18,2397.95,2397.95,2254.9,2352.5,2275.0,2270.4,2450.0,1300.0,2119,4939771.05
2021-11-22,2301.1,2301.1,2130.0,2270.4,2198.0,2155.7,2450.0,1300.0,6775,14913901.15
2021-11-23,2173.7,2254.0,2173.7,2155.7,2202.6,2220.55,2450.0,1300.0,1518,3378124.95
2021-11-24,2279.95,2359.95,2221.0,2220.55,2232.0,2250.75,2450.0,1300.0,6989,15800337.65
2021-11-25,2251.2,2285.0,2201.0,2250.75,2260.0,2259.4,2450.0,1300.0,3295,7433994.9
2021-11-26,2217.35,2225.0,2140.0,2259.4,2150.0,2154.05,2450.0,1300.0,1349,2953226.45
2021-11-29,2120.25,2194.15,2024.05,2154.05,2063.0,2069.05,2450.0,1325.3,1151,2400404.45
2021-11-30,2104.25,2167.5,2078.0,2069.05,2120.0,2130.35,2450.0,1325.3,572,1212063.9
2021-12-01,2127.15,2167.45,2093.35,2130.35,2128.05,2118.1,2450.0,1325.3,3275,6964301.05
2021-12-02,2101.4,2192.85,2090.05,2118.1,2115.15,2165.15,2450.0,1325.3,1493,3223500.35
2021-12-03,2150.4,2190.0,2146.9,2165.15,2161.45,2167.75,2450.0,1325.3,378,820397.6
2021-12-06,2205.0,2222.45,2085.85,2167.75,2087.0,2106.4,2450.0,1388.95,735,1578052.5
2021-12-07,2119.0,2220.0,2110.0,2106.4,2200.0,2209.1,2450.0,1388.95,2022,4404556.45
2021-12-08,2219.7,2353.75,2165.0,2209.1,2350.0,2310.4,2450.0,1388.95,8880,20325395.75
2021-12-09,2349.0,2424.85,2300.35,2310.4,2375.0,2386.15,2450.0,1388.95,7272,17181355.7
2021-12-10,2386.15,2440.0,2377.45,2386.15,2435.0,2429.95,2450.0,1388.95,4044,9748089.25
2021-12-13,2450.0,2848.4,2445.0,2429.95,2586.2,2607.15,2848.4,1388.95,48276,129663154.5
2021-12-14,2640.25,2747.0,2620.15,2607.15,2663.0,2660.0,2848.4,1388.95,10656,28505516.95
2021-12-15,2699.0,2725.0,2619.75,2660.0,2648.0,2649.8,2848.4,1388.95,4787,12799564.8
2021-12-16,2655.0,2680.0,2550.0,2649.8,2590.0,2574.8,2848.4,1388.95,3998,10383191.1
2021-12-17,2598.95,2598.95,2512.25,2574.8,2557.25,2546.75,2848.4,1388.95,3617,9230890.8
2021-12-20,2540.0,2540.0,2460.0,2546.75,2490.0,2479.75,2848.4,1388.95,2452,6084548.75
2021-12-21,2500.0,2583.05,2495.0,2479.75,2495.0,2513.8,2848.4,1388.95,2056,5238227.05
2021-12-22,2551.0,2584.4,2495.0,2513.8,2499.15,2509.55,2848.4,1388.95,2183,5541897.95
2021-12-23,2502.05,2547.9,2481.0,2509.55,2490.0,2499.1,2848.4,1388.95,1375,3459834.55
2021-12-24,2481.05,2524.95,2453.45,2499.1,2462.5,2468.3,2848.4,1388.95,1324,3283233.3
2021-12-27,2500.0,2593.2,2479.8,2468.3,2560.0,2566.55,2848.4,1397.0,3638,9306670.3
2021-12-28,2570.0,2638.4,2566.55,2566.55,2594.0,2603.45,2848.4,1397.0,2711,7057944.4
2021-12-29,2572.0,2698.0,2560.05,2603.45,2600.05,2638.5,2848.4,1397.0,3157,8363134.5
2021-12-30,2674.0,2680.0,2602.5,2638.5,2679.9,2643.25,2848.4,1397.0,1018,2696191.95
2021-12-31,2715.0,2715.0,2600.7,2643.25,2700.0,2674.4,2848.4,1397.0,3467,9271048.9
2022-01-03,2700.0,2724.0,2675.0,2674.4,2717.0,2715.25,2848.4,1401.2,1946,5261338.95
2022-01-04,2724.0,2977.0,2704.65,2715.25,2868.0,2911.4,2977.0,1401.2,39238,112852928.65
2022-01-05,2881.6,2881.6,2760.0,2911.4,2778.0,2779.25,2977.0,1401.2,10072,28358935.2
2022-01-06,2731.6,2945.4,2731.6,2779.25,2805.3,2820.7,2977.0,1401.2,15497,44161339.75
2022-01-07,2843.35,2843.35,2772.0,2820.7,2829.0,2801.75,2977.0,1401.2,3943,11018228.55
2022-01-10,2850.0,2900.0,2795.0,2801.75,2850.0,2822.2,2977.0,1442.15,6937,19766162.25
2022-01-11,2849.0,2875.0,2799.9,2822.2,2801.5,2817.45,2977.0,1442.15,2928,8316083.0
2022-01-12,2840.0,2870.2,2751.2,2817.45,2830.0,2800.0,2977.0,1442.15,7991,22712141.05
2022-01-13,2852.0,2854.75,2792.4,2800.0,2818.8,2822.1,2977.0,1442.15,3761,10649503.8
2022-01-14,2815.6,2949.0,2805.0,2822.1,2933.0,2904.3,2977.0,1442.15,8172,23426416.5
2022-01-17,2909.0,3048.7,2905.05,2904.3,2945.0,2947.1,3048.7,1442.15,9337,27698183.65
2022-01-18,2959.0,3001.55,2881.1,2947.1,2900.0,2896.85,3048.7,1442.15,8102,23931182.95
2022-01-19,2899.0,2992.0,2876.75,2896.85,2950.0,2967.75,3048.7,1442.15,4154,12152841.45
2022-01-20,2977.0,3003.65,2905.55,2967.75,2972.0,2956.7,3048.7,1442.15,3059,9084699.75
2022-01-21,2950.0,2976.55,2821.55,2956.7,2830.0,2847.45,3048.7,1442.15,2389,6932747.3
2022-01-24,2889.0,2889.0,2666.05,2847.45,2697.8,2710.75,3048.7,1442.15,3337,9227076.6
2022-01-25,2712.0,2884.95,2708.0,2710.75,2733.0,2738.15,3048.7,1442.15,4864,13504808.55
2022-01-27,2749.0,2849.0,2683.7,2738.15,2829.55,2833.35,3048.7,1442.15,1825,5051550.1
2022-01-28,2850.0,2940.0,2811.3,2833.35,2820.0,2819.7,3048.7,1442.15,1613,4608116.8
2022-01-31,2862.0,2895.0,2755.05,2819.7,2880.0,2796.75,3048.7,1445.95,1427,4028192.65
2022-02-01,2865.0,2865.0,2799.95,2796.75,2810.6,2847.0,3048.7,1445.95,704,1991628.65
2022-02-02,2899.95,2900.0,2810.0,2847.0,2811.0,2819.25,3048.7,1445.95,840,2383007.0
2022-02-03,2883.8,2940.0,2785.0,2819.25,2850.0,2869.7,3048.7,1445.95,3352,9623168.85
2022-02-04,2850.0,2964.95,2845.05,2869.7,2895.0,2887.65,3048.7,1445.95,4335,12651628.55
2022-02-07,2899.0,2970.0,2816.0,2887.65,2899.8,2882.3,3048.7,1505.0,3707,10794930.65
2022-02-08,2899.0,2964.95,2815.0,2882.3,2872.55,2831.15,3048.7,1505.0,2611,7517286.25
2022-02-09,2883.95,2883.95,2800.0,2831.15,2865.0,2841.65,3048.7,1505.0,3918,11108697.5
2022-02-10,2880.0,2880.0,2780.0,2841.65,2780.0,2807.6,3048.7,1505.0,1301,3676227.4
2022-02-11,2832.95,2832.95,2701.0,2807.6,2748.0,2728.15,3048.7,1505.0,1028,2834592.7
2022-02-14,2784.0,2784.0,2525.0,2728.15,2539.0,2538.65,3048.7,1505.0,2567,6755563.6
2022-02-15,2680.0,2680.0,2475.25,2538.65,2500.05,2519.6,3048.7,1505.0,3735,9398474.65
2022-02-16,2599.0,2687.25,2512.0,2519.6,2562.45,2577.4,3048.7,1505.0,4057,10600516.3
2022-02-17,2562.0,2601.0,2518.25,2577.4,2540.0,2537.35,3048.7,1505.0,833,2134371.85
2022-02-18,2584.0,2584.0,2476.3,2537.35,2510.35,2520.5,3048.7,1505.0,616,1556003.65
2022-02-21,2550.0,2550.0,2387.4,2520.5,2446.45,2445.75,3048.7,1505.0,2147,5282731.2
2022-02-22,2401.0,2438.95,2361.45,2445.75,2389.0,2374.4,3048.7,1505.0,1211,2893304.35
2022-02-23,2387.85,2401.15,2331.25,2374.4,2331.25,2368.1,3048.7,1505.0,4516,10800514.65
2022-02-24,2250.05,2345.0,2225.0,2368.1,2239.75,2247.55,3048.7,1505.0,1958,4450696.45
2022-02-25,2300.0,2355.05,2264.4,2247.55,2353.0,2354.1,3048.7,1505.0,1009,2351386.85
2022-02-28,2350.0,2399.0,2295.2,2354.1,2370.25,2375.9,3048.7,1505.0,901,2128005.9
2022-03-02,2380.0,2428.8,2361.85,2375.9,2385.0,2382.3,3048.7,1505.0,868,2080484.1
2022-03-03,2448.8,2499.95,2309.4,2382.3,2390.0,2362.65,3048.7,1505.0,2993,7163578.85
2022-03-04,2484.0,2484.0,2255.3,2362.65,2310.65,2279.75,3048.7,1505.0,2100,4883469.5
2022-03-07,2338.0,2338.0,2151.55,2279.75,2209.6,2226.15,3048.7,1505.0,3038,6822664.9
2022-03-08,2210.0,2407.15,2210.0,2226.15,2330.0,2324.05,3048.7,1505.0,4205,9782717.05
2022-03-09,2399.85,2415.0,2332.4,2324.05,2362.5,2362.5,3048.7,1505.0,4321,10314931.5
2022-03-10,2399.0,2488.0,2320.0,2362.5,2344.25,2336.75,3048.7,1505.0,2720,6485284.35
2022-03-11,2370.0,2448.0,2314.2,2336.75,2408.0,2411.5,3048.7,1505.0,4963,11920777.55
2022-03-14,2445.0,2538.0,2383.8,2411.5,2463.0,2476.9,3048.7,1505.0,9123,22640150.9
2022-03-15,2459.95,2489.95,2325.55,2476.9,2351.05,2346.25,3048.7,1505.0,3488,8392016.4
2022-03-16,2398.0,2438.75,2369.85,2346.25,2384.95,2376.35,3048.7,1505.0,2155,5167763.95
2022-03-17,2399.0,2413.85,2361.3,2376.35,2362.25,2370.4,3048.7,1505.0,1432,3415751.7
2022-03-21,2399.0,2449.9,2391.65,2370.4,2424.55,2439.95,3048.7,1505.0,1795,4365030.4
2022-03-22,2450.0,2478.3,2390.0,2439.95,2400.0,2413.2,3048.7,1505.0,2140,5185105.35
2022-03-23,2457.15,2466.0,2372.5,2413.2,2372.5,2390.8,3048.7,1505.0,1098,2648049.9
2022-03-24,2437.65,2437.65,2275.0,2390.8,2290.95,2294.05,3048.7,1505.0,6191,14344811.2
2022-03-25,2328.45,2338.7,2255.0,2294.05,2285.0,2272.65,3048.7,1505.0,4087,9344570.65
2022-03-28,2272.65,2398.0,2243.3,2272.65,2398.0,2357.95,3048.7,1505.0,4374,10065205.45
2022-03-29,2400.0,2525.0,2340.0,2357.95,2480.0,2501.5,3048.7,1505.0,7978,19674066.75
2022-03-30,2525.0,2749.0,2490.0,2501.5,2612.0,2630.5,3048.7,1505.0,10335,27203068.45
2022-03-31,2630.0,2724.85,2572.65,2630.5,2674.35,2657.3,3048.7,1505.0,4346,11535225.8
2022-04-01,2689.0,2689.0,2618.05,2657.3,2649.3,2636.85,3048.7,1505.0,7728,20435147.45
2022-04-04,2709.8,2709.85,2588.65,2636.85,2610.0,2633.2,3048.7,1540.0,5519,14619370.75
2022-04-05,2675.0,2675.0,2575.0,2633.2,2615.0,2606.5,3048.7,1540.0,1465,3834173.5
2022-04-06,2640.0,2724.0,2577.05,2606.5,2630.5,2631.35,3048.7,1540.0,9491,25163737.1
2022-04-07,2685.0,2739.0,2616.0,2631.35,2660.05,2652.6,3048.7,1540.0,10496,28091508.6
2022-04-08,2670.0,2688.75,2600.0,2652.6,2610.15,2630.3,3048.7,1540.0,993,2632498.6
2022-04-11,2699.0,2700.0,2640.0,2630.3,2679.0,2671.45,3048.7,1540.0,1745,4670995.6
2022-04-12,2699.0,2744.0,2620.05,2671.45,2743.0,2727.35,3048.7,1540.0,3575,9688904.15
2022-04-13,2768.25,2768.25,2673.5,2727.35,2714.6,2720.85,3048.7,1540.0,3629,9843348.05
2022-04-18,2666.0,2799.0,2659.9,2720.85,2755.2,2752.3,3048.7,1565.0,12434,34221383.8
2022-04-19,2799.0,2814.9,2649.0,2752.3,2660.05,2736.7,3048.7,1565.0,5182,14340227.65
2022-04-20,2785.0,2785.0,2669.6,2736.7,2725.0,2717.2,3048.7,1565.0,3074,8352734.15
2022-04-21,2750.4,2828.95,2711.0,2717.2,2740.0,2729.25,3048.7,1565.0,7650,21088970.4
2022-04-22,2790.0,2840.0,2743.05,2729.25,2765.0,2769.6,3048.7,1565.0,2729,7633182.85
2022-04-25,2800.0,2800.0,2638.05,2769.6,2674.9,2672.15,3048.7,1592.0,2696,7266264.25
2022-04-26,2705.5,2719.8,2628.0,2672.15,2652.7,2689.2,3048.7,1592.0,2231,5967635.6
2022-04-27,2680.0,2680.0,2619.0,2689.2,2676.0,2648.35,3048.7,1592.0,1669,4432054.35
2022-04-28,2650.0,2719.9,2646.05,2648.35,2709.0,2672.75,3048.7,1592.0,1426,3829584.35
2022-04-29,2729.95,2729.95,2650.1,2672.75,2689.75,2668.4,3048.7,1592.0,1137,3056188.35
2022-05-02,2633.0,2699.0,2633.0,2668.4,2651.05,2645.2,3048.7,1670.0,1070,2838224.6
2022-05-04,2690.0,2691.0,2478.65,2645.2,2554.9,2549.75,3048.7,1670.0,5212,13376564.05
2022-05-05,2589.75,2640.4,2500.0,2549.75,2639.0,2611.35,3048.7,1670.0,2374,6186189.45
2022-05-06,2635.0,2635.0,2529.65,2611.35,2577.75,2583.9,3048.7,1670.0,2735,7077520.8
2022-05-09,2625.0,2625.0,2505.0,2583.9,2600.0,2560.1,3048.7,1670.0,1427,3665324.25
2022-05-10,2635.0,2635.0,2505.0,2560.1,2505.0,2510.8,3048.7,1670.0,1002,2542942.8
2022-05-11,2510.8,2530.9,2393.5,2510.8,2485.0,2465.55,3048.7,1670.0,2646,6580224.5
2022-05-12,2465.0,2510.0,2300.4,2465.55,2430.0,2355.1,3048.7,1670.0,5735,13903062.0
2022-05-13,2390.35,2530.0,2372.0,2355.1,2375.0,2404.9,3048.7,1670.0,1071,2578208.15
2022-05-16,2565.0,2565.0,2390.0,2404.9,2475.0,2470.85,3048.7,1670.0,1322,3210794.35
2022-05-17,2500.0,2548.0,2461.9,2470.85,2530.0,2529.1,3048.7,1670.0,1647,4134809.5
2022-05-18,2566.95,2598.0,2531.3,2529.1,2559.0,2552.3,3048.7,1670.0,441,1131578.45
2022-05-19,2535.0,2549.1,2484.8,2552.3,2499.95,2495.8,3048.7,1670.0,646,1628415.6
2022-05-20,2533.15,2598.0,2491.3,2495.8,2555.0,2558.2,3048.7,1670.0,817,2083747.0
2022-05-23,2558.2,2570.35,2522.0,2558.2,2541.0,2555.8,3048.7,1670.0,326,831310.1
2022-05-24,2526.0,2546.35,2441.0,2555.8,2470.0,2476.7,3048.7,1670.0,953,2369840.85
2022-05-25,2450.0,2511.55,2420.0,2476.7,2456.0,2467.15,3048.7,1670.0,1940,4827568.1
2022-05-26,2450.0,2515.0,2383.0,2467.15,2493.65,2500.55,3048.7,1670.0,4404,10897002.9
2022-05-27,2525.0,2567.45,2498.8,2500.55,2501.0,2515.65,3048.7,1670.0,1492,3778907.4
2022-05-30,2548.0,2598.0,2438.55,2515.65,2525.0,2547.4,3048.7,1693.0,1941,4890661.75
2022-05-31,2574.0,2574.0,2452.2,2547.4,2497.8,2496.55,3048.7,1693.0,2740,6947088.1
2022-06-01,2490.05,2550.0,2457.0,2496.55,2479.85,2491.45,3048.7,1693.0,988,2491060.3
2022-06-02,2519.9,2565.05,2460.15,2491.45,2538.5,2536.3,3048.7,1693.0,1353,3423430.1
2022-06-03,2568.65,2568.65,2500.05,2536.3,2505.2,2513.5,3048.7,1693.0,553,1406408.25
2022-06-06,2531.9,2563.75,2480.1,2513.5,2530.0,2512.95,3048.7,1693.0,2012,5084854.65
2022-06-07,2548.0,2548.0,2486.0,2512.95,2490.0,2487.45,3048.7,1693.0,267,667931.6
2022-06-08,2500.0,2520.15,2451.3,2487.45,2455.0,2480.45,3048.7,1693.0,1736,4345123.7
2022-06-09,2509.2,2509.2,2476.0,2480.45,2476.0,2480.6,3048.7,1693.0,90,223937.35
2022-06-10,2489.2,2490.2,2438.65,2480.6,2465.0,2452.6,3048.7,1693.0,177,436891.15
2022-06-13,2449.95,2470.1,2378.0,2452.6,2452.0,2440.0,3048.7,1693.0,1024,2487013.65
2022-06-14,2471.0,2471.0,2408.3,2440.0,2428.0,2428.1,3048.7,1693.0,269,653934.4
2022-06-15,2404.05,2461.15,2403.0,2428.1,2460.0,2454.9,3048.7,1693.0,707,1726684.3
2022-06-16,2436.3,2473.75,2252.0,2454.9,2263.0,2305.2,3048.7,1693.0,1747,4101000.5
2022-06-17,2205.0,2283.95,2160.0,2305.2,2160.0,2172.55,3048.7,1693.0,1029,2283094.7
2022-06-20,2135.0,2217.95,1976.3,2172.55,1995.0,2004.85,3048.7,1693.0,1392,2919280.45
2022-06-21,2000.0,2130.0,1951.05,2004.85,2130.0,2104.95,3048.7,1693.0,1438,2992731.05
2022-06-22,2104.95,2153.95,2015.55,2104.95,2070.0,2055.7,3048.7,1693.0,1282,2698109.75
2022-06-23,2190.0,2298.0,2041.75,2055.7,2090.0,2124.05,3048.7,1693.0,3969,8540299.4
2022-06-24,2124.05,2179.9,2082.95,2124.05,2136.0,2150.3,3048.7,1693.0,1702,3638663.2
2022-06-27,2179.0,2179.95,2135.75,2150.3,2174.9,2148.85,3048.7,1701.0,416,896718.8
2022-06-28,2167.95,2201.0,2135.0,2148.85,2168.0,2181.65,3048.7,1701.0,1116,2439112.9
2022-06-29,2189.0,2224.9,2170.05,2181.65,2219.95,2198.65,3048.7,1701.0,2039,4506408.25
2022-06-30,2211.95,2211.95,2155.6,2198.65,2157.5,2171.35,3048.7,1701.0,845,1837224.85
2022-07-01,2167.0,2196.35,2157.5,2171.35,2174.0,2166.95,3048.7,1701.0,192,416277.15
2022-07-04,2195.0,2217.8,2140.0,2166.95,2214.0,2189.3,3048.7,1701.0,1712,3743769.1
2022-07-05,2197.0,2227.0,2166.5,2189.3,2207.9,2204.95,3048.7,1701.0,2320,5140306.55
2022-07-06,2175.0,2223.7,2170.0,2204.95,2202.05,2205.85,3048.7,1701.0,615,1351621.05
2022-07-07,2225.0,2235.0,2180.0,2205.85,2188.0,2194.15,3048.7,1701.0,627,1386718.4
2022-07-08,2225.0,2226.0,2191.35,2194.15,2224.0,2221.65,3048.7,1701.0,414,916917.55
2022-07-11,2235.0,2288.5,2191.0,2221.65,2280.0,2258.9,3048.7,1701.0,797,1795671.8
2022-07-12,2277.85,2294.9,2211.25,2258.9,2211.25,2227.75,3048.7,1701.0,3414,7701976.8
2022-07-13,2261.15,2284.95,2215.55,2227.75,2269.95,2254.8,3048.7,1701.0,457,1030421.0
2022-07-14,2228.15,2273.95,2222.0,2254.8,2222.0,2225.55,3048.7,1701.0,321,716834.45
2022-07-15,2253.9,2253.9,2152.25,2225.55,2198.5,2193.95,3048.7,1701.0,957,2098657.5
2022-07-18,2226.85,2250.0,2142.0,2193.95,2200.0,2191.3,3048.7,1701.0,1487,3252414.45
2022-07-19,2224.15,2225.0,2163.0,2191.3,2214.0,2210.3,3048.7,1701.0,625,1380000.95
2022-07-20,2225.0,2257.5,2192.8,2210.3,2239.0,2236.4,3048.7,1701.0,1829,4066571.15
2022-07-21,2263.9,2329.8,2239.8,2236.4,2322.5,2302.5,3048.7,1701.0,3080,7063786.15
2022-07-22,2309.0,2315.0,2233.3,2302.5,2240.0,2258.95,3048.7,1701.0,1968,4436579.0
2022-07-25,2288.95,2334.8,2255.0,2258.95,2329.9,2312.55,3048.7,1701.0,1564,3611795.45
2022-07-26,2347.15,2347.15,2256.4,2312.55,2295.0,2293.25,3048.7,1701.0,2980,6877253.4
2022-07-27,2370.0,2370.0,2275.05,2293.25,2305.0,2313.3,3048.7,1701.0,1957,4512292.35
2022-07-28,2347.95,2384.0,2308.5,2313.3,2364.8,2352.55,3048.7,1701.0,783,1835169.25
2022-07-29,2370.0,2490.0,2318.5,2352.55,2465.0,2455.8,3048.7,1701.0,12335,29658561.0
2022-08-01,2492.55,2539.95,2473.95,2455.8,2500.0,2500.3,3048.7,1701.0,1420,3550801.9
2022-08-02,2540.0,2540.0,2447.0,2500.3,2480.0,2489.45,3048.7,1701.0,1524,3772976.75
2022-08-03,2499.0,2499.0,2400.0,2489.45,2410.1,2422.1,3048.7,1701.0,744,1809837.65
2022-08-04,2441.2,2452.7,2400.0,2422.1,2420.0,2419.1,3048.7,1701.0,1032,2485993.85
2022-08-05,2419.05,2512.0,2414.0,2419.1,2499.0,2489.25,3048.7,1701.0,1334,3312637.35
2022-08-08,2425.0,2514.95,2425.0,2489.25,2500.0,2498.5,3048.7,1701.0,1467,3661962.95
2022-08-10,2456.0,2550.0,2452.0,2498.5,2470.0,2469.25,3048.7,1701.0,3217,8058806.2
2022-08-11,2433.5,2500.0,2432.3,2469.25,2495.0,2489.95,3048.7,1701.0,551,1365731.4
2022-08-12,2516.5,2749.0,2476.0,2489.95,2715.0,2707.4,3048.7,1701.0,12816,33218523.1
2022-08-16,2785.0,2837.2,2722.1,2707.4,2829.9,2776.0,3048.7,1701.0,9354,25995777.2
2022-08-17,2790.0,2852.95,2765.0,2776.0,2765.0,2797.6,3048.7,1701.0,2343,6571468.35
2022-08-18,2765.05,2860.0,2765.0,2797.6,2822.4,2807.4,3048.7,1701.0,1619,4526146.3
2022-08-19,2818.6,2843.7,2721.3,2807.4,2760.0,2763.25,3048.7,1701.0,969,2687386.25
2022-08-22,2804.65,2804.65,2710.4,2763.25,2716.0,2725.85,3048.7,1701.0,938,2584488.7
2022-08-23,2700.0,2750.0,2700.0,2725.85,2745.0,2742.15,3048.7,1701.0,951,2593530.8
2022-08-24,2762.15,2784.0,2725.05,2742.15,2750.0,2764.15,3048.7,1701.0,307,843949.55
2022-08-25,2728.1,2859.75,2728.1,2764.15,2827.0,2814.75,3048.7,1701.0,2777,7822043.6
2022-08-26,2864.0,2874.0,2725.0,2814.75,2807.25,2808.1,3048.7,1701.0,3079,8647866.9
2022-08-29,2808.1,2815.95,2735.0,2808.1,2751.0,2760.8,3048.7,1740.0,950,2640090.5
2022-08-30,2794.0,2805.5,2738.75,2760.8,2740.1,2753.1,3048.7,1740.0,1326,3655076.85
2022-09-01,2794.0,2819.95,2743.9,2753.1,2819.0,2811.15,3048.7,1740.0,1134,3167914.45
2022-09-02,2811.0,2835.0,2782.05,2811.15,2810.0,2806.55,3048.7,1740.0,1713,4817645.95
2022-09-05,2805.0,2837.15,2752.0,2806.55,2800.0,2801.3,3048.7,1740.0,1512,4225709.5
2022-09-06,2809.0,2879.95,2799.9,2801.3,2849.9,2854.15,3048.7,1740.0,5229,14802562.3
2022-09-07,2859.0,2915.0,2836.0,2854.15,2850.0,2852.05,3048.7,1740.0,2184,6248498.5
2022-09-08,2894.75,2897.0,2835.0,2852.05,2845.05,2866.95,3048.7,1740.0,678,1936331.1
2022-09-09,2896.95,2896.95,2795.0,2866.95,2815.0,2806.8,3048.7,1740.0,1709,4826181.05
2022-09-12,2848.65,2851.75,2790.0,2806.8,2844.0,2835.05,3048.7,1755.1,895,2522581.05
2022-09-13,2877.55,3045.0,2785.7,2835.05,3045.0,3027.2,3048.7,1755.1,9906,29170216.35
2022-09-14,2950.1,3038.0,2950.1,3027.2,3035.0,3011.5,3048.7,1755.1,5728,17176254.55
2022-09-15,3055.0,3055.0,2973.05,3011.5,3040.0,3025.25,3055.0,1755.1,2697,8145743.05
2022-09-16,3040.0,3040.0,2907.0,3025.25,2991.0,2958.3,3055.0,1755.1,1486,4438190.35
2022-09-19,3017.45,3045.4,2937.4,2958.3,2997.6,2956.95,3055.0,1951.05,1383,4102664.9
2022-09-20,3000.0,3024.9,2950.0,2956.95,2966.4,2988.95,3055.0,1951.05,1462,4339511.0
2022-09-21,3030.0,3046.6,2953.5,2988.95,2955.0,2970.25,3055.0,1951.05,1062,3195632.3
2022-09-22,2995.0,2998.0,2950.0,2970.25,2950.0,2955.0,3055.0,1951.05,617,1829366.15
2022-09-23,2984.55,2985.0,2866.05,2955.0,2900.0,2906.25,3055.0,1951.05,2072,6093989.7
2022-09-26,2906.25,2913.55,2679.1,2906.25,2800.0,2815.75,3055.0,1951.05,2111,6043322.1
2022-09-27,2818.4,2855.95,2750.0,2815.75,2768.9,2798.15,3055.0,1951.05,1361,3815686.35
2022-09-28,2785.8,2879.95,2775.0,2798.15,2816.0,2819.8,3055.0,1951.05,4797,13544532.95
2022-09-29,2889.0,2889.0,2814.0,2819.8,2814.0,2815.45,3055.0,1951.05,955,2692405.3
2022-09-30,2855.0,2869.95,2802.0,2815.45,2833.0,2839.7,3055.0,1951.05,358,1014111.85
2022-10-03,2878.0,2878.0,2814.0,2839.7,2814.0,2829.9,3055.0,1951.05,427,1217588.35
2022-10-04,2865.0,2924.0,2826.55,2829.9,2923.0,2916.15,3055.0,1951.05,525,1514260.45
2022-10-06,2979.0,2979.0,2872.45,2916.15,2881.25,2892.95,3055.0,1951.05,437,1273933.45
2022-10-07,2936.25,2990.0,2875.0,2892.95,2891.0,2905.15,3055.0,1951.05,3868,11330850.95
2022-10-10,2945.0,2945.0,2840.05,2905.15,2908.95,2902.1,3055.0,1951.05,1186,3423803.15
2022-10-11,2929.0,2945.55,2838.0,2902.1,2839.05,2854.9,3055.0,1951.05,947,2733733.15
2022-10-12,2894.0,2920.0,2848.55,2854.9,2902.35,2896.8,3055.0,1951.05,547,1574675.5
2022-10-13,2899.7,2899.7,2808.0,2896.8,2808.0,2812.05,3055.0,1951.05,2724,7685860.0
2022-10-14,2869.0,2887.0,2827.2,2812.05,2831.5,2850.55,3055.0,1951.05,705,2012480.85
2022-10-17,2890.0,2890.0,2810.0,2850.55,2810.0,2818.35,3055.0,1951.05,976,2760077.45
2022-10-18,2859.95,2859.95,2800.0,2818.35,2802.0,2801.9,3055.0,1951.05,4964,13937852.4
2022-10-19,2843.8,2843.8,2800.0,2801.9,2812.0,2813.25,3055.0,1951.05,802,2251329.55
2022-10-20,2817.7,2843.9,2813.0,2813.25,2843.0,2836.75,3055.0,1951.05,1897,5343875.85
2022-10-21,2875.0,2875.0,2810.0,2836.75,2815.0,2816.4,3055.0,1951.05,616,1739053.35
2022-10-24,2864.0,2864.0,2750.1,2816.4,2863.0,2851.85,3055.0,1951.05,442,1258700.9
2022-10-25,2825.7,2863.8,2825.05,2851.85,2862.0,2848.45,3055.0,1951.05,323,919792.55
2022-10-27,2889.0,2889.0,2810.0,2848.45,2824.9,2841.7,3055.0,1951.05,473,1347198.95
2022-10-28,2862.95,2864.25,2809.5,2841.7,2809.5,2809.65,3055.0,1951.05,1290,3627386.35
2022-10-31,2849.0,2849.0,2810.0,2809.65,2810.0,2811.25,3055.0,1951.05,599,1685411.1
2022-11-01,2849.0,2850.0,2810.0,2811.25,2810.0,2814.9,3055.0,1951.05,815,2307469.5
2022-11-02,2848.0,2848.0,2810.0,2814.9,2810.0,2813.15,3055.0,1951.05,732,2062898.4
2022-11-03,2840.0,2840.0,2813.0,2813.15,2840.0,2832.8,3055.0,1951.05,383,1082395.85
2022-11-04,2850.0,2875.0,2817.1,2832.8,2817.5,2822.0,3055.0,1951.05,346,981455.2
2022-11-07,2815.0,2874.0,2809.0,2822.0,2833.9,2810.95,3055.0,1951.05,2403,6769895.05
2022-11-09,2812.05,2848.0,2810.0,2810.95,2814.0,2810.1,3055.0,1951.05,858,2415510.45
2022-11-10,2844.0,2844.25,2809.0,2810.1,2825.0,2825.0,3055.0,1951.05,2541,7152636.65
2022-11-11,2825.05,2939.85,2810.25,2825.0,2900.0,2907.6,3055.0,1951.05,1904,5490297.4
2022-11-14,2910.0,3049.95,2904.05,2907.6,3029.0,3018.3,3055.0,1951.05,2734,8105207.9
2022-11-15,3050.0,3059.9,2940.05,3018.3,3000.0,3013.3,3059.9,1951.05,2033,6118439.4
2022-11-16,3000.0,3085.0,3000.0,3013.3,3066.0,3056.65,3085.0,1951.05,11286,34430556.6
2022-11-17,3090.0,3095.0,3025.0,3056.65,3050.0,3050.95,3095.0,1951.05,1766,5396676.3
2022-11-18,3056.0,3075.95,3033.25,3050.95,3060.05,3062.55,3095.0,1951.05,1837,5601656.75
2022-11-21,3093.75,3093.75,3030.0,3062.55,3059.25,3051.2,3095.0,1951.05,1085,3316604.7
2022-11-22,3081.7,3081.7,3032.05,3051.2,3059.0,3052.45,3095.0,1951.05,1053,3210770.55
2022-11-23,3052.45,3060.0,2975.05,3052.45,3000.0,2998.6,3095.0,1951.05,2841,8548622.8
2022-11-24,3039.0,3070.0,3003.6,2998.6,3046.0,3051.6,3095.0,1951.05,1913,5842342.15
2022-11-25,3038.0,3070.0,3018.05,3051.6,3030.1,3048.85,3095.0,1951.05,628,1912605.3
2022-11-28,3055.0,3170.0,3028.75,3048.85,3111.0,3098.25,3170.0,1951.05,5730,17798851.9
2022-11-29,3140.0,3172.0,3107.0,3098.25,3150.0,3151.6,3172.0,1951.05,2328,7325365.45
2022-11-30,3184.0,3194.0,3061.15,3151.6,3093.85,3080.65,3194.0,1951.05,1421,4439417.2
2022-12-01,3082.3,3089.0,3030.0,3080.65,3050.0,3038.8,3194.0,1951.05,1465,4468661.2
2022-12-02,3038.8,3095.0,3032.05,3038.8,3094.5,3084.05,3194.0,1951.05,812,2488269.45
2022-12-05,3118.0,3120.0,3030.05,3084.05,3075.0,3053.95,3194.0,1951.05,704,2155300.0
2022-12-06,3012.0,3085.95,3012.0,3053.95,3015.0,3020.4,3194.0,1951.05,492,1495304.6
2022-12-07,3065.0,3078.0,2980.0,3020.4,3078.0,3063.3,3194.0,1951.05,1243,3768720.55
2022-12-08,3065.0,3079.95,3020.0,3063.3,3049.0,3032.8,3194.0,1951.05,303,925279.75
2022-12-09,3078.25,3078.25,2850.0,3032.8,2886.0,2902.9,3194.0,1951.05,2774,8133977.25
2022-12-12,2902.9,2970.4,2857.1,2902.9,2964.9,2955.75,3194.0,1951.05,1915,5608758.75
2022-12-13,2912.25,2959.65,2855.75,2955.75,2904.0,2888.1,3194.0,1951.05,498,1450622.85
2022-12-14,2930.0,2954.5,2869.4,2888.1,2870.0,2872.5,3194.0,1951.05,1390,4040758.0
2022-12-15,2872.15,2903.95,2825.0,2872.5,2850.0,2838.05,3194.0,1951.05,454,1295423.35
2022-12-16,2850.65,3031.5,2821.0,2838.05,2850.0,2854.95,3194.0,1951.05,5929,17302465.0
2022-12-19,2854.95,3006.3,2854.95,2854.95,2936.0,2946.15,3194.0,1951.05,5172,15257917.4
2022-12-20,2975.0,2975.0,2814.1,2946.15,2901.4,2893.9,3194.0,1951.05,2787,8070640.15
2022-12-21,2947.75,2947.75,2773.55,2893.9,2799.0,2800.9,3194.0,1951.05,31641,88833051.15
2022-12-22,2849.0,2849.0,2798.0,2800.9,2800.0,2815.0,3194.0,1951.05,61860,173523448.75
2022-12-23,2800.0,2836.0,2771.95,2815.0,2775.0,2777.6,3194.0,1951.05,6279,17566297.7
2022-12-26,2800.0,2800.0,2774.0,2777.6,2775.0,2775.1,3194.0,1951.05,1352,3754732.45
2022-12-27,2798.95,2899.0,2775.0,2775.1,2775.0,2777.45,3194.0,1951.05,2479,6911565.1
2022-12-28,2814.75,2814.75,2775.0,2777.45,2775.0,2775.3,3194.0,1951.05,574,1595436.75
2022-12-29,2775.15,2816.85,2775.0,2775.3,2795.0,2789.95,3194.0,1951.05,1054,2945602.1
2022-12-30,2829.9,2829.9,2782.55,2789.95,2795.0,2793.2,3194.0,1951.05,411,1148652.7
2023-01-02,2799.0,2815.05,2784.4,2793.2,2815.05,2810.45,3194.0,1951.05,300,840530.75
2023-01-03,2825.0,2827.9,2795.0,2810.45,2795.0,2800.3,3194.0,1951.05,268,754056.85
2023-01-04,2847.95,2847.95,2775.05,2800.3,2785.0,2788.25,3194.0,1951.05,347,970826.75
2023-01-05,2783.4,2821.0,2771.0,2788.25,2780.0,2796.3,3194.0,1951.05,5145,14299644.35
2023-01-06,2818.95,2818.95,2780.0,2796.3,2780.0,2782.2,3194.0,1951.05,291,814756.9
2023-01-09,2782.2,2804.9,2782.2,2782.2,2790.0,2800.35,3194.0,1951.05,146,408150.75
2023-01-10,2897.55,2898.2,2775.0,2800.35,2775.0,2776.1,3194.0,1951.05,1113,3102572.85
2023-01-11,2779.1,2807.95,2775.0,2776.1,2775.0,2775.4,3194.0,1951.05,736,2044877.6
2023-01-12,2815.0,2815.0,2766.0,2775.4,2785.0,2776.25,3194.0,1951.05,18053,50099492.75
2023-01-13,2814.0,2825.0,2766.0,2776.25,2796.0,2811.75,3194.0,1951.05,2996,8368488.6
2023-01-16,2815.0,2821.45,2771.0,2811.75,2809.0,2788.7,3194.0,1951.05,106,296587.65
2023-01-17,2780.0,2804.85,2750.05,2788.7,2750.1,2759.95,3194.0,1951.05,467,1298264.45
2023-01-18,2751.45,2798.35,2671.55,2759.95,2680.0,2707.25,3194.0,1951.05,1024,2797821.0
2023-01-19,2700.0,2799.0,2673.05,2707.25,2750.05,2750.85,3194.0,1951.05,3677,10117782.65
2023-01-20,2744.4,2755.25,2723.0,2750.85,2752.2,2749.25,3194.0,1951.05,5282,14504214.95
2023-01-23,2741.0,2799.0,2735.0,2749.25,2750.0,2753.75,3194.0,1951.05,4933,13608988.6
2023-01-24,2745.35,2787.0,2730.05,2753.75,2750.0,2750.05,3194.0,1951.05,1649,4538734.45
2023-01-25,2749.35,2750.0,2670.0,2750.05,2670.0,2702.6,3194.0,1951.05,118,321233.7
2023-01-27,2703.15,2759.9,2690.0,2702.6,2750.0,2751.5,3194.0,1951.05,3083,8431575.9
2023-01-30,2774.7,2774.7,2710.3,2751.5,2755.0,2750.6,3194.0,1951.05,805,2213431.75
2023-01-31,2744.6,2770.0,2744.6,2750.6,2757.95,2756.6,3194.0,1951.05,947,2610198.4
2023-02-01,2758.05,2855.0,2742.05,2756.6,2829.95,2793.8,3194.0,1951.05,4619,12840928.3
2023-02-02,2835.65,2835.65,2751.0,2793.8,2755.0,2767.95,3194.0,1951.05,349,975738.45
2023-02-03,2799.95,2800.0,2748.05,2767.95,2750.05,2754.4,3194.0,1951.05,667,1837479.4
2023-02-06,2759.95,2779.95,2750.0,2754.4,2750.0,2751.1,3194.0,1951.05,650,1790343.15
2023-02-07,2754.95,2810.0,2748.0,2751.1,2780.0,2775.45,3194.0,1951.05,812,2243410.5
2023-02-08,2779.0,2797.25,2756.0,2775.45,2797.25,2765.7,3194.0,1951.05,87,240585.55
2023-02-09,2766.0,2799.1,2757.0,2765.7,2772.5,2786.5,3194.0,1951.05,411,1144495.15
2023-02-10,2750.05,2795.0,2750.05,2786.5,2755.0,2763.65,3194.0,1951.05,947,2627974.95
2023-02-13,2860.0,2885.0,2750.0,2763.65,2766.0,2787.7,3194.0,1951.05,1805,5079646.95
2023-02-14,2870.0,2870.0,2782.35,2787.7,2855.0,2848.95,3194.0,1951.05,652,1853225.3
2023-02-15,2762.0,2868.4,2760.4,2848.95,2865.6,2813.75,3194.0,1951.05,859,2410769.7
2023-02-16,2850.0,2850.0,2781.1,2813.75,2829.0,2794.0,3194.0,1951.05,208,581458.0
2023-02-17,2786.05,2819.0,2780.15,2794.0,2785.0,2787.7,3194.0,1951.05,145,405064.4
2023-02-20,2761.0,2779.95,2748.0,2787.7,2750.0,2750.55,3194.0,1951.05,912,2511396.1
2023-02-21,2750.55,2799.0,2746.0,2750.55,2750.0,2755.35,3194.0,1951.05,2676,7376137.75
2023-02-22,2741.2,2771.65,2740.05,2755.35,2765.0,2752.2,3194.0,1951.05,1197,3292036.2
2023-02-23,2772.0,2776.9,2750.0,2752.2,2750.0,2750.65,3194.0,1951.05,425,1169692.15
2023-02-24,2750.0,2774.75,2750.0,2750.65,2759.2,2751.85,3194.0,1951.05,544,1496600.45
2023-02-27,2770.0,2770.0,2748.0,2751.85,2750.0,2750.9,3194.0,1951.05,2518,6924600.9
2023-02-28,2758.05,2759.95,2750.0,2750.9,2750.0,2750.1,3194.0,1951.05,241,663027.95
2023-03-01,2752.15,2789.0,2750.0,2750.1,2789.0,2777.95,3194.0,1951.05,891,2461215.1
2023-03-02,2809.95,2809.95,2750.0,2777.95,2750.0,2752.7,3194.0,1951.05,735,2029546.55
2023-03-03,2752.3,2783.9,2750.0,2752.7,2750.0,2750.25,3194.0,1951.05,335,922968.45
2023-03-06,2750.25,2767.95,2750.0,2750.25,2750.0,2750.2,3194.0,1951.05,1007,2773612.4
2023-03-08,2750.05,2970.2,2750.05,2750.2,2903.25,2921.0,3194.0,1951.05,5559,16059319.45
2023-03-09,2960.0,2964.75,2839.6,2921.0,2910.0,2857.35,3194.0,1951.05,894,2571654.2
2023-03-10,2858.3,2873.9,2809.9,2857.35,2810.0,2816.75,3194.0,1951.05,817,2325138.4
2023-03-13,2801.45,2801.45,2748.0,2816.75,2780.0,2751.75,3194.0,1951.05,3929,10811419.4
2023-03-14,2750.0,2792.9,2532.1,2751.75,2532.5,2559.0,3194.0,1951.05,2804,7261420.75
2023-03-15,2597.35,2718.95,2597.35,2559.0,2717.0,2711.3,3194.0,1951.05,2352,6276692.15
2023-03-16,2723.95,2733.95,2700.0,2711.3,2700.0,2711.8,3194.0,1951.05,452,1226009.2
2023-03-17,2681.2,2732.7,2681.2,2711.8,2700.0,2702.15,3194.0,1951.05,249,673425.95
2023-03-20,2702.25,2790.0,2700.0,2702.15,2750.0,2740.55,3194.0,1951.05,714,1953092.35
2023-03-21,2749.0,2790.0,2730.2,2740.55,2730.2,2762.05,3194.0,1951.05,73,200834.15
2023-03-22,2725.85,2769.55,2725.05,2762.05,2758.1,2757.95,3194.0,1951.05,199,546049.0
2023-03-23,2799.25,2799.25,2720.0,2757.95,2765.0,2748.5,3194.0,1951.05,233,641861.0
2023-03-24,2716.05,2725.0,2716.0,2748.5,2717.0,2717.65,3194.0,1951.05,50,135977.6
2023-03-27,2710.0,2710.0,2696.0,2717.65,2696.0,2698.55,3194.0,1951.05,622,1679265.75
2023-03-28,2698.5,2748.0,2698.0,2698.55,2748.0,2700.55,3194.0,1951.05,1351,3647766.6
2023-03-29,2740.0,2763.95,2700.0,2700.55,2700.0,2724.75,3194.0,1951.05,254,695149.95
2023-03-31,2759.0,2875.0,2700.0,2724.75,2700.0,2711.1,3194.0,1951.05,575,1585062.7
2023-04-03,2700.95,2785.0,2700.95,2711.1,2768.0,2750.05,3194.0,1951.05,281,771014.9
2023-04-05,2712.0,2780.0,2712.0,2750.05,2757.5,2756.2,3194.0,1951.05,212,583091.1
2023-04-06,2741.25,2831.05,2741.25,2756.2,2820.0,2822.85,3194.0,1951.05,756,2117322.25
2023-04-10,2781.0,2808.6,2781.0,2822.85,2808.6,2805.4,3194.0,1951.05,333,930151.6
2023-04-11,2789.0,2944.8,2771.0,2805.4,2870.0,2886.65,3194.0,1951.05,2628,7554310.45
2023-04-12,2923.1,2937.0,2821.0,2886.65,2859.0,2837.4,3194.0,1951.05,838,2429166.6
2023-04-13,2856.6,2949.0,2817.05,2837.4,2939.95,2926.5,3194.0,1951.05,1906,5576927.55
2023-04-17,2970.35,2970.35,2846.5,2926.5,2851.2,2859.75,3194.0,1951.05,593,1716729.0
2023-04-18,2865.1,2890.0,2729.1,2859.75,2809.0,2792.9,3194.0,1951.05,3183,8857789.05
2023-04-19,2791.95,2811.95,2773.0,2792.9,2789.0,2782.85,3194.0,1951.05,435,1211009.85
2023-04-20,2803.0,2803.0,2760.3,2782.85,2765.0,2765.3,3194.0,1951.05,348,965481.05
2023-04-21,2798.0,2800.0,2779.05,2765.3,2788.0,2793.6,3194.0,1951.05,108,301355.75
2023-04-24,2755.35,2820.0,2755.35,2793.6,2755.35,2768.05,3194.0,1951.05,271,752955.65
2023-04-25,2795.8,2900.0,2775.05,2768.05,2811.0,2865.6,3194.0,1951.05,1363,3870634.35
2023-04-26,2845.0,2899.5,2800.0,2865.6,2801.0,2811.35,3194.0,1951.05,835,2390400.15
2023-04-27,2811.4,2870.9,2808.0,2811.35,2825.5,2825.15,3194.0,1951.05,1644,4664800.55
2023-04-28,2830.0,2899.8,2830.0,2825.15,2899.8,2882.15,3194.0,1951.05,838,2395233.9
2023-05-02,2900.0,2900.0,2839.0,2882.15,2861.2,2863.2,3194.0,1951.05,355,1021145.6
2023-05-03,2855.0,2906.05,2840.0,2863.2,2896.0,2873.7,3194.0,1951.05,2100,6049475.45
2023-05-04,2860.0,2935.0,2854.95,2873.7,2899.2,2887.95,3194.0,1951.05,1026,2987048.7
2023-05-05,2880.0,2901.7,2760.2,2887.95,2795.0,2828.45,3194.0,1951.05,814,2331485.5
2023-05-08,2870.0,2870.0,2803.0,2828.45,2849.0,2826.1,3194.0,1951.05,504,1430156.15
2023-05-09,2815.0,2849.0,2780.25,2826.1,2783.2,2805.5,3194.0,1951.05,910,2558137.9
2023-05-10,2818.05,2888.0,2801.55,2805.5,2806.0,2836.4,3194.0,1951.05,1103,3143705.0
2023-05-11,2835.0,2883.5,2803.0,2836.4,2810.0,2808.7,3194.0,1951.05,888,2523739.85
2023-05-12,2830.0,2850.0,2762.95,2808.7,2764.75,2765.75,3194.0,1951.05,921,2576252.75
2023-05-15,2751.0,2794.9,2724.0,2765.75,2724.0,2739.95,3194.0,1951.05,4689,12935250.5
2023-05-16,2799.0,2799.0,2728.0,2739.95,2752.7,2744.2,3194.0,1951.05,141,388644.4
2023-05-17,2750.0,2769.5,2728.0,2744.2,2731.3,2745.0,3194.0,1951.05,709,1950103.6
2023-05-18,2740.15,2758.0,2735.0,2745.0,2752.0,2744.5,3194.0,1951.05,177,485138.95
2023-05-19,2762.7,2762.7,2702.0,2744.5,2703.0,2724.8,3194.0,1951.05,329,897677.2
2023-05-22,2730.0,2749.0,2700.0,2724.8,2700.0,2702.0,3194.0,1951.05,602,1632288.85
2023-05-23,2723.95,2789.95,2718.05,2702.0,2786.9,2770.5,3194.0,1951.05,510,1410594.8
2023-05-24,2750.0,2795.0,2710.0,2770.5,2772.0,2762.8,3194.0,1951.05,1054,2902621.55
2023-05-25,2770.0,2792.9,2730.0,2762.8,2780.0,2776.95,3194.0,1951.05,1704,4703019.95
2023-05-26,2776.95,2796.0,2717.15,2776.95,2762.0,2770.7,3194.0,1951.05,741,2042951.65
2023-05-29,2824.0,2824.0,2761.2,2770.7,2824.0,2811.85,3194.0,1951.05,743,2076954.7
2023-05-30,2830.0,2858.5,2762.0,2811.85,2829.95,2819.95,3194.0,1951.05,1530,4335427.2
2023-05-31,2835.0,2835.0,2765.0,2819.95,2765.0,2770.7,3194.0,1951.05,916,2548501.4
2023-06-01,2770.0,2809.0,2760.05,2770.7,2800.0,2783.75,3194.0,1951.05,289,803349.65
2023-06-02,2780.0,2864.0,2771.1,2783.75,2785.0,2822.55,3194.0,1951.05,1118,3166326.9
2023-06-05,2830.0,2878.95,2801.0,2822.55,2870.0,2868.95,3194.0,1951.05,1175,3359806.45
2023-06-06,2890.0,2890.0,2802.85,2868.95,2815.0,2808.8,3194.0,1951.05,514,1457738.5
2023-06-07,2845.0,2845.0,2750.0,2808.8,2797.0,2775.3,3194.0,1951.05,2176,6090285.3
2023-06-08,2775.3,2804.95,2700.0,2775.3,2790.0,2735.05,3194.0,1951.05,2222,6126303.15
2023-06-09,2772.0,2900.0,2771.15,2735.05,2839.6,2846.3,3194.0,1951.05,3835,10925981.55
2023-06-12,2884.75,2884.75,2828.2,2846.3,2838.0,2831.2,3194.0,1951.05,651,1853493.0
2023-06-13,2872.0,2872.0,2832.1,2831.2,2850.0,2844.1,3194.0,1951.05,260,739878.1
2023-06-14,2850.0,2930.05,2821.1,2844.1,2863.0,2862.9,3194.0,1951.05,1783,5121765.8
2023-06-15,2869.7,2869.7,2760.0,2862.9,2763.35,2788.8,3194.0,1951.05,1317,3713657.45
2023-06-16,2791.4,2827.5,2770.0,2788.8,2770.0,2785.55,3194.0,1951.05,1166,3268968.1
2023-06-19,2874.0,2874.0,2760.0,2785.55,2799.95,2776.0,3194.0,1951.05,792,2220477.7
2023-06-20,2790.0,2813.4,2762.05,2776.0,2792.1,2800.45,3194.0,1951.05,656,1837602.95
2023-06-21,2802.3,2819.0,2750.5,2800.45,2780.3,2781.85,3194.0,1951.05,1134,3168855.0
2023-06-22,2799.0,2849.0,2789.45,2781.85,2793.0,2797.5,3194.0,1951.05,2546,7174579.6
2023-06-23,2781.0,2834.95,2760.9,2797.5,2765.0,2775.95,3194.0,1951.05,856,2390819.8
2023-06-26,2777.2,2777.2,2714.95,2775.95,2730.0,2724.0,3194.0,2135.0,1088,2974506.85
2023-06-27,2736.4,2758.8,2700.0,2724.0,2724.0,2701.25,3194.0,2135.0,2778,7523954.7
2023-06-28,2710.05,2750.0,2700.0,2701.25,2709.8,2700.55,3194.0,2135.0,4057,10991547.0
2023-06-30,2717.65,2763.6,2715.85,2700.55,2760.0,2759.0,3194.0,2135.0,1249,3433439.6
2023-07-03,2793.0,2796.25,2720.0,2759.0,2745.0,2732.25,3194.0,2140.0,771,2125203.45
2023-07-04,2769.0,2769.0,2710.0,2732.25,2732.7,2733.65,3194.0,2140.0,741,2022655.65
2023-07-05,2769.6,2769.6,2706.45,2733.65,2727.0,2728.15,3194.0,2140.0,353,963939.35
2023-07-06,2727.0,2765.0,2705.0,2728.15,2718.0,2723.45,3194.0,2140.0,659,1794233.45
2023-07-07,2748.95,2780.75,2713.25,2723.45,2779.9,2770.65,3194.0,2140.0,1171,3233206.1
2023-07-10,2764.0,2789.55,2732.1,2770.65,2780.0,2768.3,3194.0,2142.0,658,1816641.4
2023-07-11,2795.0,2796.0,2711.6,2768.3,2725.15,2735.0,3194.0,2142.0,639,1751793.1
2023-07-12,2758.0,2766.45,2710.0,2735.0,2711.0,2717.2,3194.0,2142.0,637,1739615.8
2023-07-13,2744.95,2745.0,2701.85,2717.2,2705.0,2710.3,3194.0,2142.0,560,1518121.0
2023-07-14,2745.0,2755.3,2709.05,2710.3,2724.0,2728.8,3194.0,2142.0,484,1322998.3
2023-07-17,2728.75,2780.0,2727.1,2728.8,2731.0,2740.45,3194.0,2142.0,595,1638747.2
2023-07-18,2770.0,2770.0,2711.6,2740.45,2714.95,2718.4,3194.0,2142.0,531,1448573.55
2023-07-19,2703.35,2790.0,2703.35,2718.4,2770.0,2770.5,3194.0,2142.0,1735,4804975.2
2023-07-20,2760.0,2841.0,2723.0,2770.5,2724.0,2734.15,3194.0,2142.0,4146,11499880.1
2023-07-21,2765.9,2765.9,2700.0,2734.15,2724.0,2715.5,3194.0,2142.0,5132,13891066.4
2023-07-24,2750.0,2849.95,2729.7,2715.5,2755.15,2760.15,3194.0,2255.0,2662,7350829.3
2023-07-25,2776.6,2780.0,2732.15,2760.15,2749.0,2742.95,3194.0,2255.0,892,2458805.7
2023-07-26,2751.05,2770.0,2746.0,2742.95,2757.5,2762.15,3194.0,2255.0,817,2252350.0
2023-07-27,2779.0,2799.0,2732.7,2762.15,2736.0,2765.7,3194.0,2255.0,1601,4438162.75
2023-07-28,2746.2,2789.95,2746.2,2765.7,2785.0,2780.9,3194.0,2255.0,635,1761742.25
2023-07-31,2799.5,2835.0,2789.35,2780.9,2830.9,2814.4,3194.0,2400.0,1391,3917949.7
2023-08-01,2830.9,2864.0,2782.05,2814.4,2800.0,2806.25,3194.0,2400.0,978,2768419.35
2023-08-02,2790.0,2812.4,2711.35,2806.25,2740.0,2737.25,3194.0,2400.0,1229,3387587.5
2023-08-03,2720.15,2795.0,2720.15,2737.25,2785.75,2775.15,3194.0,2400.0,1237,3432876.5
2023-08-04,2730.5,2785.1,2700.0,2775.15,2715.1,2715.2,3194.0,2400.0,1258,3440995.45
2023-08-07,2716.0,2777.95,2707.05,2715.2,2762.0,2752.55,3194.0,2425.0,742,2029096.4
2023-08-08,2741.0,2769.0,2703.3,2752.55,2703.3,2710.85,3194.0,2425.0,1548,4218169.7
2023-08-09,2731.05,2750.0,2725.0,2710.85,2734.7,2736.55,3194.0,2425.0,296,809717.65
2023-08-10,2741.9,2745.1,2715.05,2736.55,2739.9,2722.4,3194.0,2425.0,412,1124649.8
2023-08-11,2725.05,2742.05,2707.1,2722.4,2707.1,2714.1,3194.0,2425.0,355,966562.15
2023-08-14,2759.0,2759.0,2675.5,2714.1,2700.0,2703.25,3194.0,2532.1,909,2465237.2
2023-08-16,2704.0,2749.95,2698.0,2703.25,2698.0,2700.15,3194.0,2532.1,2569,6949101.25
2023-08-17,2730.0,2735.0,2700.0,2700.15,2705.0,2700.25,3194.0,2532.1,2214,5991972.95
2023-08-18,2708.45,2740.45,2700.0,2700.25,2700.0,2702.0,3194.0,2532.1,1070,2901756.05
2023-08-21,2710.15,2727.4,2700.05,2702.0,2719.0,2709.15,3194.0,2532.1,994,2691284.6
2023-08-22,2729.0,2810.05,2715.5,2709.15,2774.0,2762.7,3194.0,2532.1,1431,3968459.55
2023-08-23,2799.95,2799.95,2751.0,2762.7,2785.0,2780.15,3194.0,2532.1,804,2234791.25
2023-08-24,2800.0,2830.0,2780.0,2780.15,2821.0,2808.25,3194.0,2532.1,1402,3938096.65
2023-08-25,2781.05,2833.9,2727.5,2808.25,2730.0,2750.6,3194.0,2532.1,854,2368403.5
2023-08-28,2780.0,2780.0,2706.05,2750.6,2717.3,2713.55,3194.0,2532.1,1648,4498132.2
2023-08-29,2750.0,2750.0,2716.05,2713.55,2718.0,2720.6,3194.0,2532.1,645,1757476.6
2023-08-30,2720.6,2749.5,2710.0,2720.6,2711.0,2714.5,3194.0,2532.1,966,2634959.0
2023-08-31,2750.0,2750.0,2705.6,2714.5,2710.0,2710.0,3194.0,2532.1,894,2430892.35
2023-09-01,2720.0,2726.25,2709.0,2710.0,2715.0,2714.55,3194.0,2532.1,544,1477506.15
2023-09-04,2716.35,2789.0,2716.0,2714.55,2730.0,2747.15,3194.0,2532.1,2045,5621620.6
2023-09-05,2780.0,2780.0,2707.0,2747.15,2736.0,2751.0,3194.0,2532.1,1942,5336284.45
2023-09-06,2751.0,2895.0,2717.05,2751.0,2843.9,2793.85,3194.0,2532.1,10811,30598217.3
2023-09-07,2840.0,2930.3,2816.2,2793.85,2879.9,2865.45,3194.0,2532.1,3676,10559478.25
2023-09-08,2895.6,2897.0,2801.0,2865.45,2829.0,2817.55,3194.0,2532.1,1508,4264856.1
2023-09-11,2882.75,2895.0,2830.0,2817.55,2867.7,2849.0,3194.0,2532.1,2211,6325271.0
2023-09-12,2887.4,2887.4,2705.0,2849.0,2735.0,2721.9,3194.0,2532.1,1959,5424437.85
2023-09-13,2749.1,2780.0,2700.0,2721.9,2710.0,2709.5,3194.0,2532.1,1616,4420575.05
2023-09-14,2746.05,2890.05,2735.75,2709.5,2874.95,2849.85,3194.0,2532.1,7850,22330166.1
2023-09-15,2889.9,2899.4,2833.1,2849.85,2845.0,2859.6,3194.0,2532.1,2454,7044614.2
2023-09-18,2805.1,2920.0,2805.1,2859.6,2865.0,2867.1,3194.0,2532.1,2357,6789982.1
2023-09-20,2899.0,2905.85,2844.75,2867.1,2859.0,2856.4,3194.0,2532.1,1000,2870273.0
2023-09-21,2859.0,2879.4,2670.0,2856.4,2675.0,2694.2,3194.0,2532.1,6839,18595256.1
2023-09-22,2698.6,2773.85,2570.0,2694.2,2630.0,2606.95,3194.0,2532.1,11447,30434482.6
2023-09-25,2600.35,2688.0,2600.35,2606.95,2641.1,2645.5,3194.0,2532.1,2920,7754305.7
2023-09-26,2679.95,2705.6,2642.0,2645.5,2688.0,2680.8,3194.0,2532.1,2639,7065390.4
2023-09-27,2707.0,2707.6,2597.15,2680.8,2620.95,2629.55,3194.0,2532.1,4781,12583895.5
2023-09-28,2637.55,2664.95,2605.05,2629.55,2624.5,2618.25,3194.0,2532.1,1064,2804876.95
2023-09-29,2624.95,2680.0,2597.55,2618.25,2640.05,2650.6,3194.0,2532.1,2659,7064819.8
2023-10-03,2650.6,2650.6,2558.5,2650.6,2570.0,2584.6,3194.0,2532.1,2493,6474522.9
2023-10-04,2605.0,2617.0,2565.05,2584.6,2612.0,2602.35,3194.0,2532.1,1284,3333789.9
2023-10-05,2615.8,2615.8,2560.35,2602.35,2580.0,2577.7,3194.0,2532.1,718,1853886.65
2023-10-06,2612.45,2612.45,2565.15,2577.7,2580.0,2574.1,3194.0,2532.1,1026,2644548.7
2023-10-09,2574.1,2608.85,2540.0,2574.1,2540.0,2549.65,3194.0,2532.1,1603,4118204.2
2023-10-10,2545.0,2582.95,2540.0,2549.65,2564.15,2559.95,3194.0,2532.1,742,1901165.55
2023-10-11,2593.25,2675.0,2550.0,2559.95,2639.95,2635.35,3194.0,2532.1,1749,4556822.5
2023-10-12,2659.0,2659.0,2610.4,2635.35,2624.0,2616.9,3194.0,2532.1,335,879694.9
2023-10-13,2592.05,2623.35,2575.05,2616.9,2575.05,2595.55,3194.0,2532.1,459,1190985.8
2023-10-16,2609.8,2626.0,2570.5,2595.55,2613.0,2620.9,3194.0,2532.1,575,1500033.25
2023-10-17,2649.95,2656.25,2604.05,2620.9,2643.5,2642.35,3194.0,2532.1,1128,2975892.35
2023-10-18,2600.1,2690.0,2600.1,2642.35,2649.0,2634.55,3194.0,2532.1,1918,5099355.7
2023-10-19,2634.55,2654.95,2600.0,2634.55,2600.15,2605.9,3194.0,2532.1,449,1178375.85
2023-10-20,2610.0,2689.9,2598.5,2605.9,2648.0,2633.05,3194.0,2532.1,1773,4697313.9
2023-10-23,2610.05,2668.5,2566.7,2633.05,2599.0,2598.25,3194.0,2532.1,722,1886065.0
2023-10-25,2630.0,2630.0,2538.6,2598.25,2550.0,2562.0,3194.0,2532.1,1089,2821616.25
2023-10-26,2705.95,2741.9,2560.0,2562.0,2565.0,2593.65,3194.0,2532.1,39743,105777897.85
2023-10-27,2663.7,2663.7,2580.3,2593.65,2590.0,2593.2,3194.0,2532.1,2743,7161300.3
2023-10-30,2623.0,2623.0,2555.8,2593.2,2589.0,2595.8,3194.0,2532.1,1377,3581282.95
2023-10-31,2595.8,2622.0,2570.05,2595.8,2600.0,2578.05,3194.0,2532.1,945,2446049.95
2023-11-01,2576.1,2599.0,2540.0,2578.05,2540.0,2543.85,3194.0,2532.1,813,2081905.0
2023-11-02,2541.6,2594.9,2490.05,2543.85,2495.0,2511.15,3194.0,2490.05,2460,6210252.4
2023-11-03,2497.0,2557.0,2497.0,2511.15,2540.0,2546.3,3194.0,2490.05,752,1908986.0
2023-11-06,2556.0,2632.05,2524.0,2546.3,2571.0,2586.3,3194.0,2490.05,1101,2848582.75
2023-11-07,2596.25,2621.2,2524.05,2586.3,2580.1,2586.7,3194.0,2490.05,1105,2855972.7
2023-11-08,2580.7,2610.0,2563.0,2586.7,2602.0,2581.9,3194.0,2490.05,719,1862800.8
2023-11-09,2582.3,2602.4,2546.8,2581.9,2566.0,2559.25,3194.0,2490.05,532,1371143.3
2023-11-10,2560.05,2610.0,2560.0,2559.25,2599.0,2580.15,3194.0,2490.05,1052,2726900.65
2023-11-12,2615.0,2645.2,2575.1,2580.15,2600.0,2596.6,3194.0,2490.05,395,1029197.1
2023-11-13,2596.6,2623.1,2568.05,2596.6,2600.0,2592.1,3194.0,2490.05,1259,3271978.75
2023-11-15,2627.0,2627.0,2553.6,2592.1,2596.0,2607.2,3194.0,2490.05,463,1203650.7
2023-11-16,2624.8,2624.8,2580.05,2607.2,2590.0,2592.4,3194.0,2490.05,848,2208817.35
2023-11-17,2592.4,2621.0,2566.2,2592.4,2591.0,2585.15,3194.0,2490.05,656,1704679.4
2023-11-20,2591.55,2619.95,2560.0,2585.15,2560.05,2571.65,3194.0,2490.05,757,1963051.3
2023-11-21,2604.0,2606.95,2550.0,2571.65,2590.0,2567.45,3194.0,2490.05,608,1566968.7
2023-11-22,2555.7,2600.0,2540.0,2567.45,2549.9,2543.4,3194.0,2490.05,602,1538404.95
2023-11-23,2577.0,2619.95,2545.8,2543.4,2600.0,2606.15,3194.0,2490.05,1722,4462907.5
2023-11-24,2630.0,2630.0,2550.0,2606.15,2550.0,2565.75,3194.0,2490.05,1712,4405742.2
2023-11-28,2566.2,2600.0,2413.2,2565.75,2455.0,2478.45,3194.0,2413.2,2960,7408088.6
2023-11-29,2487.9,2544.75,2451.1,2478.45,2451.1,2481.1,3194.0,2413.2,1351,3383873.2
2023-11-30,2481.4,2524.95,2469.55,2481.1,2480.0,2473.1,3194.0,2413.2,1460,3636844.4
2023-12-01,2475.0,2508.65,2474.1,2473.1,2500.0,2503.0,3194.0,2413.2,870,2172545.9
2023-12-04,2509.9,2537.95,2502.9,2503.0,2530.0,2524.5,3120.0,2413.2,1084,2732576.15
2023-12-05,2527.25,2552.0,2501.05,2524.5,2526.0,2519.05,3120.0,2413.2,1015,2560336.3
2023-12-06,2519.05,2544.95,2499.15,2519.05,2500.0,2503.3,3120.0,2413.2,5364,13422858.75
2023-12-07,2500.2,2549.0,2499.75,2503.3,2500.0,2501.25,3120.0,2413.2,2704,6781862.9
2023-12-08,2484.05,2534.0,2480.0,2501.25,2481.05,2499.5,3120.0,2413.2,7275,18192984.8
2023-12-11,2500.0,2521.5,2484.2,2499.5,2485.0,2490.75,3031.5,2413.2,1468,3670037.2
2023-12-12,2516.95,2516.95,2441.8,2490.75,2441.8,2474.65,3031.5,2413.2,1074,2672459.7
2023-12-13,2508.65,2508.65,2463.9,2474.65,2470.0,2474.45,3031.5,2413.2,5739,14206706.15
2023-12-14,2499.0,2584.0,2469.0,2474.45,2575.0,2558.95,3031.5,2413.2,7386,18686765.65
2023-12-15,2588.9,2595.0,2536.1,2558.95,2540.0,2544.1,3031.5,2413.2,1204,3087563.95
2023-12-18,2600.0,2699.9,2600.0,2544.1,2673.0,2663.95,3006.3,2413.2,11121,29726991.95
2023-12-19,2673.0,2698.95,2570.6,2663.95,2603.0,2642.9,3006.3,2413.2,4198,11221154.6
2023-12-20,2669.0,2669.0,2526.1,2642.9,2586.9,2552.6,3006.3,2413.2,1828,4716400.55
2023-12-21,2552.6,2590.0,2488.0,2552.6,2533.0,2548.8,3006.3,2413.2,2329,5961554.55
2023-12-22,2580.0,2580.0,2500.5,2548.8,2510.0,2519.3,3006.3,2413.2,1965,4951215.6
2023-12-26,2547.0,2550.0,2501.1,2519.3,2501.5,2507.65,2970.35,2413.2,1184,2986319.55
2023-12-27,2542.05,2549.0,2505.0,2507.65,2505.0,2517.45,2970.35,2413.2,516,1301505.4
2023-12-28,2532.3,2540.0,2501.0,2517.45,2527.0,2510.8,2970.35,2413.2,866,2179565.5
2023-12-29,2524.95,2599.0,2520.0,2510.8,2550.0,2556.75,2970.35,2413.2,1563,3982834.95
2024-01-01,2556.75,2590.0,2556.75,2556.75,2570.0,2569.75,2970.35,2413.2,687,1767391.55
2024-01-02,2569.75,2590.0,2549.0,2569.75,2590.0,2578.65,2970.35,2413.2,1331,3426110.85
2024-01-03,2590.5,2590.5,2546.75,2578.65,2590.0,2566.85,2970.35,2413.2,693,1778275.45
2024-01-04,2596.0,2596.0,2510.1,2566.85,2539.5,2532.25,2970.35,2413.2,1341,3411222.85
2024-01-05,2566.4,2570.0,2510.0,2532.25,2536.0,2523.75,2970.35,2413.2,2658,6754926.2
2024-01-08,2523.0,2557.8,2509.1,2523.75,2544.95,2543.3,2970.35,2413.2,974,2470698.05
2024-01-09,2512.6,2558.9,2510.3,2543.3,2536.0,2515.55,2970.35,2413.2,1098,2768681.9
2024-01-10,2535.3,2540.0,2516.5,2515.55,2539.0,2530.4,2970.35,2413.2,466,1178916.55
2024-01-11,2515.15,2545.0,2515.15,2530.4,2520.0,2527.7,2970.35,2413.2,2143,5409625.45
2024-01-12,2547.45,2549.95,2530.0,2527.7,2549.0,2547.2,2970.35,2413.2,1452,3687534.7
2024-01-15,2577.0,2619.95,2536.85,2547.2,2598.0,2607.0,2970.35,2413.2,3848,9982391.7
2024-01-16,2607.0,2607.0,2558.8,2607.0,2562.75,2566.65,2970.35,2413.2,657,1690016.5
2024-01-17,2567.15,2599.3,2550.0,2566.65,2573.5,2573.1,2970.35,2413.2,646,1656636.15
2024-01-18,2569.35,2569.95,2446.0,2573.1,2450.0,2451.75,2970.35,2413.2,5232,12956023.7
2024-01-19,2460.0,2490.0,2440.0,2451.75,2450.0,2447.55,2970.35,2413.2,1421,3504898.9
2024-01-20,2479.0,2479.0,2385.0,2447.55,2400.0,2410.5,2970.35,2385.0,1781,4307084.7
2024-01-23,2412.0,2490.0,2412.0,2410.5,2469.9,2447.7,2970.35,2385.0,2427,5964596.5
2024-01-24,2440.15,2455.0,2430.0,2447.7,2453.9,2452.45,2970.35,2385.0,494,1209827.45
2024-01-25,2418.25,2484.0,2416.25,2452.45,2427.0,2421.65,2970.35,2385.0,2036,4950011.5
2024-01-29,2454.85,2480.0,2425.0,2421.65,2456.0,2451.15,2970.35,2385.0,808,1985574.05
2024-01-30,2475.0,2475.0,2430.5,2451.15,2441.0,2440.15,2970.35,2385.0,550,1343999.85
2024-01-31,2444.9,2465.85,2404.0,2440.15,2415.0,2414.35,2970.35,2385.0,1146,2787068.8
2024-02-01,2446.9,2446.9,2390.0,2414.35,2394.0,2393.1,2970.35,2385.0,1291,3102102.05
2024-02-02,2402.25,2426.95,2390.0,2393.1,2405.0,2408.4,2970.35,2385.0,2708,6525209.15
2024-02-05,2424.0,2424.0,2349.1,2408.4,2400.0,2382.05,2970.35,2349.1,3246,7716918.6
2024-02-06,2410.0,2414.2,2356.2,2382.05,2376.6,2373.95,2970.35,2349.1,1097,2616027.0
2024-02-07,2401.0,2476.0,2345.0,2373.95,2368.0,2358.4,2970.35,2345.0,6623,15944573.65
2024-02-08,2370.0,2420.0,2351.0,2358.4,2390.0,2374.65,2970.35,2345.0,2521,6030461.05
2024-02-09,2406.7,2435.0,2362.05,2374.65,2412.0,2417.5,2970.35,2345.0,2336,5616488.7
2024-02-12,2450.15,2512.0,2398.2,2417.5,2435.95,2422.3,2970.35,2345.0,3373,8292103.9
2024-02-13,2465.0,2500.0,2450.0,2422.3,2476.65,2471.9,2970.35,2345.0,3217,7952033.8
2024-02-14,2485.0,2487.0,2421.8,2471.9,2445.0,2455.2,2970.35,2345.0,1114,2739113.25
2024-02-15,2461.6,2509.95,2421.0,2455.2,2500.0,2494.45,2970.35,2345.0,2761,6860674.4
2024-02-16,2519.95,2555.0,2452.65,2494.45,2531.35,2537.65,2970.35,2345.0,3839,9680467.5
2024-02-19,2565.0,2565.0,2509.35,2537.65,2550.0,2543.7,2970.35,2345.0,2041,5187655.3
2024-02-20,2506.15,2650.95,2506.15,2543.7,2628.7,2616.3,2970.35,2345.0,7119,18483260.6
2024-02-21,2652.2,2709.0,2590.05,2616.3,2699.85,2698.8,2970.35,2345.0,9320,24957673.05
2024-02-22,2728.95,2735.0,2640.0,2698.8,2700.0,2717.45,2970.35,2345.0,4198,11279452.8
2024-02-23,2733.0,2800.0,2700.0,2717.45,2780.0,2776.9,2970.35,2345.0,6440,17798416.5
2024-02-26,2848.85,2848.85,2707.1,2776.9,2715.0,2709.9,2970.35,2345.0,3656,10110952.25
2024-02-27,2743.8,2744.95,2668.55,2709.9,2690.0,2717.45,2970.35,2345.0,1656,4473817.0
2024-02-28,2714.25,2726.0,2595.0,2717.45,2595.0,2607.8,2970.35,2345.0,2266,5973393.3
2024-02-29,2608.7,2643.0,2581.0,2607.8,2625.5,2626.2,2970.35,2345.0,1151,3001663.05
2024-03-01,2642.6,2642.6,2572.45,2626.2,2598.0,2582.1,2970.35,2345.0,1017,2640395.35
2024-03-02,2582.1,2622.0,2551.05,2582.1,2577.0,2568.95,2970.35,2345.0,212,544909.7
2024-03-04,2578.35,2679.95,2578.0,2568.95,2630.3,2620.1,2970.35,2345.0,2490,6558129.15
2024-03-05,2655.45,2697.0,2575.05,2620.1,2623.0,2606.4,2970.35,2345.0,1165,3049758.75
2024-03-06,2639.95,2639.95,2550.5,2606.4,2571.0,2583.9,2970.35,2345.0,957,2467748.15
2024-03-07,2555.0,2614.95,2555.0,2583.9,2568.0,2589.95,2970.35,2345.0,793,2053679.15
2024-03-11,2589.95,2600.0,2483.2,2589.95,2500.0,2501.25,2970.35,2345.0,1204,3041522.15
2024-03-12,2504.1,2530.9,2401.3,2501.25,2436.9,2431.1,2970.35,2345.0,1349,3308650.75
2024-03-13,2436.95,2447.0,2301.0,2431.1,2349.0,2328.4,2970.35,2301.0,1678,3980454.15
2024-03-14,2252.0,2434.8,2252.0,2328.4,2411.5,2419.05,2970.35,2252.0,1590,3809062.5
2024-03-15,2419.15,2430.95,2250.0,2419.05,2306.0,2306.45,2970.35,2250.0,1881,4376345.6
2024-03-18,2350.0,2395.0,2322.7,2306.45,2360.0,2367.85,2970.35,2250.0,1019,2417508.25
2024-03-19,2395.0,2395.0,2304.55,2367.85,2327.0,2317.7,2970.35,2250.0,1939,4528593.25
2024-03-20,2310.0,2385.55,2310.0,2317.7,2349.0,2338.95,2970.35,2250.0,1155,2725031.9
2024-03-21,2370.5,2407.0,2350.05,2338.95,2361.3,2373.9,2970.35,2250.0,1260,2999873.05
2024-03-22,2395.0,2395.0,2319.05,2373.9,2377.0,2351.0,2970.35,2250.0,1128,2661405.2
2024-03-26,2353.0,2390.0,2351.1,2351.0,2351.1,2360.95,2970.35,2250.0,1278,3032783.0
2024-03-27,2390.0,2390.0,2283.8,2360.95,2290.0,2308.25,2970.35,2250.0,2685,6238433.6
2024-03-28,2358.9,2358.9,2295.0,2308.25,2310.0,2302.7,2970.35,2250.0,1567,3623248.0
2024-04-01,2303.0,2370.0,2303.0,2302.7,2365.0,2365.75,2970.35,2250.0,1132,2651960.2
2024-04-02,2386.9,2436.0,2366.0,2365.75,2436.0,2433.5,2970.35,2250.0,1037,2500249.45
2024-04-03,2418.9,2523.95,2392.4,2433.5,2515.75,2481.3,2970.35,2250.0,3405,8386854.15
2024-04-04,2514.75,2630.3,2500.9,2481.3,2600.0,2619.15,2970.35,2250.0,2814,7245667.75
2024-04-05,2609.15,2701.05,2565.05,2619.15,2676.0,2661.55,2970.35,2250.0,4174,11069696.85
2024-04-08,2664.0,2711.45,2611.05,2661.55,2665.0,2644.15,2970.35,2250.0,988,2627804.15
2024-04-09,2579.95,2665.0,2579.0,2644.15,2639.0,2626.85,2970.35,2250.0,884,2317525.3
2024-04-10,2639.95,2652.05,2607.5,2626.85,2616.05,2620.3,2970.35,2250.0,397,1041147.5
2024-04-12,2648.0,2649.0,2550.0,2620.3,2557.0,2579.45,2970.35,2250.0,1321,3420130.1
2024-04-15,2360.0,2610.6,2360.0,2579.45,2570.0,2591.3,2970.35,2250.0,1262,3218254.5
2024-04-16,2594.15,2660.0,2594.15,2591.3,2603.0,2636.95,2970.35,2250.0,746,1958129.2
2024-04-18,2636.55,2660.45,2550.0,2636.95,2588.0,2569.45,2970.35,2250.0,1249,3229309.2
2024-04-19,2600.0,2600.0,2551.25,2569.45,2573.0,2589.15,2970.35,2250.0,220,567630.8
2024-04-22,2589.9,2641.35,2552.0,2589.15,2552.0,2565.0,2935.0,2250.0,923,2392458.15
2024-04-23,2555.35,2599.0,2500.7,2565.0,2541.0,2553.1,2935.0,2250.0,914,2321990.4
2024-04-24,2554.0,2607.9,2540.0,2553.1,2580.0,2592.15,2935.0,2250.0,879,2259561.3
2024-04-25,2590.0,2639.25,2590.0,2592.15,2625.0,2627.9,2935.0,2250.0,779,2035526.65
2024-04-26,2630.0,2663.35,2580.0,2627.9,2583.0,2606.15,2935.0,2250.0,649,1707608.4
2024-04-29,2563.45,2659.0,2563.45,2606.15,2600.0,2594.7,2935.0,2250.0,1603,4200999.4
2024-04-30,2628.25,2659.05,2613.05,2594.7,2655.0,2650.35,2935.0,2250.0,779,2058251.2
2024-05-02,2660.9,2725.0,2650.35,2650.35,2702.0,2696.35,2935.0,2250.0,1776,4780666.0
2024-05-03,2732.8,2732.8,2549.55,2696.35,2616.0,2606.55,2935.0,2250.0,2978,7729855.5
2024-05-06,2645.0,2648.35,2510.0,2606.55,2527.05,2539.2,2930.3,2250.0,1844,4708008.9
2024-05-07,2554.8,2573.45,2515.5,2539.2,2573.0,2531.6,2930.3,2250.0,758,1929431.6
2024-05-08,2490.1,2549.9,2490.1,2531.6,2542.95,2535.45,2930.3,2250.0,610,1543576.95
2024-05-09,2563.0,2563.0,2501.0,2535.45,2501.0,2504.6,2930.3,2250.0,476,1197756.2
2024-05-10,2537.0,2537.0,2498.1,2504.6,2500.0,2504.8,2930.3,2250.0,489,1227129.65
2024-05-13,2537.0,2538.65,2476.6,2504.8,2477.0,2488.5,2930.3,2250.0,468,1171533.0
2024-05-14,2486.55,2563.95,2484.85,2488.5,2536.0,2536.95,2930.3,2250.0,345,873093.8
2024-05-15,2525.95,2566.2,2452.5,2536.95,2490.05,2497.85,2930.3,2250.0,621,1552737.9
2024-05-16,2485.25,2568.1,2485.25,2497.85,2511.0,2517.4,2930.3,2250.0,302,758603.35
2024-05-17,2534.15,2544.0,2511.15,2517.4,2518.85,2530.3,2930.3,2250.0,193,488503.5
2024-05-18,2530.3,2551.0,2462.05,2530.3,2524.5,2524.55,2930.3,2250.0,237,593072.45
2024-05-21,2547.0,2547.0,2480.55,2524.55,2500.0,2490.05,2930.3,2250.0,531,1331640.65
2024-05-22,2484.55,2504.4,2399.0,2490.05,2457.0,2465.9,2930.3,2250.0,1699,4151576.0
2024-05-23,2464.45,2493.9,2399.95,2465.9,2449.0,2449.5,2930.3,2250.0,1531,3732803.75
2024-05-24,2421.2,2449.0,2395.1,2449.5,2440.0,2431.55,2930.3,2250.0,2387,5773398.2
2024-05-27,2443.8,2443.8,2405.55,2431.55,2408.55,2411.7,2930.3,2250.0,578,1401500.85
2024-05-28,2424.3,2443.8,2395.3,2411.7,2425.0,2439.7,2930.3,2250.0,741,1798138.05
2024-05-29,2415.4,2425.0,2405.5,2439.7,2420.0,2411.0,2930.3,2250.0,360,870312.15
2024-05-30,2413.45,2425.0,2400.0,2411.0,2410.1,2403.5,2930.3,2250.0,349,841231.2
2024-05-31,2425.0,2425.0,2299.05,2403.5,2399.9,2376.35,2930.3,2250.0,2640,6185812.9
2024-06-03,2447.0,2447.0,2334.0,2376.35,2351.1,2355.35,2930.3,2250.0,1630,3844666.4
2024-06-04,2385.0,2423.7,2225.0,2355.35,2255.0,2247.4,2930.3,2225.0,2549,5927795.35
2024-06-05,2250.0,2302.0,2189.2,2247.4,2281.0,2262.45,2930.3,2189.2,3810,8507760.55
2024-06-06,2292.0,2342.15,2275.75,2262.45,2297.5,2306.4,2930.3,2189.2,934,2161492.55
2024-06-07,2331.3,2370.0,2311.5,2306.4,2331.0,2328.3,2930.3,2189.2,1621,3801813.25
2024-06-10,2350.0,2514.4,2304.0,2328.3,2415.0,2394.25,2930.3,2189.2,6096,14791177.65
2024-06-11,2395.95,2635.0,2360.0,2394.25,2575.0,2605.2,2930.3,2189.2,6243,16001986.85
2024-06-12,2580.0,2648.6,2575.0,2605.2,2590.0,2581.15,2930.3,2189.2,1709,4482178.65
2024-06-13,2600.0,2796.95,2595.5,2581.15,2780.0,2744.75,2930.3,2189.2,13312,36307249.25
2024-06-14,2798.95,3048.8,2770.0,2744.75,2975.0,2959.45,3048.8,2189.2,22249,64786110.85
2024-06-18,3049.9,3200.95,2905.05,2959.45,2920.1,2919.75,3200.95,2189.2,11878,35864840.3
2024-06-19,2998.95,3149.0,2920.1,2919.75,3148.8,3107.75,3200.95,2189.2,11911,36434677.7
2024-06-20,3107.75,3298.85,3107.7,3107.75,3200.0,3212.2,3298.85,2189.2,12369,39858395.3
2024-06-21,3212.0,3294.0,2980.0,3212.2,3020.0,3024.9,3298.85,2189.2,12585,38762295.35
2024-06-24,3110.0,3324.85,3040.65,3024.9,3324.85,3278.1,3324.85,2189.2,10427,33318304.65
2024-06-25,3232.0,3399.0,3228.85,3278.1,3300.0,3316.0,3399.0,2189.2,8994,30039384.55
2024-06-26,3340.0,3355.0,3101.15,3316.0,3213.0,3235.2,3399.0,2189.2,11799,37959517.7
2024-06-27,3281.35,3286.5,3101.1,3235.2,3150.0,3122.6,3399.0,2189.2,5217,16571349.85
2024-06-28,3122.6,3200.0,3102.0,3122.6,3165.0,3142.95,3399.0,2189.2,3279,10338366.2
2024-07-01,3180.0,3241.0,3130.05,3142.95,3150.0,3155.5,3399.0,2189.2,3269,10412374.1
2024-07-02,3163.4,3197.95,3100.15,3155.5,3155.0,3128.4,3399.0,2189.2,3084,9670846.35
2024-07-03,3143.25,3196.0,3102.0,3128.4,3125.25,3143.6,3399.0,2189.2,2091,6601246.3
2024-07-04,3151.0,3186.6,3060.0,3143.6,3130.0,3127.7,3399.0,2189.2,2609,8197159.0
2024-07-05,3135.0,3197.25,3125.0,3127.7,3190.0,3185.8,3399.0,2189.2,2185,6933296.15
2024-07-08,3198.9,3198.9,3100.0,3185.8,3139.0,3116.6,3399.0,2189.2,2673,8418468.0
2024-07-09,3147.1,3282.9,3100.0,3116.6,3250.0,3265.6,3399.0,2189.2,7501,24223634.0
2024-07-10,3268.0,3323.95,3132.05,3265.6,3161.0,3166.15,3399.0,2189.2,3339,10646073.8
2024-07-11,3166.15,3489.9,3148.05,3166.15,3370.0,3392.45,3489.9,2189.2,18027,60829248.2
2024-07-12,3410.0,3461.4,3350.1,3392.45,3350.6,3393.15,3489.9,2189.2,4618,15707613.05
2024-07-15,3393.15,3410.0,3325.0,3393.15,3325.0,3336.55,3489.9,2189.2,2102,7056442.3
2024-07-16,3369.9,3398.9,3272.1,3336.55,3300.0,3295.05,3489.9,2189.2,3534,11780889.0
2024-07-18,3295.05,3300.65,3192.35,3295.05,3198.5,3199.75,3489.9,2189.2,3612,11656501.95
2024-07-19,3231.75,3231.75,3075.0,3199.75,3077.1,3084.85,3489.9,2189.2,4960,15533563.35
2024-07-22,3090.0,3183.8,3088.05,3084.85,3169.95,3156.6,3489.9,2189.2,2178,6841171.0
2024-07-23,3180.0,3180.0,3010.1,3156.6,3100.0,3112.85,3489.9,2189.2,5288,16396090.6
2024-07-24,3131.4,3166.15,3038.05,3112.85,3085.0,3084.7,3489.9,2189.2,4001,12389277.7
2024-07-25,3077.15,3200.0,3077.15,3084.7,3101.0,3113.6,3489.9,2189.2,2497,7862567.05
2024-07-26,3056.5,3180.0,3052.05,3113.6,3170.0,3107.4,3489.9,2189.2,2452,7604112.6
2024-07-29,3132.4,3256.5,3118.05,3107.4,3238.5,3219.75,3489.9,2189.2,6187,19930094.6
2024-07-30,3223.5,3235.0,3150.0,3219.75,3210.0,3205.15,3489.9,2189.2,2579,8215893.75
2024-07-31,3235.0,3300.0,3200.0,3205.15,3205.0,3209.4,3489.9,2189.2,4553,14826459.0
2024-08-01,3230.9,3230.9,3151.0,3209.4,3180.0,3167.5,3489.9,2189.2,2443,7786616.05
2024-08-02,3197.0,3197.0,3100.0,3167.5,3190.0,3159.95,3489.9,2189.2,2313,7272084.7
2024-08-05,3081.0,3284.8,3011.9,3159.95,3199.95,3183.65,3489.9,2189.2,9066,28428863.6
2024-08-06,3150.0,3287.0,3125.0,3183.65,3125.4,3148.55,3489.9,2189.2,4325,13914558.8
2024-08-07,3155.3,3255.0,3154.6,3148.55,3250.0,3250.45,3489.9,2189.2,1430,4620541.45
2024-08-08,3165.0,3216.45,3115.05,3250.45,3178.4,3182.25,3489.9,2189.2,2073,6582500.6
2024-08-09,3225.2,3250.0,3121.3,3182.25,3125.05,3154.75,3489.9,2189.2,3145,9967715.3
2024-08-12,3197.3,3197.3,3081.05,3154.75,3100.0,3105.3,3489.9,2189.2,3017,9429483.65
2024-08-13,3105.3,3158.95,3072.0,3105.3,3097.0,3094.7,3489.9,2189.2,2291,7143166.65
2024-08-14,3097.45,3131.9,3045.15,3094.7,3048.55,3067.2,3489.9,2189.2,1491,4589565.05
2024-08-16,3076.35,3155.95,3061.45,3067.2,3090.0,3077.4,3489.9,2189.2,3095,9600299.9
2024-08-19,3105.95,3140.95,3035.1,3077.4,3083.0,3086.1,3489.9,2189.2,3915,12090682.0
2024-08-20,3088.0,3244.0,3050.0,3086.1,3240.0,3162.25,3489.9,2189.2,3446,10764956.0
2024-08-21,3205.9,3224.95,3096.9,3162.25,3096.9,3148.65,3489.9,2189.2,2150,6844262.9
2024-08-22,3150.0,3176.8,3144.05,3148.65,3175.0,3173.6,3489.9,2189.2,876,2775302.65
2024-08-23,3270.0,3283.55,3140.2,3173.6,3156.35,3185.0,3489.9,2189.2,1475,4733584.9
2024-08-26,3185.0,3206.55,3090.0,3185.0,3096.35,3110.1,3489.9,2189.2,1394,4391936.1
2024-08-27,3150.0,3152.05,3066.5,3110.1,3067.0,3070.85,3489.9,2189.2,1181,3670543.3
2024-08-28,3070.85,3150.0,3070.85,3070.85,3100.0,3109.15,3489.9,2189.2,4013,12495749.6
2024-08-29,3125.0,3175.0,3066.9,3109.15,3100.0,3102.65,3489.9,2189.2,16640,51753174.55
2024-08-30,3249.95,3431.95,3160.0,3102.65,3305.0,3322.1,3489.9,2189.2,41471,138228692.7
2024-09-02,3383.45,3383.45,3283.3,3322.1,3300.0,3310.2,3489.9,2189.2,5864,19461472.85
2024-09-03,3265.0,3360.0,3245.0,3310.2,3339.0,3316.85,3489.9,2189.2,3613,11997255.9
2024-09-04,3310.0,3439.0,3291.35,3316.85,3415.1,3394.55,3489.9,2189.2,7713,25964925.35
2024-09-05,3400.0,3513.3,3379.7,3394.55,3401.0,3419.15,3513.3,2189.2,7003,24117908.3
2024-09-06,3489.0,3500.0,3352.0,3419.15,3500.0,3478.45,3513.3,2189.2,6194,21285390.75
2024-09-09,3501.85,3594.05,3352.0,3478.45,3400.0,3389.65,3594.05,2189.2,7191,24493609.2
2024-09-10,3423.55,3423.55,3318.9,3389.65,3357.85,3354.55,3594.05,2189.2,4276,14359849.55
2024-09-11,3376.8,3400.45,3313.15,3354.55,3350.0,3373.0,3594.05,2189.2,2678,9026188.8
2024-09-12,3392.0,3403.1,3324.05,3373.0,3401.6,3388.85,3594.05,2189.2,2190,7372616.75
2024-09-13,3376.0,3461.2,3350.0,3388.85,3352.05,3353.7,3594.05,2189.2,3986,13540574.05
2024-09-16,3385.0,3449.7,3360.55,3353.7,3400.0,3369.7,3594.05,2189.2,3386,11494274.7
2024-09-17,3400.0,3400.0,3256.65,3369.7,3281.0,3267.3,3594.05,2189.2,1684,5570576.9
2024-09-18,3265.0,3330.0,3191.1,3267.3,3325.0,3312.45,3594.05,2189.2,3124,10183142.15
2024-09-19,3339.0,3345.75,3200.0,3312.45,3299.0,3263.05,3594.05,2189.2,2689,8723357.4
2024-09-20,3285.0,3343.75,3251.15,3263.05,3312.0,3294.7,3594.05,2189.2,1988,6554329.35
2024-09-23,3316.0,3623.8,3268.05,3294.7,3504.0,3509.5,3623.8,2189.2,27363,95878748.5
2024-09-24,3460.0,3551.1,3460.0,3509.5,3500.0,3499.65,3623.8,2189.2,10429,36522686.95
2024-09-25,3500.0,3568.2,3487.2,3499.65,3498.7,3504.65,3623.8,2189.2,4533,15947461.65
2024-09-26,3516.85,3574.7,3498.5,3504.65,3574.0,3565.35,3623.8,2189.2,4166,14702493.1
2024-09-27,3580.7,3740.0,3500.0,3565.35,3600.0,3619.9,3740.0,2189.2,12749,46312094.35
2024-09-30,3669.0,3739.9,3600.0,3619.9,3700.0,3709.15,3740.0,2189.2,5865,21454771.6
2024-10-01,3725.2,3797.0,3700.0,3709.15,3720.0,3711.45,3797.0,2189.2,3832,14281607.3
2024-10-03,3719.0,3719.0,3618.0,3711.45,3700.0,3697.75,3797.0,2189.2,4805,17706568.8
2024-10-04,3700.0,3800.0,3700.0,3697.75,3705.0,3754.05,3800.0,2189.2,5342,20026122.9
2024-10-07,3789.95,3789.95,3698.75,3754.05,3739.0,3719.75,3800.0,2189.2,4441,16466482.35
2024-10-08,3655.0,3749.95,3655.0,3719.75,3738.0,3727.0,3800.0,2189.2,1508,5602120.2
2024-10-09,3725.6,3740.9,3700.0,3727.0,3714.0,3706.25,3800.0,2189.2,1276,4735802.85
2024-10-10,3750.0,3900.0,3702.2,3706.25,3894.25,3888.15,3900.0,2189.2,8734,33469095.8
2024-10-11,3938.0,3949.0,3777.0,3888.15,3815.6,3817.75,3949.0,2189.2,3659,14203401.05
2024-10-14,3850.0,3993.0,3753.5,3817.75,3769.2,3819.65,3993.0,2189.2,3246,12427229.1
2024-10-15,3785.0,3950.0,3701.0,3819.65,3900.0,3896.6,3993.0,2189.2,3626,13803278.95
2024-10-16,3878.0,3899.95,3770.1,3896.6,3785.0,3787.2,3993.0,2189.2,1566,5969920.45
2024-10-17,3803.65,3803.65,3700.0,3787.2,3700.0,3716.85,3993.0,2189.2,1794,6672506.8
2024-10-18,3724.5,3792.95,3700.0,3716.85,3792.95,3760.85,3993.0,2189.2,1416,5272674.65
2024-10-21,3776.85,3788.35,3700.0,3760.85,3700.0,3700.55,3993.0,2189.2,1486,5514021.75
2024-10-22,3724.8,3726.45,3698.7,3700.55,3700.0,3700.1,3993.0,2189.2,2429,8992785.6
2024-10-23,3701.05,3748.9,3698.0,3700.1,3748.9,3728.8,3993.0,2189.2,2114,7836076.45
2024-10-24,3748.85,3773.95,3699.0,3728.8,3712.6,3702.5,3993.0,2189.2,963,3573989.2
2024-10-25,3750.0,3750.0,3317.3,3702.5,3500.0,3512.1,3993.0,2189.2,6691,23459173.35
2024-10-28,3535.0,3580.5,3471.55,3512.1,3500.0,3526.6,3993.0,2189.2,1613,5683507.35
2024-10-29,3521.5,3613.9,3500.0,3526.6,3515.5,3518.35,3993.0,2189.2,2030,7173703.6
2024-10-30,3537.75,3714.15,3500.0,3518.35,3500.0,3509.4,3993.0,2189.2,2145,7672582.0
2024-10-31,3545.15,3545.25,3500.0,3509.4,3500.0,3508.2,3993.0,2189.2,730,2566788.5
2024-11-01,3533.8,3560.0,3490.0,3508.2,3490.0,3518.35,3993.0,2189.2,485,1708594.15
2024-11-04,3528.65,3548.0,3499.7,3518.35,3500.0,3502.55,3993.0,2189.2,1653,5796983.7
2024-11-05,3539.0,3552.0,3495.0,3502.55,3500.0,3505.1,3993.0,2189.2,5229,18316207.85
2024-11-06,3515.35,3546.95,3500.0,3505.1,3520.0,3515.75,3993.0,2189.2,604,2122159.45
2024-11-07,3526.0,3544.25,3500.0,3515.75,3500.0,3501.45,3993.0,2189.2,2198,7705952.4
2024-11-08,3511.7,3545.95,3498.0,3501.45,3500.0,3501.45,3993.0,2189.2,1975,6932726.75
2024-11-11,3504.45,3526.3,3488.0,3501.45,3500.0,3500.4,3993.0,2189.2,2051,7183354.55
2024-11-12,3500.35,3531.9,3500.0,3500.4,3500.0,3500.25,3993.0,2189.2,1850,6482896.8
2024-11-13,3505.7,3600.0,3301.05,3500.25,3553.0,3367.95,3993.0,2189.2,2593,8832714.25
2024-11-14,3435.15,3495.85,3223.25,3367.95,3450.0,3436.4,3993.0,2189.2,3638,12182482.4
2024-11-18,3406.0,3449.0,3396.0,3436.4,3401.0,3423.2,3993.0,2189.2,1259,4298372.2
2024-11-19,3424.15,3469.45,3400.0,3423.2,3400.0,3404.9,3993.0,2189.2,1416,4842470.75
2024-11-21,3408.7,3419.95,3398.0,3404.9,3400.0,3401.1,3993.0,2189.2,1617,5499198.15
2024-11-22,3400.0,3441.15,3400.0,3401.1,3400.0,3406.35,3993.0,2189.2,663,2259930.95
2024-11-25,3419.75,3466.9,3401.0,3406.35,3446.0,3458.75,3993.0,2189.2,378,1302876.15
2024-11-26,3506.45,3549.95,3436.45,3458.75,3500.0,3504.25,3993.0,2189.2,1883,6565736.35
2024-11-27,3501.35,3575.4,3500.0,3504.25,3500.0,3517.5,3993.0,2189.2,575,2031605.2
2024-11-28,3520.2,3588.0,3500.0,3517.5,3500.0,3506.8,3993.0,2189.2,546,1923280.1
2024-11-29,3480.05,3532.85,3480.05,3506.8,3500.0,3505.75,3993.0,2189.2,462,1619804.7
2024-12-02,3480.0,3540.3,3480.0,3505.75,3500.05,3504.4,3993.0,2189.2,1755,6145764.05
2024-12-03,3493.7,3568.45,3492.15,3504.4,3512.0,3518.7,3993.0,2189.2,582,2054078.4
2024-12-04,3528.0,3788.0,3526.55,3518.7,3750.0,3730.4,3993.0,2189.2,4665,17239407.7
2024-12-05,3700.0,3800.0,3663.0,3730.4,3666.0,3736.0,3993.0,2189.2,2454,9179629.3
2024-12-06,3700.0,3851.95,3700.0,3736.0,3812.3,3834.15,3993.0,2189.2,2212,8442744.8
2024-12-09,3870.0,3870.0,3763.05,3834.15,3798.4,3799.55,3993.0,2189.2,1013,3855465.05
2024-12-10,3730.0,3837.0,3705.05,3799.55,3705.05,3734.25,3993.0,2189.2,841,3182891.1
2024-12-11,3745.0,3753.85,3680.65,3734.25,3704.6,3708.45,3993.0,2189.2,379,1407743.85
2024-12-12,3700.5,3800.0,3630.05,3708.45,3735.0,3732.3,3993.0,2189.2,729,2687566.6
2024-12-13,3702.1,3716.95,3606.75,3732.3,3628.0,3638.65,3993.0,2189.2,636,2330369.05
2024-12-16,3636.0,3655.0,3501.0,3638.65,3542.0,3522.15,3993.0,2189.2,793,2831375.25
2024-12-17,3501.0,3569.95,3487.4,3522.15,3511.0,3527.25,3993.0,2189.2,625,2211282.5
2024-12-18,3531.15,3641.9,3531.1,3527.25,3575.95,3572.9,3993.0,2189.2,619,2215037.85
2024-12-19,3566.5,3732.3,3500.0,3572.9,3720.0,3701.95,3993.0,2189.2,1776,6474371.8
2024-12-20,3700.0,3745.0,3617.1,3701.95,3700.0,3690.35,3993.0,2189.2,1498,5521255.1
2024-12-23,3658.0,3730.95,3533.75,3690.35,3650.0,3658.9,3993.0,2189.2,1321,4791468.45
2024-12-24,3650.1,3800.0,3650.1,3658.9,3800.0,3733.1,3993.0,2189.2,551,2050329.55
2024-12-26,3732.0,3745.65,3650.0,3733.1,3690.0,3651.8,3993.0,2189.2,478,1762221.3
2024-12-27,3671.0,3695.0,3650.0,3651.8,3650.0,3651.85,3993.0,2189.2,701,2563171.1
2024-12-30,3660.0,3690.0,3650.0,3651.85,3650.0,3655.1,3993.0,2189.2,972,3554750.35
2024-12-31,3650.4,3689.4,3650.0,3655.1,3650.0,3670.45,3993.0,2189.2,321,1176213.45
2025-01-01,3677.55,3699.0,3650.0,3670.45,3650.0,3660.7,3993.0,2189.2,138,507141.55
2025-01-02,3659.95,3788.6,3659.95,3660.7,3675.0,3677.15,3993.0,2189.2,626,2314848.2
2025-01-03,3694.95,3724.9,3650.0,3677.15,3650.65,3660.35,3993.0,2189.2,518,1905061.85
2025-01-06,3659.75,3695.45,3650.0,3660.35,3650.0,3651.8,3993.0,2189.2,581,2125415.9
2025-01-07,3650.0,3700.0,3650.0,3651.8,3650.0,3678.95,3993.0,2189.2,257,942898.95
2025-01-08,3672.65,3679.9,3648.0,3678.95,3650.0,3651.25,3993.0,2189.2,498,1818686.9
2025-01-09,3670.5,3682.5,3650.0,3651.25,3650.0,3651.75,3993.0,2189.2,426,1556544.85
2025-01-10,3660.7,3675.0,3648.1,3651.75,3650.0,3653.2,3993.0,2189.2,1023,3736298.4
2025-01-13,3575.0,3669.95,3575.0,3653.2,3650.0,3650.2,3993.0,2189.2,1115,4069737.45
2025-01-14,3669.4,3830.0,3650.0,3650.2,3699.0,3659.0,3993.0,2189.2,2065,7683810.3
2025-01-15,3685.0,3685.0,3650.0,3659.0,3650.0,3651.65,3993.0,2189.2,630,2302223.2
2025-01-16,3651.65,3751.95,3650.0,3651.65,3650.0,3671.65,3993.0,2189.2,560,2070290.7
2025-01-17,3672.0,3723.45,3650.0,3671.65,3650.0,3652.55,3993.0,2189.2,930,3409864.95
2025-01-20,3650.05,3790.0,3650.0,3652.55,3770.0,3754.4,3993.0,2189.2,2057,7634791.0
2025-01-21,3790.0,3825.0,3750.0,3754.4,3805.0,3803.4,3993.0,2189.2,2001,7601363.2
2025-01-22,3800.0,3837.0,3800.0,3803.4,3800.0,3804.1,3993.0,2189.2,1344,5110321.85
2025-01-23,3801.0,3824.1,3800.0,3804.1,3800.0,3804.6,3993.0,2189.2,533,2026992.95
2025-01-24,3800.15,3810.0,3800.0,3804.6,3800.0,3800.45,3993.0,2189.2,1066,4051534.45
2025-01-27,3800.0,3929.95,3800.0,3800.45,3816.0,3802.5,3993.0,2189.2,5126,19505757.55
2025-01-28,3802.5,3815.95,3350.1,3802.5,3410.0,3406.5,3993.0,2189.2,2651,9350431.65
2025-01-29,3407.0,3677.0,3407.0,3406.5,3601.8,3611.6,3993.0,2189.2,2385,8540348.3
2025-01-30,3561.0,3655.8,3561.0,3611.6,3600.0,3614.3,3993.0,2189.2,774,2788804.25
2025-01-31,3603.25,3684.0,3600.0,3614.3,3600.0,3613.9,3993.0,2189.2,272,988613.0
2025-02-01,3655.95,3660.0,3610.75,3613.9,3625.0,3639.65,3993.0,2189.2,186,676500.3
2025-02-03,3624.85,3676.8,3600.0,3639.65,3600.0,3602.4,3993.0,2189.2,854,3091156.65
2025-02-04,3551.05,3780.0,3423.05,3602.4,3724.0,3664.95,3993.0,2189.2,1474,5312550.4
2025-02-05,3675.0,3743.9,3648.25,3664.95,3657.45,3670.1,3993.0,2189.2,248,914883.25
2025-02-06,3671.2,3671.2,3600.0,3670.1,3600.0,3605.65,3993.0,2189.2,144,523495.85
2025-02-07,3530.0,3647.95,3530.0,3605.65,3550.05,3599.7,3993.0,2189.2,1056,3802433.65
2025-02-10,3645.0,3648.9,3566.6,3599.7,3619.95,3599.65,3993.0,2189.2,1754,6315227.0
2025-02-11,3545.0,3648.2,3545.0,3599.65,3600.0,3600.8,3993.0,2189.2,1882,6776161.05
2025-02-12,3613.1,3644.75,3587.6,3600.8,3644.75,3600.7,3993.0,2189.2,1267,4561661.0
2025-02-13,3627.0,3627.0,3600.0,3600.7,3600.0,3606.55,3993.0,2189.2,173,623435.2
2025-02-14,3600.0,3621.45,3406.8,3606.55,3498.7,3499.35,3993.0,2189.2,3096,11036793.7
2025-02-17,3500.15,3532.6,3471.7,3499.35,3500.0,3500.05,3993.0,2189.2,1218,4263172.2
2025-02-18,3500.0,3681.95,3480.2,3500.05,3550.0,3589.15,3993.0,2189.2,1314,4609067.85
2025-02-19,3541.0,3600.0,3499.95,3589.15,3500.0,3503.25,3993.0,2189.2,1128,3975860.2
2025-02-20,3523.5,3550.5,3500.0,3503.25,3500.0,3501.2,3993.0,2189.2,163,572331.5
2025-02-21,3522.65,3522.65,3498.05,3501.2,3500.0,3500.4,3993.0,2189.2,985,3448642.75
2025-02-24,3434.0,3553.75,3434.0,3500.4,3500.0,3500.45,3993.0,2189.2,639,2243280.65
2025-02-25,3425.05,3528.95,3425.05,3500.45,3525.0,3508.3,3993.0,2189.2,387,1355961.05
2025-02-27,3516.95,3522.0,3498.25,3508.3,3500.0,3500.5,3993.0,2189.2,413,1445985.7
2025-02-28,3519.0,3519.0,3250.0,3500.5,3250.0,3252.3,3993.0,2189.2,956,3206146.6
2025-03-03,3000.3,3311.9,3000.3,3252.3,3260.0,3270.35,3993.0,2189.2,881,2836495.75
2025-03-04,3262.35,3340.5,3250.0,3270.35,3250.0,3270.65,3993.0,2189.2,619,2046514.75
2025-03-05,3311.65,3314.75,3264.85,3270.65,3300.0,3293.85,3993.0,2189.2,201,662161.8
2025-03-06,3310.05,3311.0,3249.85,3293.85,3265.0,3270.75,3993.0,2189.2,849,2770494.9
2025-03-07,3283.85,3325.0,3261.25,3270.75,3325.0,3310.95,3993.0,2189.2,503,1654940.95
2025-03-10,3211.0,3355.0,3211.0,3310.95,3250.0,3287.6,3993.0,2189.2,508,1676414.4
2025-03-11,3250.05,3300.0,3250.0,3287.6,3300.0,3296.0,3993.0,2189.2,219,716231.65
2025-03-12,3311.95,3340.4,3255.0,3296.0,3284.5,3278.8,3993.0,2189.2,264,872187.3
2025-03-13,3201.05,3359.95,3201.05,3278.8,3250.0,3252.0,3993.0,2189.2,996,3245963.05
2025-03-17,3201.0,3296.2,3201.0,3252.0,3250.0,3250.3,3993.0,2189.2,868,2824274.95
2025-03-18,3251.95,3420.0,3250.0,3250.3,3312.2,3353.95,3993.0,2189.2,1459,4827728.7
2025-03-19,3384.0,3501.0,3362.0,3353.95,3501.0,3500.1,3993.0,2189.2,1595,5518062.1
2025-03-20,3402.0,3690.0,3402.0,3500.1,3610.0,3633.55,3993.0,2189.2,1048,3739916.9
2025-03-21,3631.45,3725.0,3631.45,3633.55,3725.0,3694.8,3993.0,2189.2,364,1343504.85
2025-03-24,3694.85,3865.0,3694.85,3694.8,3865.0,3839.6,3993.0,2189.2,1087,4124744.35
2025-03-25,3790.0,3899.0,3767.95,3839.6,3775.0,3797.9,3993.0,2189.2,2267,8687154.35
2025-03-26,3824.95,3912.0,3800.0,3797.9,3816.0,3819.45,3993.0,2189.2,1162,4457533.95
2025-03-27,3832.95,3849.5,3680.3,3819.45,3705.0,3706.2,3993.0,2189.2,602,2272413.15
2025-03-28,3718.75,3730.85,3600.0,3706.2,3630.0,3634.85,3993.0,2189.2,452,1660066.35
2025-04-01,3634.85,3841.4,3581.55,3634.85,3755.1,3789.2,3993.0,2189.2,641,2401956.0
2025-04-02,3750.05,3769.8,3700.0,3789.2,3700.0,3706.7,3993.0,2189.2,513,1910155.0
2025-04-03,3611.0,3864.95,3611.0,3706.7,3814.95,3814.2,3993.0,2189.2,1769,6702106.65
2025-04-04,3781.0,3814.95,3650.0,3814.2,3700.0,3687.65,3993.0,2189.2,619,2301450.0
2025-04-07,3421.0,3820.0,3333.0,3687.65,3700.0,3707.25,3993.0,2189.2,4101,15198216.9
2025-04-08,3755.3,3799.0,3720.0,3707.25,3720.05,3745.6,3993.0,2189.2,210,790222.85
2025-04-09,3730.6,3749.0,3699.9,3745.6,3726.4,3726.95,3993.0,2189.2,424,1572338.9
2025-04-11,3760.0,3760.0,3700.0,3726.95,3724.0,3709.9,3993.0,2189.2,378,1405199.6
2025-04-15,3700.1,3897.0,3700.0,3709.9,3880.0,3853.1,3993.0,2189.2,1032,3925139.2
2025-04-16,3900.0,3900.0,3775.0,3853.1,3775.0,3799.5,3993.0,2189.2,700,2668227.5
2025-04-17,3814.0,3814.0,3706.0,3799.5,3706.0,3742.5,3993.0,2189.2,215,808254.3
2025-04-21,3701.3,3889.6,3700.0,3742.5,3829.0,3788.6,3993.0,2189.2,1877,7026999.5
2025-04-22,3748.2,3840.5,3729.2,3788.6,3803.8,3802.9,3993.0,2189.2,438,1669270.7
2025-04-23,3848.4,3897.0,3816.1,3802.9,3887.0,3879.8,3993.0,2189.2,1535,5943015.3
2025-04-24,3915.0,4211.0,3879.8,3879.8,4139.0,4135.8,4211.0,2189.2,9668,39334399.6
2025-04-25,4175.0,4209.1,4024.8,4135.8,4150.0,4109.8,4211.0,2189.2,3798,15662520.1
2025-04-28,4109.8,4140.0,4054.1,4109.8,4100.2,4101.9,4211.0,2189.2,1717,7045106.2
2025-04-29,4120.6,4250.0,4118.2,4101.9,4120.1,4125.2,4250.0,2189.2,1164,4843236.5
2025-04-30,4133.0,4171.9,3950.1,4125.2,4130.0,4107.7,4250.0,2189.2,17011,69232496.8
2025-05-02,4159.9,4400.0,4100.0,4107.7,4100.0,4115.7,4400.0,2189.2,4758,20087613.3
2025-05-05,4115.7,4167.1,4110.0,4115.7,4140.0,4146.3,4400.0,2189.2,1076,4445804.7
2025-05-06,4153.9,4159.7,4001.3,4146.3,4002.5,4060.8,4400.0,2189.2,1478,6035711.8
2025-05-07,3999.9,4130.0,3880.1,4060.8,3900.1,3907.4,4400.0,2189.2,1735,6871113.8
2025-05-08,3907.4,4064.5,3907.4,3907.4,4000.0,4000.7,4400.0,2189.2,1304,5217749.5
2025-05-09,3994.1,4150.0,3900.0,4000.7,4000.0,3908.0,4400.0,2189.2,12121,49486895.2
2025-05-12,3906.1,4025.0,3900.0,3908.0,3961.1,3968.0,4400.0,2189.2,1612,6357505.0
2025-05-13,3972.7,4100.0,3929.8,3968.0,4100.0,4096.7,4400.0,2189.2,1895,7684324.3
2025-05-14,4100.0,4143.9,3971.0,4096.7,3971.0,4015.4,4400.0,2189.2,2231,9035844.5
2025-05-15,4030.0,4319.9,4015.4,4015.4,4310.0,4292.9,4400.0,2189.2,3016,12751410.8
2025-05-16,4292.0,4444.0,4251.0,4292.9,4325.0,4303.1,4444.0,2189.2,2306,10030119.1
2025-05-19,4367.6,4403.9,4210.9,4303.1,4360.0,4299.1,4444.0,2189.2,1611,6919339.1
2025-05-20,4356.0,4390.0,4275.2,4299.1,4330.0,4310.8,4444.0,2189.2,1265,5486770.8
2025-05-21,4351.7,4373.8,4236.4,4310.8,4310.0,4290.7,4444.0,2189.2,906,3901292.3
2025-05-22,4259.3,4347.0,4246.1,4290.7,4328.1,4321.7,4444.0,2189.2,629,2706487.6
2025-05-23,4350.0,4350.0,4273.3,4321.7,4312.1,4307.8,4444.0,2189.2,643,2773871.6
2025-05-26,4307.8,4345.9,4252.1,4307.8,4276.1,4268.9,4444.0,2189.2,616,2644786.5
2025-05-27,4276.0,4319.9,4215.6,4268.9,4274.9,4264.0,4444.0,2189.2,737,3146503.2
2025-05-28,4262.7,4350.0,4191.9,4264.0,4259.0,4257.6,4444.0,2189.2,980,4177977.7
2025-05-29,4316.0,4350.0,4211.0,4257.6,4226.0,4258.0,4444.0,2189.2,424,1813237.6
2025-05-30,4254.4,4289.6,4140.0,4258.0,4140.0,4189.1,4444.0,2189.2,505,2139349.9
2025-06-02,4172.0,4201.2,4025.1,4189.1,4025.1,4050.7,4444.0,2189.2,1438,5879194.7
2025-06-03,4104.0,4132.5,3900.0,4050.7,3905.0,3942.9,4444.0,2189.2,1541,6148361.2
2025-06-04,3905.0,4031.9,3900.0,3942.9,3901.4,3915.2,4444.0,2189.2,2366,9338694.8
2025-06-05,3954.4,4000.0,3900.0,3915.2,3900.1,3905.6,4444.0,2189.2,5420,21193114.2
2025-06-06,3950.0,3975.8,3925.1,3905.6,3950.0,3944.4,4444.0,2189.2,719,2843132.4
2025-06-09,3989.8,4056.0,3966.5,3944.4,4005.6,4000.3,4444.0,2304.0,10093,40418904.0
2025-06-10,4041.6,4173.9,3964.2,4000.3,4073.0,4087.7,4444.0,2304.0,3613,14732419.6
2025-06-11,4141.5,4141.5,4016.1,4087.7,4050.0,4056.2,4444.0,2304.0,9022,36580122.2
2025-06-12,4096.8,4100.0,3900.0,4056.2,3900.1,3913.0,4444.0,2304.0,4197,16826848.2
2025-06-13,3889.9,3964.5,3889.9,3913.0,3900.0,3902.4,4444.0,2304.0,1647,6445174.9
