date,open,high,low,prev. close,ltp,close,52w h,52w l,volume,value
2015-01-01,13.54,13.54,13.52,13.5,13.54,13.54,13.54,13.52,150286,2033367.34
2015-01-02,13.46,13.54,13.46,13.54,13.49,13.49,13.54,13.46,122137,1647054.61
2015-01-05,13.54,13.54,13.49,13.49,13.49,13.49,13.54,13.46,1001,13503.54
2015-01-06,13.55,13.55,13.53,13.49,13.53,13.53,13.55,13.46,40,541.6
2015-01-07,13.49,13.5,13.49,13.53,13.49,13.49,13.55,13.46,200101,2699362.5
2015-01-08,13.52,13.55,13.5,13.49,13.55,13.55,13.55,13.46,217893,2941775.95
2015-01-09,13.55,13.55,13.54,13.55,13.54,13.54,13.55,13.46,1037,14046.15
2015-01-12,13.55,13.59,13.49,13.54,13.49,13.5,13.59,13.46,540155,7304458.08
2015-01-13,13.54,13.55,13.49,13.5,13.55,13.55,13.59,13.46,305501,4139483.49
2015-01-14,13.6,13.6,13.5,13.55,13.51,13.51,13.6,13.46,250300,3380088.05
2015-01-15,13.89,13.89,13.55,13.51,13.55,13.58,13.89,13.46,576200,7830150.6
2015-01-16,13.6,13.6,13.55,13.58,13.6,13.6,13.89,13.46,151137,2053066.01
2015-01-19,13.69,13.69,13.55,13.6,13.55,13.55,13.89,13.46,83775,1135262.35
2015-01-20,13.67,13.7,13.65,13.55,13.7,13.7,13.89,13.46,8904,121627.88
2015-01-21,13.68,13.72,13.65,13.7,13.72,13.72,13.89,13.46,11020,151138.0
2015-01-22,13.75,13.76,13.75,13.72,13.76,13.76,13.89,13.46,20000,275188.36
2015-01-23,13.7,13.7,13.7,13.76,13.7,13.7,13.89,13.46,50500,691850.0
2015-01-27,13.75,13.75,13.75,13.7,13.75,13.75,13.89,13.46,2072,28490.0
2015-01-28,13.75,13.76,13.7,13.75,13.76,13.76,13.89,13.46,6529,89739.75
2015-01-29,13.76,13.76,13.75,13.76,13.76,13.76,13.89,13.46,17063,234786.68
2015-02-02,13.75,13.75,13.7,13.76,13.7,13.7,13.89,13.46,130001,1781945.2
2015-02-03,13.75,13.78,13.75,13.7,13.75,13.76,13.89,13.46,15,206.4
2015-02-04,13.8,13.8,13.78,13.76,13.78,13.78,13.89,13.46,1279,17630.2
2015-02-05,13.79,13.79,13.77,13.78,13.77,13.77,13.89,13.46,164,2258.66
2015-02-06,13.75,13.79,13.69,13.77,13.75,13.71,13.89,13.46,70994,973823.73
2015-02-09,13.8,13.8,13.8,13.71,13.8,13.8,13.89,13.46,191,2635.8
2015-02-10,13.8,13.8,13.71,13.8,13.71,13.71,13.89,13.46,81163,1116048.5
2015-02-11,13.8,13.8,13.8,13.71,13.8,13.8,13.89,13.46,1231,16987.8
2015-02-12,13.81,13.81,13.8,13.8,13.8,13.8,13.89,13.46,168,2320.07
2015-02-13,13.82,13.82,13.82,13.8,13.82,13.82,13.89,13.46,144,1990.08
2015-02-16,13.82,13.82,13.82,13.82,13.82,13.82,13.89,13.46,151,2086.82
2015-02-18,13.83,13.83,13.76,13.82,13.76,13.76,13.89,13.46,1418,19580.87
2015-02-19,13.83,13.83,13.78,13.76,13.78,13.78,13.89,13.46,21745,299653.35
2015-02-20,13.84,13.84,13.84,13.78,13.84,13.84,13.89,13.46,1145,15846.8
2015-02-23,13.85,13.86,13.85,13.84,13.86,13.86,13.89,13.46,344,4765.4
2015-02-24,13.85,13.85,13.85,13.86,13.85,13.85,13.89,13.46,444,6149.4
2015-02-25,13.87,13.87,13.87,13.85,13.87,13.87,13.89,13.46,146,2025.02
2015-02-26,13.75,13.87,13.75,13.87,13.87,13.87,13.89,13.46,426,5882.22
2015-02-27,13.86,13.86,13.86,13.87,13.86,13.86,13.89,13.46,144,1995.84
2015-02-28,13.86,13.86,13.86,13.86,13.86,13.86,13.89,13.46,154,2134.44
2015-03-02,13.75,13.86,13.75,13.86,13.84,13.84,13.89,13.46,283,3918.96
2015-03-03,13.84,13.84,13.84,13.84,13.84,13.84,13.89,13.46,144,1992.96
2015-03-04,13.92,13.92,13.92,13.84,13.92,13.92,13.92,13.46,466,6486.72
2015-03-05,13.92,13.92,13.89,13.92,13.9,13.9,13.92,13.46,352,4892.89
2015-03-09,13.9,13.9,13.9,13.9,13.9,13.9,13.92,13.46,478,6644.2
2015-03-10,13.89,13.89,13.89,13.9,13.89,13.89,13.92,13.46,144,2000.16
2015-03-11,13.88,13.88,13.73,13.89,13.73,13.73,13.92,13.46,15169,208345.72
2015-03-12,13.74,13.87,13.74,13.73,13.87,13.87,13.92,13.46,647,8963.76
2015-03-13,13.88,13.88,13.73,13.87,13.86,13.84,13.92,13.46,1814,25116.74
2015-03-16,13.7,13.82,13.7,13.84,13.7,13.7,13.92,13.46,1345,18443.9
2015-03-17,13.84,13.86,13.7,13.7,13.7,13.78,13.92,13.46,346,4776.66
2015-03-18,13.86,13.86,13.71,13.78,13.71,13.71,13.92,13.46,6058,83167.88
2015-03-19,13.85,13.85,13.85,13.71,13.85,13.85,13.92,13.46,169,2340.65
2015-03-20,13.88,13.88,13.7,13.85,13.77,13.77,13.92,13.46,12105,166905.93
2015-03-23,13.89,13.89,13.89,13.77,13.89,13.89,13.92,13.46,345,4792.05
2015-03-24,13.89,13.89,13.89,13.89,13.89,13.89,13.92,13.46,143,1986.27
2015-03-25,13.88,13.88,13.85,13.89,13.85,13.85,13.92,13.46,153,2123.34
2015-03-26,13.87,13.87,13.74,13.85,13.74,13.74,13.92,13.46,27344,375821.28
2015-03-27,13.87,13.87,13.75,13.74,13.75,13.75,13.92,13.46,19166,263942.74
2015-03-30,13.89,13.89,13.89,13.75,13.89,13.89,13.92,13.46,278,3861.42
2015-03-31,13.75,13.88,13.75,13.89,13.88,13.88,13.92,13.46,1057,14632.16
2015-04-01,13.9,13.9,13.78,13.88,13.78,13.78,13.92,13.46,1415,19548.5
2015-04-06,13.9,13.9,13.9,13.78,13.9,13.9,13.92,13.46,1095,15220.5
2015-04-07,13.96,13.96,13.94,13.9,13.94,13.94,13.96,13.46,479,6680.82
2015-04-08,13.93,13.93,13.91,13.94,13.91,13.91,13.96,13.46,343,4773.99
2015-04-09,13.9,13.92,13.9,13.91,13.9,13.9,13.96,13.46,4515,62783.8
2015-04-10,13.92,13.92,13.82,13.9,13.92,13.92,13.96,13.46,363,5050.96
2015-04-13,13.92,13.92,13.83,13.92,13.92,13.92,13.96,13.46,1898,26411.16
2015-04-15,13.93,13.93,13.86,13.92,13.89,13.89,13.96,13.46,570,7934.01
2015-04-16,13.85,13.94,13.82,13.89,13.82,13.82,13.96,13.46,10496,145378.84
2015-04-17,13.81,13.92,13.81,13.82,13.9,13.91,13.96,13.46,1663,23117.56
2015-04-20,13.92,13.93,13.82,13.91,13.82,13.82,13.96,13.46,646,8942.35
2015-04-21,13.93,13.93,13.93,13.82,13.93,13.93,13.96,13.46,354,4931.22
2015-04-22,13.93,13.95,13.82,13.93,13.95,13.95,13.96,13.46,172,2395.87
2015-04-23,13.95,13.95,13.95,13.95,13.95,13.95,13.96,13.46,145,2022.75
2015-04-24,13.95,13.95,13.84,13.95,13.84,13.84,13.96,13.46,1043,14450.85
2015-04-27,13.95,13.95,13.95,13.84,13.95,13.95,13.96,13.46,287,4003.65
2015-04-28,13.84,13.95,13.84,13.95,13.95,13.95,13.96,13.46,18,249.45
2015-04-29,13.96,13.96,13.85,13.95,13.96,13.96,13.96,13.46,387,5393.72
2015-04-30,13.94,13.94,13.94,13.96,13.94,13.94,13.96,13.46,200,2788.0
2015-05-04,13.82,13.83,13.81,13.94,13.81,13.81,13.96,13.46,1273,17586.13
2015-05-05,13.8,13.8,13.8,13.81,13.8,13.8,13.96,13.46,1,13.8
2015-05-06,13.91,13.91,13.9,13.8,13.91,13.91,13.96,13.46,136,1891.57
2015-05-07,13.78,13.87,13.78,13.91,13.87,13.87,13.96,13.46,786,10865.82
2015-05-08,13.84,13.84,13.84,13.87,13.84,13.84,13.96,13.46,396,5480.64
2015-05-11,13.81,13.86,13.81,13.84,13.86,13.86,13.96,13.46,60,831.1
2015-05-12,13.85,13.85,13.85,13.86,13.85,13.85,13.96,13.46,36,498.6
2015-05-14,13.87,13.87,13.82,13.87,13.82,13.82,13.96,13.46,241,3330.67
2015-05-15,13.84,13.84,13.84,13.82,13.84,13.84,13.96,13.46,1349,18670.16
2015-05-18,13.84,13.87,13.84,13.84,13.87,13.87,13.96,13.46,1061,14701.07
2015-05-20,13.79,13.94,13.79,13.87,13.94,13.94,13.96,13.46,1475,20413.15
2015-05-21,13.92,13.92,13.92,13.94,13.92,13.92,13.96,13.46,50,696.0
2015-05-25,13.92,13.92,13.92,13.92,13.92,13.92,13.96,13.46,35,487.2
2015-05-26,13.93,13.93,13.93,13.92,13.93,13.93,13.96,13.46,10,139.3
2015-05-27,13.92,13.92,13.92,13.93,13.92,13.92,13.96,13.46,383,5331.36
2015-05-29,13.95,13.95,13.95,13.92,13.95,13.95,13.96,13.46,1,13.95
2015-06-01,13.88,13.98,13.88,13.95,13.98,13.98,13.98,13.46,4452,61802.46
2015-06-02,13.87,13.97,13.87,13.98,13.97,13.97,13.98,13.46,146,2030.02
2015-06-03,13.86,13.86,13.86,13.97,13.86,13.86,13.98,13.46,290,4019.4
2015-06-04,13.76,13.85,13.76,13.86,13.85,13.8,13.98,13.46,3025,41666.25
2015-06-08,13.84,13.84,13.84,13.8,13.84,13.84,13.98,13.46,823,11390.32
2015-06-09,13.84,13.84,13.84,13.84,13.84,13.84,13.98,13.46,110,1522.4
2015-06-10,13.87,13.87,13.87,13.84,13.87,13.87,13.98,13.46,272,3772.64
2015-06-11,13.84,13.84,13.84,13.87,13.84,13.84,13.98,13.46,58,802.72
2015-06-15,13.78,13.78,13.78,13.84,13.78,13.78,13.98,13.46,72,992.16
2015-06-16,13.79,13.79,13.73,13.78,13.78,13.78,13.98,13.46,102,1406.51
2015-06-17,13.78,13.78,13.78,13.78,13.78,13.78,13.98,13.46,50,689.0
2015-06-18,13.85,13.9,13.85,13.78,13.9,13.9,13.98,13.46,800366,11125077.08
2015-06-19,13.9,13.9,13.9,13.9,13.9,13.9,13.98,13.46,362,5031.8
2015-06-22,14.0,14.0,13.86,13.9,13.86,13.86,14.0,13.46,206,2876.89
2015-06-24,13.92,13.92,13.92,13.86,13.92,13.92,14.0,13.46,272,3786.24
2015-06-26,13.89,13.89,13.89,13.92,13.89,13.89,14.0,13.46,2210,30696.9
2015-06-29,13.85,13.85,13.85,13.89,13.85,13.85,14.0,13.46,5,69.25
2015-06-30,13.86,13.86,13.86,13.85,13.86,13.86,14.0,13.46,100,1386.0
2015-07-01,13.87,13.87,13.87,13.86,13.87,13.87,14.0,13.46,105,1456.35
2015-07-02,13.9,13.9,13.8,13.87,13.8,13.8,14.0,13.46,350,4835.0
2015-07-03,13.92,13.92,13.92,13.8,13.92,13.92,14.0,13.46,100,1392.0
2015-07-06,13.92,13.92,13.92,13.92,13.92,13.92,14.0,13.46,71,988.32
2015-07-07,13.85,13.98,13.85,13.92,13.87,13.87,14.0,13.46,298,4132.78
2015-07-08,13.95,13.95,13.84,13.87,13.84,13.84,14.0,13.46,472,6562.4
2015-07-09,13.95,13.95,13.95,13.84,13.95,13.95,14.0,13.46,100,1395.0
2015-07-13,13.94,13.94,13.94,13.95,13.94,13.94,14.0,13.46,106,1477.64
2015-07-14,13.89,13.89,13.88,13.94,13.88,13.88,14.0,13.46,10125,140635.0
2015-07-15,13.87,13.91,13.87,13.88,13.91,13.91,14.0,13.46,23,319.81
2015-07-17,13.93,13.93,13.85,13.91,13.85,13.85,14.0,13.46,150,2081.5
2015-07-20,13.94,13.94,13.94,13.85,13.94,13.94,14.0,13.46,815,11361.1
2015-07-21,13.93,13.93,13.93,13.94,13.93,13.93,14.0,13.46,10,139.3
2015-07-22,13.92,13.92,13.92,13.93,13.92,13.92,14.0,13.46,341,4746.72
2015-07-27,13.95,13.95,13.95,13.92,13.95,13.95,14.0,13.46,106,1478.7
2015-07-28,13.95,13.95,13.86,13.95,13.88,13.88,14.0,13.46,947,13165.63
2015-07-29,13.9,13.95,13.9,13.88,13.95,13.95,14.0,13.46,442,6150.9
2015-07-30,13.95,14.0,13.89,13.95,14.0,14.0,14.0,13.46,101250,1412472.5
2015-07-31,13.89,14.0,13.89,14.0,14.0,14.0,14.0,13.46,36,503.89
2015-08-03,14.03,14.04,14.03,14.0,14.04,14.04,14.04,13.46,621,8714.84
2015-08-04,14.04,14.04,14.04,14.04,14.04,14.04,14.04,13.46,1200,16848.0
2015-08-06,14.0,14.0,14.0,14.0,14.0,14.0,14.04,13.46,1653,23142.0
2015-08-07,13.99,13.99,13.99,14.0,13.99,13.99,14.04,13.46,85,1189.15
2015-08-10,14.02,14.04,14.02,13.99,14.04,14.04,14.04,13.46,1406,19713.12
2015-08-11,13.95,13.95,13.95,14.04,13.95,13.95,14.04,13.46,50,697.5
2015-08-13,13.93,14.05,13.93,13.95,14.05,14.05,14.05,13.46,1045,14676.25
2015-08-14,14.09,14.1,13.98,14.05,14.1,14.1,14.1,13.46,756,10595.65
2015-08-17,14.1,14.1,14.1,14.1,14.1,14.1,14.1,13.46,233,3285.3
2015-08-18,14.1,14.1,14.1,14.1,14.1,14.1,14.1,13.46,354,4991.4
2015-08-19,14.1,14.13,14.0,14.1,14.13,14.13,14.13,13.46,727,10250.42
2015-08-24,14.11,14.11,13.96,14.13,14.1,14.1,14.13,13.46,578,8089.8
2015-08-25,14.2,14.2,14.09,14.1,14.09,14.09,14.2,13.46,1858,26379.75
2015-08-26,14.09,14.09,14.09,14.09,14.09,14.09,14.2,13.46,1500,21135.0
2015-08-31,14.14,14.14,14.01,14.09,14.01,14.01,14.2,13.46,1120,15706.8
2015-09-01,14.15,14.15,14.15,14.01,14.15,14.15,14.2,13.46,500,7075.0
2015-09-02,14.16,14.16,14.13,14.15,14.16,14.16,14.2,13.46,32000,452520.0
2015-09-03,14.17,14.17,14.17,14.16,14.17,14.17,14.2,13.46,105,1487.85
2015-09-04,14.18,14.18,14.18,14.17,14.18,14.18,14.2,13.46,156,2212.08
2015-09-07,14.17,14.17,14.17,14.18,14.17,14.17,14.2,13.46,510,7226.7
2015-09-08,14.15,14.16,14.15,14.17,14.16,14.16,14.2,13.46,1605,22711.75
2015-09-09,14.15,14.18,14.15,14.16,14.18,14.18,14.2,13.46,35,496.0
2015-09-14,14.15,14.2,14.15,14.18,14.15,14.17,14.2,13.46,605,8569.83
2015-09-15,14.21,14.21,14.2,14.17,14.2,14.2,14.21,13.46,69100,981260.5
2015-09-16,14.21,14.21,14.21,14.2,14.21,14.21,14.21,13.46,365,5186.65
2015-09-18,14.25,14.25,14.17,14.21,14.17,14.17,14.25,13.46,8061,114252.45
2015-09-21,14.27,14.27,14.27,14.17,14.27,14.27,14.27,13.46,476,6792.52
2015-09-22,14.21,14.21,14.21,14.27,14.21,14.21,14.27,13.46,45,639.45
2015-09-23,14.26,14.26,14.26,14.21,14.26,14.26,14.27,13.46,210,2994.6
2015-09-24,16.45,16.45,14.25,14.26,14.28,14.28,16.45,13.46,14401,205554.48
2015-09-28,14.32,14.32,14.32,14.28,14.32,14.32,16.45,13.46,470,6730.4
2015-09-29,14.33,14.39,14.33,14.32,14.39,14.39,16.45,13.46,6573,94413.2
2015-09-30,14.39,14.45,14.37,14.39,14.45,14.45,16.45,13.46,488,7027.02
2015-10-01,14.45,14.45,14.37,14.45,14.37,14.37,16.45,13.46,5335,76935.7
2015-10-05,14.45,14.5,14.41,14.37,14.41,14.41,16.45,13.46,798,11525.0
2015-10-07,14.41,14.47,14.41,14.41,14.47,14.47,16.45,13.46,134,1932.98
2015-10-08,14.46,14.46,14.46,14.47,14.46,14.46,16.45,13.46,25,361.5
2015-10-09,14.47,14.47,14.47,14.46,14.47,14.47,16.45,13.46,34,491.98
2015-10-12,14.48,14.48,14.48,14.47,14.48,14.48,16.45,13.46,103,1491.44
2015-10-13,14.38,14.45,14.38,14.48,14.45,14.45,16.45,13.46,885,12731.2
2015-10-14,14.47,14.48,14.47,14.45,14.48,14.48,16.45,13.46,399,5777.42
2015-10-15,14.48,14.48,14.48,14.48,14.48,14.48,16.45,13.46,750,10860.0
2015-10-16,14.48,14.48,14.48,14.48,14.48,14.48,16.45,13.46,100,1448.0
2015-10-19,14.5,14.5,14.41,14.48,14.48,14.48,16.45,13.46,9924,143484.52
2015-10-20,14.42,14.42,14.42,14.48,14.42,14.42,16.45,13.46,5,72.1
2015-10-21,14.48,14.48,14.48,14.42,14.48,14.48,16.45,13.46,69,999.12
2015-10-23,14.5,14.5,14.48,14.48,14.48,14.48,16.45,13.46,917,13293.82
2015-10-26,14.49,14.49,14.49,14.48,14.49,14.49,16.45,13.46,137,1985.13
2015-10-27,14.49,14.49,14.4,14.49,14.4,14.4,16.45,13.46,64,924.66
2015-10-28,14.45,14.45,14.45,14.4,14.45,14.45,16.45,13.46,263,3800.35
2015-10-29,14.41,14.47,14.41,14.45,14.47,14.47,16.45,13.46,136,1960.84
2015-10-30,14.47,14.47,14.47,14.47,14.47,14.47,16.45,13.46,50,723.5
2015-11-02,14.47,14.47,14.47,14.47,14.47,14.47,16.45,13.46,70,1012.9
2015-11-03,14.5,14.5,14.48,14.47,14.48,14.48,16.45,13.46,445,6444.3
2015-11-05,14.47,14.47,14.47,14.48,14.47,14.47,16.45,13.46,1000,14470.0
2015-11-09,14.45,14.45,14.37,14.47,14.37,14.41,16.45,13.46,520,7500.34
2015-11-10,14.43,14.43,14.43,14.41,14.43,14.43,16.45,13.46,24,346.32
2015-11-13,14.45,14.45,14.44,14.43,14.44,14.44,16.45,13.46,1368,19754.61
2015-11-16,14.48,14.48,14.48,14.44,14.48,14.48,16.45,13.46,270,3909.6
2015-11-17,14.49,14.49,14.48,14.48,14.48,14.48,16.45,13.46,110,1592.9
2015-11-18,14.48,14.48,14.48,14.48,14.48,14.48,16.45,13.46,345,4995.6
2015-11-19,14.49,14.49,14.49,14.48,14.49,14.49,16.45,13.46,67,970.83
2015-11-23,14.45,14.45,14.45,14.49,14.45,14.45,16.45,13.46,138,1994.1
2015-11-24,14.48,14.48,14.41,14.45,14.42,14.42,16.45,13.46,247,3560.2
2015-11-26,14.46,14.46,14.46,14.42,14.46,14.46,16.45,13.46,295,4265.7
2015-11-27,14.4,14.4,14.4,14.46,14.4,14.4,16.45,13.46,100,1440.0
2015-11-30,14.43,14.43,14.43,14.4,14.43,14.43,16.45,13.46,125,1803.75
2015-12-02,14.45,14.49,14.37,14.43,14.49,14.49,16.45,13.46,725,10460.05
2015-12-03,14.47,14.47,14.47,14.49,14.47,14.47,16.45,13.46,70,1012.9
2015-12-04,14.51,14.51,14.45,14.47,14.45,14.45,16.45,13.46,100,1448.0
2015-12-07,14.41,14.47,14.41,14.45,14.47,14.47,16.45,13.46,1993,28727.65
2015-12-08,14.51,14.51,14.45,14.47,14.45,14.45,16.45,13.46,534,7718.34
2015-12-09,14.44,14.44,14.44,14.45,14.44,14.44,16.45,13.46,261,3768.84
2015-12-11,14.44,14.44,14.44,14.44,14.44,14.44,16.45,13.46,34,490.96
2015-12-14,14.45,14.46,14.4,14.44,14.4,14.4,16.45,13.46,2795,40315.32
2015-12-15,14.44,14.44,14.44,14.4,14.44,14.44,16.45,13.46,50,722.0
2015-12-16,14.47,14.49,14.47,14.44,14.49,14.49,16.45,13.46,60,868.4
2015-12-17,14.47,14.5,14.47,14.49,14.5,14.5,16.45,13.46,150,2172.0
2015-12-18,14.52,14.52,14.52,14.5,14.52,14.52,16.45,13.46,494,7172.88
2015-12-21,14.53,14.53,14.48,14.52,14.48,14.48,16.45,13.46,21426,310319.78
2015-12-22,14.52,14.52,14.52,14.48,14.52,14.52,16.45,13.46,84,1219.68
2015-12-23,15.0,15.0,14.42,14.52,14.48,14.48,16.45,13.46,444,6558.32
2015-12-24,14.49,14.49,14.49,14.48,14.49,14.49,16.45,13.46,160,2318.4
2015-12-28,14.51,14.51,14.51,14.49,14.51,14.51,16.45,13.46,152,2205.52
2015-12-29,14.52,14.52,14.46,14.51,14.46,14.46,16.45,13.46,456,6612.12
2015-12-30,14.45,14.45,14.45,14.46,14.45,14.45,16.45,13.46,51,736.95
2015-12-31,14.52,14.52,14.46,14.45,14.46,14.46,16.45,13.46,4094,59213.84
2016-01-01,14.53,14.53,14.53,14.46,14.53,14.53,16.45,13.46,50,726.5
2016-01-04,14.55,14.55,14.55,14.53,14.55,14.55,16.45,13.49,120,1746.0
2016-01-05,14.56,14.56,14.56,14.55,14.56,14.56,16.45,13.49,50,728.0
2016-01-06,14.57,14.57,14.5,14.56,14.5,14.5,16.45,13.49,690,10029.06
2016-01-07,14.58,14.58,14.51,14.5,14.51,14.51,16.45,13.49,85,1239.23
2016-01-08,14.53,14.59,14.53,14.51,14.59,14.59,16.45,13.49,150,2182.5
2016-01-11,12.4,14.6,12.4,14.59,14.6,14.6,16.45,12.4,230,3336.0
2016-01-12,14.52,14.59,14.52,14.6,14.59,14.59,16.45,12.4,1888,27498.32
2016-01-13,14.5,14.58,14.5,14.59,14.51,14.51,16.45,12.4,2070,30033.3
2016-01-14,14.56,14.56,14.48,14.51,14.48,14.48,16.45,12.4,4238,61465.28
2016-01-15,14.55,14.55,14.55,14.48,14.55,14.55,16.45,12.4,156,2269.8
2016-01-18,14.58,14.58,14.52,14.55,14.52,14.52,16.45,12.4,1111,16156.38
2016-01-19,14.48,14.55,14.48,14.52,14.55,14.55,16.45,12.4,141,2044.55
2016-01-20,14.58,14.58,14.58,14.55,14.58,14.58,16.45,12.4,260,3790.8
2016-01-21,14.61,14.63,14.61,14.58,14.63,14.63,16.45,12.4,36,525.98
2016-01-22,14.65,14.65,14.65,14.63,14.65,14.65,16.45,12.4,35,512.75
2016-01-25,14.67,14.67,14.61,14.65,14.61,14.61,16.45,12.4,303,4433.01
2016-01-27,14.64,14.67,14.6,14.61,14.67,14.67,16.45,12.4,101,1478.14
2016-01-28,14.6,14.6,14.6,14.67,14.6,14.6,16.45,12.4,151,2204.6
2016-01-29,14.6,14.6,14.54,14.6,14.54,14.54,16.45,12.4,168,2444.52
2016-02-01,14.62,14.63,14.62,14.54,14.63,14.63,16.45,12.4,117,1711.03
2016-02-02,14.57,14.63,14.57,14.63,14.63,14.63,16.45,12.4,56,816.28
2016-02-03,14.63,14.63,14.54,14.63,14.54,14.54,16.45,12.4,1479,21527.97
2016-02-04,14.55,14.55,14.48,14.54,14.48,14.48,16.45,12.4,3,43.51
2016-02-05,14.57,14.57,14.57,14.48,14.57,14.57,16.45,12.4,35,509.95
2016-02-08,14.6,14.6,14.6,14.57,14.6,14.6,16.45,12.4,2113,30849.8
2016-02-09,14.62,14.62,14.55,14.6,14.55,14.55,16.45,12.4,61,888.22
2016-02-10,14.6,14.6,14.6,14.55,14.6,14.6,16.45,12.4,6845,99937.0
2016-02-11,14.55,14.62,14.55,14.6,14.62,14.62,16.45,12.4,4,58.27
2016-02-12,14.6,14.6,14.59,14.62,14.59,14.59,16.45,12.4,1279,18671.4
2016-02-15,14.59,14.59,14.59,14.59,14.59,14.59,16.45,12.4,206,3005.54
2016-02-17,14.48,14.56,14.47,14.59,14.47,14.47,16.45,12.4,19989,289332.15
2016-02-18,14.52,14.52,14.45,14.47,14.45,14.45,16.45,12.4,952,13802.04
2016-02-22,14.46,14.53,14.46,14.45,14.53,14.53,16.45,12.4,150,2179.08
2016-02-24,14.5,14.5,14.5,14.53,14.5,14.5,16.45,12.4,701,10164.5
2016-02-25,14.49,14.49,14.49,14.5,14.49,14.49,16.45,12.4,34,492.66
2016-02-26,14.52,14.52,14.39,14.49,14.39,14.39,16.45,12.4,12449,179829.38
2016-02-29,14.45,14.59,14.45,14.39,14.59,14.59,16.45,12.4,1217,17733.51
2016-03-01,14.66,14.66,14.66,14.59,14.66,14.66,16.45,12.4,10,146.6
2016-03-02,14.69,14.7,14.69,14.66,14.7,14.7,16.45,12.4,1357,19945.33
2016-03-04,14.69,14.69,14.69,14.7,14.69,14.69,16.45,12.4,586,8608.34
2016-03-08,14.69,14.73,14.69,14.69,14.73,14.73,16.45,12.4,118,1736.78
2016-03-09,14.75,14.75,14.67,14.73,14.67,14.67,16.45,12.4,60,883.8
2016-03-11,14.75,14.75,14.6,14.67,14.6,14.6,16.45,12.4,480,7079.4
2016-03-14,14.75,14.75,14.75,14.6,14.75,14.75,16.45,12.4,1221,18009.75
2016-03-16,14.79,14.79,14.65,14.75,14.65,14.65,16.45,12.4,1332,19549.64
2016-03-17,14.79,14.79,14.64,14.65,14.64,14.64,16.45,12.4,20,293.55
2016-03-18,14.74,14.85,14.74,14.64,14.85,14.85,16.45,12.4,449,6643.55
2016-03-21,14.89,14.92,14.89,14.85,14.92,14.92,16.45,12.4,55,820.45
2016-03-22,14.93,14.93,14.75,14.92,14.75,14.75,16.45,12.4,4024,60053.84
2016-03-23,14.75,14.85,14.75,14.75,14.85,14.85,16.45,12.4,2470,36632.5
2016-03-28,14.94,14.95,14.94,14.85,14.95,14.95,16.45,12.4,113,1689.3
2016-03-29,14.95,14.95,14.82,14.95,14.82,14.82,16.45,12.4,17712,262928.74
2016-03-30,15.6,15.6,14.6,14.82,14.8,14.8,16.45,12.4,1364,20223.0
2016-03-31,15.05,15.05,14.64,14.8,14.9,14.9,16.45,12.4,710,10567.45
2016-04-01,15.6,15.6,15.03,14.9,15.03,15.03,16.45,12.4,137,2061.96
2016-04-04,15.6,15.6,14.92,15.03,15.0,15.0,16.45,12.4,13748,205138.92
2016-04-05,15.0,15.04,14.9,15.0,14.9,14.9,16.45,12.4,566,8442.4
2016-04-06,14.99,14.99,14.99,14.9,14.99,14.99,16.45,12.4,438,6565.62
2016-04-07,15.0,15.0,15.0,14.99,15.0,15.0,16.45,12.4,5,75.0
2016-04-08,14.98,14.98,14.98,15.0,14.98,14.98,16.45,12.4,1017,15234.66
2016-04-11,14.9,15.02,14.9,14.98,15.02,15.02,16.45,12.4,1204,17947.0
2016-04-12,15.04,15.06,14.98,15.02,14.99,14.99,16.45,12.4,1341,20177.06
2016-04-13,15.05,15.05,15.05,14.99,15.05,15.05,16.45,12.4,256,3852.8
2016-04-18,15.04,15.04,15.04,15.05,15.04,15.04,16.45,12.4,569,8557.76
2016-04-20,15.05,15.05,14.98,15.04,14.98,14.98,16.45,12.4,1454,21784.21
2016-04-21,15.05,15.05,15.03,14.98,15.03,15.03,16.45,12.4,38,571.24
2016-04-22,15.03,15.03,14.96,15.03,14.96,14.96,16.45,12.4,2205,33127.15
2016-04-25,15.04,15.04,15.04,14.96,15.04,15.04,16.45,12.4,959,14423.36
2016-04-26,15.04,15.04,15.04,15.04,15.04,15.04,16.45,12.4,495,7444.8
2016-04-27,15.04,15.04,14.96,15.04,14.96,14.96,16.45,12.4,7934,118717.12
2016-04-28,15.05,15.05,14.96,14.96,14.96,14.96,16.45,12.4,1170,17544.15
2016-04-29,15.07,15.07,15.07,14.96,15.07,15.07,16.45,12.4,5,75.35
2016-05-02,15.09,15.09,15.09,15.07,15.09,15.09,16.45,12.4,105,1584.45
2016-05-03,15.09,15.09,15.09,15.09,15.09,15.09,16.45,12.4,1005,15165.45
2016-05-04,15.08,15.08,15.08,15.09,15.08,15.08,16.45,12.4,488,7359.04
2016-05-05,15.1,15.1,15.09,15.08,15.1,15.1,16.45,12.4,389,5872.9
2016-05-06,15.1,15.1,14.99,15.1,15.1,15.1,16.45,12.4,144,2173.74
2016-05-09,15.1,15.1,15.1,15.1,15.1,15.1,16.45,12.4,34,513.4
2016-05-10,15.1,15.1,15.02,15.1,15.1,15.1,16.45,12.4,243,3668.5
2016-05-11,15.1,15.1,15.1,15.1,15.1,15.1,16.45,12.4,255,3850.5
2016-05-12,15.1,15.1,15.1,15.1,15.1,15.1,16.45,12.4,55,830.5
2016-05-13,15.1,15.1,15.1,15.1,15.1,15.1,16.45,12.4,5,75.5
2016-05-16,15.1,15.13,15.09,15.1,15.09,15.09,16.45,12.4,33898,511952.2
2016-05-17,15.5,15.5,15.03,15.09,15.03,15.03,16.45,12.4,105,1580.5
2016-05-18,15.5,15.5,15.5,15.03,15.5,15.5,16.45,12.4,5,77.5
2016-05-19,15.5,15.5,15.11,15.5,15.11,15.11,16.45,12.4,2972,44908.87
2016-05-20,15.25,15.25,15.01,15.11,15.12,15.12,16.45,12.4,716,10826.02
2016-05-23,15.12,15.14,15.12,15.12,15.12,15.13,16.45,12.4,12149,183707.67
2016-05-24,15.14,15.14,15.13,15.13,15.13,15.13,16.45,12.4,55,832.4
2016-05-25,15.14,15.14,15.12,15.13,15.14,15.13,16.45,12.4,111130,1681676.2
2016-05-26,15.14,15.14,15.13,15.13,15.13,15.13,16.45,12.4,1063,16083.24
2016-05-27,15.15,15.18,15.05,15.13,15.06,15.12,16.45,12.4,35477,537717.93
2016-05-30,15.1,15.1,15.1,15.12,15.1,15.1,16.45,12.4,573,8652.3
2016-05-31,15.17,15.17,15.17,15.1,15.17,15.17,16.45,12.4,5,75.85
2016-06-01,15.17,15.17,15.17,15.17,15.17,15.17,16.45,12.4,37,561.29
2016-06-02,15.17,15.17,15.11,15.17,15.11,15.11,16.45,12.4,38,574.72
2016-06-03,15.17,15.17,15.1,15.11,15.1,15.1,16.45,12.4,20,302.7
2016-06-06,15.17,15.17,15.17,15.1,15.17,15.17,16.45,12.4,178,2700.26
2016-06-07,15.18,15.18,15.18,15.17,15.18,15.18,16.45,12.4,405,6147.9
2016-06-08,15.17,15.17,15.17,15.18,15.17,15.17,16.45,12.4,753,11423.01
2016-06-09,15.18,15.18,15.17,15.17,15.17,15.17,16.45,12.4,44,667.82
2016-06-10,16.0,16.02,15.12,15.17,15.12,15.12,16.45,12.4,2817,42729.34
2016-06-13,15.17,15.17,15.12,15.12,15.17,15.17,16.45,12.4,1093,16578.31
2016-06-14,15.18,15.18,15.13,15.17,15.13,15.13,16.45,12.4,12186,184788.48
2016-06-15,15.17,15.17,15.17,15.13,15.17,15.17,16.45,12.4,335,5081.95
2016-06-17,15.19,15.19,15.19,15.17,15.19,15.19,16.45,12.4,5,75.95
2016-06-20,15.18,15.18,15.17,15.19,15.17,15.17,16.45,12.4,86,1304.67
2016-06-21,15.21,15.21,15.21,15.17,15.21,15.21,16.45,12.4,12,182.52
2016-06-22,15.21,15.21,15.2,15.21,15.21,15.21,16.45,12.4,1105,16797.05
2016-06-23,15.23,15.23,15.13,15.21,15.13,15.13,16.45,12.4,3733,56530.79
2016-06-24,15.24,15.24,15.24,15.13,15.24,15.24,16.45,12.4,75,1143.0
2016-06-27,15.25,15.28,15.19,15.24,15.28,15.26,16.45,12.4,33339,508778.06
2016-06-28,15.29,15.29,15.29,15.26,15.29,15.29,16.45,12.4,600,9174.0
2016-06-29,15.29,15.29,15.29,15.29,15.29,15.29,16.45,12.4,20005,305876.45
2016-06-30,15.31,15.31,15.25,15.29,15.31,15.31,16.45,12.4,17717,271098.75
2016-07-01,15.31,15.31,15.3,15.31,15.31,15.31,16.45,12.4,30100,460681.0
2016-07-04,15.27,15.35,15.27,15.31,15.35,15.35,16.45,12.4,743,11357.05
2016-07-05,15.36,15.36,15.3,15.35,15.36,15.36,16.45,12.4,161,2472.84
2016-07-07,15.4,15.4,15.4,15.36,15.4,15.4,16.45,12.4,245,3773.0
2016-07-08,15.42,15.42,15.42,15.4,15.42,15.42,16.45,12.4,52,801.84
2016-07-11,15.42,15.44,15.36,15.42,15.41,15.41,16.45,12.4,12209,188194.33
2016-07-12,15.44,15.53,15.44,15.41,15.53,15.53,16.45,12.4,58915,911966.03
2016-07-13,15.52,15.59,15.52,15.53,15.59,15.59,16.45,12.4,40005,622585.11
2016-07-14,15.61,15.79,15.61,15.59,15.61,15.61,16.45,12.4,100127,1564200.03
2016-07-15,15.54,15.6,15.5,15.61,15.5,15.5,16.45,12.4,51127,795768.5
2016-07-18,15.62,15.62,15.51,15.5,15.51,15.51,16.45,12.4,2582,40047.37
2016-07-19,15.61,15.61,15.61,15.51,15.61,15.61,16.45,12.4,53,827.33
2016-07-20,15.63,15.66,15.57,15.61,15.57,15.57,16.45,12.4,7214,112792.86
2016-07-21,15.6,15.6,15.6,15.57,15.6,15.6,16.45,12.4,28805,449358.0
2016-07-22,15.6,15.6,15.6,15.6,15.6,15.6,16.45,12.4,4000,62400.0
2016-07-25,15.63,15.63,15.63,15.6,15.63,15.63,16.45,12.4,1030,16098.9
2016-07-26,15.57,15.64,15.55,15.63,15.64,15.64,16.45,12.4,95,1482.75
2016-07-27,15.64,15.65,15.61,15.64,15.61,15.61,16.45,12.4,66106,1032458.97
2016-07-28,15.55,15.66,15.55,15.61,15.6,15.6,16.45,12.4,2435,38101.55
2016-07-29,15.76,15.76,15.72,15.6,15.72,15.72,16.45,12.4,305,4794.8
2016-08-01,15.74,15.84,15.72,15.72,15.8,15.8,16.45,12.4,4524,71301.34
2016-08-02,17.5,18.6,15.75,15.8,15.78,15.78,18.6,12.4,13713,216273.2
2016-08-03,15.78,15.78,15.72,15.78,15.75,15.72,18.6,12.4,5721,89966.48
2016-08-04,15.78,15.78,15.64,15.72,15.78,15.78,18.6,12.4,239,3770.02
2016-08-05,15.78,15.8,15.65,15.78,15.8,15.8,18.6,12.4,7335,115892.75
2016-08-08,17.5,18.6,15.67,15.8,15.8,15.8,18.6,12.4,1464,23136.5
2016-08-09,15.8,15.83,15.79,15.8,15.83,15.83,18.6,12.4,4062,64175.1
2016-08-10,15.85,15.9,15.76,15.83,15.9,15.9,18.6,12.4,24384,387077.04
2016-08-11,15.91,16.0,15.91,15.9,16.0,16.0,18.6,12.4,50918,812465.32
2016-08-12,15.98,16.01,15.98,16.0,16.0,16.0,18.6,12.4,38774,620346.36
2016-08-16,16.0,16.0,15.95,16.0,15.95,15.95,18.6,12.4,47731,761319.45
2016-08-17,15.94,15.94,15.9,15.95,15.9,15.9,18.6,12.4,16882,268556.04
2016-08-18,15.97,15.97,15.97,15.9,15.97,15.97,18.6,12.4,997,15922.09
2016-08-19,15.92,15.94,15.92,15.97,15.94,15.94,18.6,12.4,10032,159802.57
2016-08-22,15.89,15.89,15.81,15.94,15.81,15.81,18.6,12.4,1514,23961.46
2016-08-23,15.85,15.85,15.85,15.81,15.85,15.85,18.6,12.4,500,7925.0
2016-08-24,15.88,15.94,15.88,15.85,15.94,15.94,18.6,12.4,28000,445565.0
2016-08-25,16.0,16.0,15.85,15.94,15.98,15.98,18.6,12.4,1103,17598.15
2016-08-26,15.98,15.98,15.98,15.98,15.98,15.98,18.6,12.4,250,3995.0
2016-08-30,16.02,16.02,16.02,15.98,16.02,16.02,18.6,12.4,100,1602.0
2016-08-31,16.02,16.11,16.02,16.02,16.11,16.1,18.6,12.4,10271,165240.67
2016-09-01,16.05,16.09,15.85,16.1,16.08,16.08,18.6,12.4,51985,836359.15
2016-09-02,16.08,16.08,15.96,16.08,16.08,16.07,18.6,12.4,22601,363414.46
2016-09-06,15.99,15.99,15.86,16.07,15.97,15.97,18.6,12.4,29031,463575.17
2016-09-07,15.97,16.12,15.97,15.97,16.12,16.0,18.6,12.4,3291,53001.75
2016-09-08,15.88,16.15,15.84,16.0,16.15,16.15,18.6,12.4,6542,104191.61
2016-09-09,16.15,16.15,16.0,16.15,16.0,16.0,18.6,12.4,82,1323.55
2016-09-12,16.13,16.14,15.84,16.0,15.84,15.84,18.6,12.4,9203,146568.29
2016-09-14,16.0,16.0,15.9,15.84,15.99,15.99,18.6,12.4,1880,30063.77
2016-09-15,16.0,16.05,16.0,15.99,16.05,16.05,18.6,12.4,29000,465320.0
2016-09-16,16.1,16.11,16.1,16.05,16.11,16.11,18.6,12.4,1740,28018.89
2016-09-19,16.15,16.15,16.15,16.11,16.15,16.15,18.6,12.4,1086,17538.9
2016-09-20,16.13,16.14,16.09,16.15,16.09,16.09,18.6,12.4,2959,47715.7
2016-09-21,16.15,16.15,16.15,16.09,16.15,16.15,18.6,12.4,20,323.0
2016-09-22,16.0,16.0,16.0,16.15,16.0,16.0,18.6,12.4,930,14880.0
2016-09-23,15.89,16.37,15.89,16.0,16.37,16.37,18.6,12.4,12771,207789.97
2016-09-26,16.44,16.44,16.44,16.37,16.44,16.44,18.6,12.4,81,1331.64
2016-09-27,16.27,16.28,16.27,16.44,16.28,16.28,18.6,12.4,14549,236737.72
2016-09-28,16.27,16.3,16.27,16.28,16.3,16.3,18.6,12.4,5481,89183.34
2016-09-29,16.25,16.25,16.2,16.3,16.2,16.2,18.6,12.4,9000,146000.0
2016-09-30,16.2,16.2,16.2,16.2,16.2,16.2,18.6,12.4,10,162.0
2016-10-03,16.27,16.27,16.21,16.2,16.21,16.21,18.6,12.4,71091,1152392.37
2016-10-04,16.32,16.32,16.2,16.21,16.2,16.2,18.6,12.4,3787,61791.72
2016-10-05,16.3,16.38,16.3,16.2,16.3,16.3,18.6,12.4,18485,301308.7
2016-10-06,16.3,16.3,16.18,16.3,16.19,16.19,18.6,12.4,72423,1174187.66
2016-10-07,16.2,16.36,16.2,16.19,16.35,16.35,18.6,12.4,858,13992.7
2016-10-10,16.34,16.34,16.21,16.35,16.34,16.34,18.6,12.4,6756,109655.54
2016-10-13,16.42,16.42,16.21,16.34,16.21,16.25,18.6,12.4,21170,344254.28
2016-10-14,16.38,16.38,16.24,16.25,16.36,16.37,18.6,12.4,7797,127646.22
2016-10-17,16.42,16.42,16.3,16.37,16.3,16.3,18.6,12.4,5282,86111.77
2016-10-18,16.34,16.4,16.34,16.3,16.35,16.35,18.6,12.4,10107,165245.95
2016-10-19,16.43,16.43,16.4,16.35,16.4,16.4,18.6,12.4,1589,26060.53
2016-10-20,16.42,16.42,16.42,16.4,16.42,16.42,18.6,12.4,322,5287.24
2016-10-21,16.42,16.42,16.25,16.42,16.42,16.42,18.6,12.4,2624,43075.71
2016-10-24,16.41,16.41,16.25,16.42,16.41,16.41,18.6,12.4,82,1344.66
2016-10-25,15.8,16.19,15.8,16.41,16.18,16.18,18.6,12.4,32,517.2
2016-10-26,16.39,16.39,16.25,16.18,16.25,16.25,18.6,12.4,2154,35290.06
2016-10-27,16.38,16.38,16.38,16.25,16.38,16.38,18.6,12.4,183,2997.54
2016-10-28,16.35,16.35,16.35,16.38,16.35,16.35,18.6,12.4,157,2566.95
2016-10-30,16.41,16.41,16.41,16.35,16.41,16.41,18.6,12.4,620,10174.2
2016-11-01,16.39,16.39,16.39,16.41,16.39,16.39,18.6,12.4,85,1393.15
2016-11-02,16.39,16.39,16.39,16.39,16.39,16.39,18.6,12.4,2835,46465.65
2016-11-03,16.12,16.38,16.12,16.39,16.38,16.38,18.6,12.4,84,1368.9
2016-11-04,16.39,16.39,16.39,16.38,16.39,16.39,18.6,12.4,86,1409.54
2016-11-07,16.36,16.36,16.25,16.39,16.25,16.25,18.6,12.4,2,32.61
2016-11-08,16.37,16.4,16.26,16.25,16.4,16.38,18.6,12.4,12171,199348.23
2016-11-09,16.4,16.6,15.5,16.38,16.6,16.6,18.6,12.4,7359,121618.65
2016-11-10,16.26,16.61,16.26,16.6,16.61,16.59,18.6,12.4,4443,73676.93
2016-11-11,16.7,17.0,16.7,16.59,16.8,16.8,18.6,12.4,130,2175.5
2016-11-15,16.75,16.75,16.6,16.8,16.61,16.61,18.6,12.4,6649,111013.94
2016-11-16,16.75,16.75,16.55,16.61,16.75,16.75,18.6,12.4,15671,262467.93
2016-11-17,16.75,16.75,16.55,16.75,16.75,16.75,18.6,12.4,934,15643.9
2016-11-18,16.58,16.75,16.57,16.75,16.75,16.75,18.6,12.4,4577,76092.86
2016-11-21,16.6,16.75,16.5,16.75,16.5,16.5,18.6,12.4,9617,159218.51
2016-11-22,16.75,16.9,16.55,16.5,16.9,16.9,18.6,12.4,42592,713372.5
2016-11-23,16.9,16.95,16.8,16.9,16.95,16.95,18.6,12.4,2486,41968.09
2016-11-24,16.99,16.99,16.95,16.95,16.99,16.99,18.6,12.4,1137,19277.63
2016-11-25,17.0,17.16,17.0,16.99,17.0,17.0,18.6,12.4,14625,250381.23
2016-11-28,16.25,16.95,16.25,17.0,16.95,16.95,18.6,12.4,176,2972.7
2016-11-29,16.95,16.99,16.95,16.95,16.99,16.99,18.6,12.4,6403,108688.11
2016-11-30,16.93,16.93,16.93,16.99,16.93,16.93,18.6,12.4,1000,16930.0
2016-12-01,17.1,17.14,16.71,16.93,17.14,17.14,18.6,12.4,9262,158492.24
2016-12-02,17.15,17.15,17.09,17.14,17.09,17.09,18.6,12.4,32,547.06
2016-12-05,17.0,17.05,16.73,17.09,17.04,17.03,18.6,12.4,13283,226314.11
2016-12-06,17.0,17.01,17.0,17.03,17.0,17.0,18.6,12.4,3000,51010.0
2016-12-07,17.04,17.05,16.9,17.0,16.9,17.04,18.6,12.4,5324,90724.9
2016-12-08,16.6,16.74,16.45,17.04,16.74,16.74,18.6,12.4,23660,392613.66
2016-12-09,17.05,17.05,16.61,16.74,16.87,16.87,18.6,12.4,6442,108709.66
2016-12-12,16.75,16.93,16.75,16.87,16.93,16.93,18.6,12.4,780,13205.22
2016-12-13,16.93,16.93,16.93,16.93,16.93,16.93,18.6,12.4,457,7737.01
2016-12-14,16.55,17.05,16.55,16.93,17.05,17.05,18.6,12.4,16264,276615.88
2016-12-15,16.52,17.03,16.52,17.05,17.03,17.03,18.6,12.4,2126,35838.58
2016-12-16,17.05,17.05,16.97,17.03,16.97,16.97,18.6,12.4,2436,41469.16
2016-12-19,16.98,16.98,16.98,16.97,16.98,16.98,18.6,12.4,29,492.42
2016-12-20,16.47,16.47,16.47,16.98,16.47,16.47,18.6,12.4,900,14823.0
2016-12-21,16.99,16.99,16.9,16.47,16.95,16.9,18.6,12.4,3378,57200.22
2016-12-22,16.9,16.9,16.9,16.9,16.9,16.9,18.6,12.4,3757,63493.3
2016-12-23,16.94,16.94,16.9,16.9,16.9,16.9,18.6,12.4,336,5691.8
2016-12-26,16.9,16.9,16.4,16.9,16.8,16.8,18.6,12.4,855,14230.95
2016-12-27,16.94,17.0,16.94,16.8,17.0,17.0,18.6,12.4,651,11053.2
2016-12-28,17.0,17.0,17.0,17.0,17.0,17.0,18.6,12.4,1,17.0
2016-12-30,16.95,16.95,16.35,17.0,16.35,16.35,18.6,12.4,73721,1214669.36
2017-01-02,16.94,16.94,16.94,16.35,16.94,16.94,18.6,12.4,121,2049.74
2017-01-03,16.9,16.9,16.75,16.94,16.9,16.9,18.6,12.4,4323,73030.1
2017-01-04,16.94,16.94,16.9,16.9,16.9,16.9,18.6,12.4,2935,49613.7
2017-01-05,16.89,16.89,16.84,16.9,16.89,16.88,18.6,12.4,1361,22986.79
2017-01-06,16.89,16.89,16.85,16.88,16.85,16.85,18.6,12.4,680,11469.2
2017-01-09,16.79,16.79,16.5,16.85,16.79,16.79,18.6,12.4,19092,320552.36
2017-01-10,16.79,16.8,16.62,16.79,16.8,16.8,18.6,12.4,565,9486.19
2017-01-11,16.45,16.8,16.45,16.8,16.8,16.79,18.6,12.4,19266,323532.86
2017-01-12,16.8,16.8,16.75,16.79,16.8,16.8,18.6,12.4,14420,242238.5
2017-01-13,16.84,16.84,16.84,16.8,16.84,16.84,18.6,12.4,1578,26573.52
2017-01-16,16.84,16.84,16.84,16.84,16.84,16.84,18.6,14.39,123,2071.32
2017-01-17,16.84,16.85,16.84,16.84,16.85,16.85,18.6,14.39,5940,100056.15
2017-01-18,16.55,16.85,16.55,16.85,16.85,16.85,18.6,14.39,14880,250727.7
2017-01-19,16.84,16.84,16.84,16.85,16.84,16.84,18.6,14.39,321,5405.64
2017-01-20,16.84,16.84,16.84,16.84,16.84,16.84,18.6,14.39,2,33.68
2017-01-23,16.85,16.85,16.53,16.84,16.53,16.53,18.6,14.39,381,6385.29
2017-01-24,16.84,16.84,16.7,16.53,16.7,16.7,18.6,14.39,805,13485.5
2017-01-25,16.84,16.84,16.84,16.7,16.84,16.84,18.6,14.39,3,50.52
2017-01-27,16.84,16.84,16.84,16.84,16.84,16.84,18.6,14.39,96,1616.64
2017-01-30,16.85,16.85,16.55,16.84,16.55,16.55,18.6,14.39,777,13077.15
2017-01-31,16.85,16.85,16.85,16.55,16.85,16.85,18.6,14.39,11684,196875.4
2017-02-01,16.85,16.85,16.55,16.85,16.55,16.55,18.6,14.39,1041,17413.35
2017-02-02,16.85,16.85,16.85,16.55,16.85,16.85,18.6,14.39,157,2645.45
2017-02-06,16.85,16.97,16.7,16.85,16.97,16.97,18.6,14.39,7045,119121.4
2017-02-07,16.97,16.97,16.96,16.97,16.96,16.96,18.6,14.39,1284,21787.13
2017-02-09,16.85,17.02,16.05,16.96,17.02,17.0,18.6,14.39,31301,522452.52
2017-02-10,16.94,17.02,16.94,17.0,17.02,17.02,18.6,14.39,7825,132824.24
2017-02-13,16.99,16.99,16.8,17.02,16.99,16.99,18.6,14.39,1658,28117.93
2017-02-14,16.5,16.99,16.5,16.99,16.5,16.5,18.6,14.39,759,12640.78
2017-02-15,16.87,16.87,16.5,16.5,16.87,16.87,18.6,14.39,386,6499.24
2017-02-16,16.87,16.87,16.21,16.87,16.21,16.21,18.6,14.39,4619,76285.09
2017-02-17,16.81,16.81,16.11,16.21,16.2,16.2,18.6,14.39,102,1648.92
2017-02-20,16.88,16.89,16.55,16.2,16.89,16.89,18.6,14.39,2265,38172.41
2017-02-21,16.8,16.8,16.13,16.89,16.8,16.8,18.6,14.39,563,9457.72
2017-02-23,17.0,17.0,17.0,16.8,17.0,17.0,18.6,14.39,1965,33405.0
2017-02-27,16.99,16.99,16.45,17.0,16.9,16.9,18.6,14.45,38,639.95
2017-02-28,16.99,17.03,16.18,16.9,16.18,16.18,18.6,14.45,3023,51145.4
2017-03-01,16.99,16.99,16.11,16.18,16.93,16.93,18.6,14.45,1439,24001.2
2017-03-02,16.93,16.99,16.93,16.93,16.99,16.99,18.6,14.45,153,2599.41
2017-03-03,16.05,16.92,16.05,16.99,16.92,16.92,18.6,14.45,2962,49226.77
2017-03-06,14.0,16.95,14.0,16.92,16.75,16.52,18.6,14.0,2564,42409.99
2017-03-07,16.75,16.95,16.28,16.52,16.95,16.95,18.6,14.0,28093,474860.6
2017-03-08,16.96,16.97,16.37,16.95,16.97,16.88,18.6,14.0,320,5388.81
2017-03-09,16.99,16.99,16.97,16.88,16.97,16.97,18.6,14.0,52,882.96
2017-03-10,16.95,16.98,16.5,16.97,16.5,16.5,18.6,14.0,723,12241.88
2017-03-14,16.95,16.95,16.95,16.5,16.95,16.95,18.6,14.0,1604,27187.8
2017-03-15,16.94,16.94,16.36,16.95,16.36,16.88,18.6,14.0,1893,31982.3
2017-03-16,16.94,16.94,16.94,16.88,16.94,16.94,18.6,14.0,373,6318.62
2017-03-17,16.9,16.92,16.9,16.94,16.92,16.92,18.6,14.0,3187,53922.04
2017-03-20,16.9,16.9,16.9,16.92,16.9,16.9,18.6,14.0,100,1690.0
2017-03-22,16.92,16.92,16.92,16.9,16.92,16.92,18.6,14.0,1026,17359.92
2017-03-23,16.92,16.92,16.31,16.92,16.4,16.4,18.6,14.0,1464,23936.97
2017-03-24,16.89,16.89,16.6,16.4,16.6,16.6,18.6,14.0,561,9458.73
2017-03-27,16.4,16.4,16.4,16.6,16.4,16.4,18.6,14.0,655,10742.0
2017-03-29,17.09,17.09,16.5,16.4,16.5,16.5,18.6,14.0,381,6483.72
2017-03-30,16.45,16.99,16.45,16.5,16.99,16.99,18.6,14.0,1355,23015.05
2017-03-31,16.92,16.94,16.92,16.99,16.94,16.94,18.6,14.0,350,5928.12
2017-04-03,16.94,17.0,16.6,16.94,16.98,16.98,18.6,14.0,27921,467110.58
2017-04-05,16.99,16.99,16.55,16.98,16.55,16.57,18.6,14.0,102,1724.74
2017-04-06,16.62,16.99,16.61,16.57,16.99,16.99,18.6,14.0,1930,32710.68
2017-04-07,16.9,16.94,16.9,16.99,16.94,16.94,18.6,14.0,71,1201.9
2017-04-10,16.94,16.94,16.94,16.94,16.94,16.94,18.6,14.0,27,457.38
2017-04-11,16.94,16.94,16.66,16.94,16.94,16.94,18.6,14.0,20285,343620.21
2017-04-12,16.94,16.94,16.62,16.94,16.62,16.62,18.6,14.0,16626,276413.4
2017-04-13,16.89,16.89,16.89,16.62,16.89,16.89,18.6,14.0,6091,102876.99
2017-04-17,16.89,17.0,16.89,16.89,17.0,17.0,18.6,14.0,856,14513.84
2017-04-21,16.95,16.95,16.95,17.0,16.95,16.95,18.6,14.0,1050,17797.5
2017-04-24,16.99,16.99,16.99,16.95,16.99,16.99,18.6,14.0,75,1274.25
2017-04-25,16.95,16.95,16.38,16.99,16.43,16.43,18.6,14.0,13610,223594.47
2017-04-26,16.45,16.86,16.25,16.43,16.25,16.25,18.6,14.0,29325,482155.07
2017-04-28,16.5,16.5,16.25,16.25,16.25,16.25,18.6,14.0,10832,176022.5
2017-05-02,16.26,16.69,16.26,16.25,16.67,16.67,18.6,14.0,289,4811.13
2017-05-03,16.25,16.25,16.25,16.67,16.25,16.25,18.6,14.0,200,3250.0
2017-05-05,16.26,16.26,16.25,16.25,16.25,16.25,18.6,14.0,99,1609.25
2017-05-08,16.69,16.69,16.69,16.25,16.69,16.69,18.6,14.0,50,834.5
2017-05-09,16.69,16.69,16.45,16.69,16.45,16.45,18.6,14.0,349,5747.29
2017-05-10,16.69,16.69,16.45,16.45,16.45,16.45,18.6,14.0,559,9264.43
2017-05-11,16.45,16.55,16.26,16.45,16.55,16.26,18.6,14.0,7316,119394.86
2017-05-12,16.26,16.62,16.17,16.26,16.17,16.2,18.6,14.0,7070,114595.05
2017-05-15,16.24,16.7,16.24,16.2,16.7,16.63,18.6,14.0,56872,943992.03
2017-05-16,16.62,16.62,16.6,16.63,16.6,16.6,18.6,14.0,4000,66406.0
2017-05-18,16.6,16.6,16.31,16.6,16.31,16.31,18.6,14.0,1462,23850.73
2017-05-19,16.41,16.68,16.35,16.31,16.35,16.35,18.6,14.0,2125,35012.53
2017-05-22,16.69,16.7,16.69,16.35,16.7,16.7,18.6,14.0,100,1669.5
2017-05-23,16.4,16.69,16.21,16.7,16.49,16.49,18.6,14.0,43167,705493.41
2017-05-24,16.34,16.7,16.34,16.49,16.7,16.7,18.6,14.0,7689,125672.09
2017-05-25,16.32,16.81,16.32,16.7,16.81,16.6,18.6,14.0,62423,1032077.4
2017-05-26,16.35,16.65,16.26,16.6,16.32,16.32,18.6,14.0,25325,413376.87
2017-05-29,16.35,16.8,16.32,16.32,16.4,16.4,18.6,14.0,5020,82408.0
2017-05-30,16.69,16.78,16.33,16.4,16.33,16.34,18.6,14.0,2908,47994.55
2017-05-31,16.4,16.4,16.4,16.34,16.4,16.4,18.6,14.0,10000,164000.0
2017-06-01,16.36,16.6,16.36,16.4,16.6,16.6,18.6,14.0,23849,395119.2
2017-06-02,16.6,16.9,16.6,16.6,16.65,16.87,18.6,14.0,42797,720881.67
2017-06-05,16.87,16.89,16.47,16.87,16.89,16.89,18.6,14.0,2350,39251.5
2017-06-06,16.84,16.92,16.84,16.89,16.92,16.88,18.6,14.0,41,691.45
2017-06-07,16.89,16.89,16.4,16.88,16.7,16.4,18.6,14.0,25278,415433.69
2017-06-08,16.91,16.91,16.51,16.4,16.51,16.51,18.6,14.0,10,167.1
2017-06-09,17.0,17.0,16.47,16.51,16.47,16.47,18.6,14.0,210,3465.0
2017-06-12,16.34,16.34,16.33,16.47,16.33,16.33,18.6,14.0,5495,89782.05
2017-06-13,16.8,16.8,16.28,16.33,16.55,16.31,18.6,14.0,6920,113058.68
2017-06-14,16.74,16.74,16.3,16.31,16.32,16.32,18.6,14.0,29133,475565.21
2017-06-15,16.33,17.0,16.32,16.32,17.0,16.79,18.6,14.0,50477,835975.83
2017-06-16,16.99,16.99,16.35,16.79,16.45,16.45,18.6,14.0,8582,143585.82
2017-06-19,16.46,16.46,16.42,16.45,16.42,16.42,18.6,14.0,8275,136120.06
2017-06-20,16.43,16.89,16.42,16.42,16.42,16.42,18.6,14.0,1519,24943.37
2017-06-21,16.95,16.95,16.95,16.42,16.95,16.95,18.6,14.0,287,4864.65
2017-06-23,16.37,16.89,16.37,16.95,16.89,16.89,18.6,14.0,1147,18875.74
2017-06-27,16.4,16.4,16.4,16.89,16.4,16.4,18.6,14.0,1000,16400.0
2017-06-28,16.4,16.4,16.4,16.4,16.4,16.4,18.6,14.0,212,3476.8
2017-06-29,16.88,16.88,16.4,16.4,16.4,16.4,18.6,14.0,1411,23605.78
2017-06-30,16.38,16.38,16.38,16.4,16.38,16.38,18.6,14.0,12614,206617.32
2017-07-03,16.34,16.34,16.34,16.38,16.34,16.34,18.6,14.0,441,7205.94
2017-07-04,16.35,16.35,16.32,16.34,16.33,16.33,18.6,14.0,4296,70145.68
2017-07-05,16.93,16.93,16.33,16.33,16.34,16.34,18.6,14.0,303,5121.46
2017-07-06,16.68,16.68,16.68,16.34,16.68,16.68,18.6,14.0,3,50.04
2017-07-07,16.62,16.62,16.4,16.68,16.6,16.4,18.6,14.0,907,14877.4
2017-07-10,16.2,16.69,16.2,16.4,16.34,16.34,18.6,14.0,9412,152917.6
2017-07-11,16.3,16.3,16.3,16.34,16.3,16.3,18.6,14.0,1,16.3
2017-07-12,16.3,16.4,16.2,16.3,16.4,16.4,18.6,14.0,3394,55658.3
2017-07-13,16.25,16.91,16.25,16.4,16.6,16.64,18.6,14.0,20848,349306.57
2017-07-14,16.98,17.15,16.55,16.64,16.55,16.55,18.6,14.0,10546,179167.95
2017-07-18,16.55,16.55,16.55,16.55,16.55,16.55,18.6,14.0,1108,18337.4
2017-07-19,17.11,17.11,16.51,16.55,16.99,16.99,18.6,14.0,570,9717.54
2017-07-20,16.6,16.6,16.6,16.99,16.6,16.6,18.6,14.0,154,2556.4
2017-07-21,16.99,16.99,16.85,16.6,16.85,16.85,18.6,14.0,2000,33840.0
2017-07-24,17.0,17.0,17.0,16.85,17.0,17.0,18.6,14.0,300,5100.0
2017-07-25,17.0,17.1,17.0,17.0,17.0,17.02,18.6,14.0,1912,32531.5
2017-07-26,17.14,17.17,17.14,17.02,17.17,17.17,18.6,14.0,46677,801371.63
2017-07-31,17.21,17.21,17.0,17.17,17.0,17.0,18.6,14.0,2836,48467.04
2017-08-01,17.0,17.0,17.0,17.0,17.0,17.0,18.6,14.0,1407,23919.0
2017-08-02,17.25,17.25,17.25,17.0,17.25,17.25,18.6,14.0,279,4812.75
2017-08-03,17.24,17.24,17.24,17.25,17.24,17.24,18.6,14.0,34,586.16
2017-08-07,17.23,17.23,17.23,17.24,17.23,17.23,18.6,14.0,20,344.6
2017-08-08,17.23,17.23,16.6,17.23,16.6,16.6,18.6,14.0,2142,35587.83
2017-08-09,16.54,16.55,16.54,16.6,16.55,16.55,18.6,14.0,40,661.8
2017-08-10,16.55,16.55,16.55,16.55,16.55,16.55,18.6,14.0,900,14895.0
2017-08-14,17.0,17.0,16.55,16.55,16.55,16.55,17.25,14.0,78,1315.65
2017-08-16,17.22,17.22,17.2,16.55,17.2,17.2,17.25,14.0,302,5200.1
2017-08-17,17.2,17.2,17.2,17.2,17.2,17.2,17.25,14.0,6277,107964.4
2017-08-22,16.52,17.19,16.52,17.2,17.19,17.19,17.25,14.0,510,8431.9
2017-08-23,20.55,20.55,17.0,17.19,17.0,17.0,20.55,14.0,2418,42845.5
2017-08-24,18.8,20.35,15.0,17.0,17.18,17.18,20.55,14.0,277,4816.66
2017-08-28,17.2,17.2,16.53,17.18,16.73,16.53,20.55,14.0,6721,111214.0
2017-08-29,16.53,16.53,16.52,16.53,16.52,16.52,20.55,14.0,11412,188628.48
2017-08-30,16.52,17.08,16.32,16.52,16.7,16.63,20.55,14.0,105161,1744833.78
2017-08-31,16.5,17.0,16.5,16.63,17.0,16.99,20.55,14.0,11413,193620.4
2017-09-01,16.8,16.95,16.78,16.99,16.85,16.91,20.55,14.0,5149,86840.22
2017-09-04,16.94,16.94,16.65,16.91,16.9,16.9,20.55,14.0,104,1757.47
2017-09-05,16.9,16.9,16.9,16.9,16.9,16.9,20.55,14.0,1000,16900.0
2017-09-06,16.86,16.86,16.86,16.9,16.86,16.86,20.55,14.0,3,50.58
2017-09-07,16.86,16.86,16.7,16.86,16.7,16.7,20.55,14.0,2500,41766.0
2017-09-08,16.99,16.99,16.9,16.7,16.9,16.9,20.55,14.0,40,677.8
2017-09-12,16.4,17.0,14.58,16.9,16.7,16.7,20.55,14.0,20159,338386.91
2017-09-13,17.2,17.24,16.9,16.7,16.9,16.9,20.55,14.0,2025,34334.22
2017-09-14,16.9,17.15,16.9,16.9,17.05,17.1,20.55,14.0,2089,35704.1
2017-09-15,18.9,19.99,16.76,17.1,17.01,17.01,20.55,14.0,468,8277.22
2017-09-18,17.16,17.16,17.16,17.01,17.16,17.16,20.55,14.0,24237,415906.92
2017-09-20,17.16,17.16,17.16,17.16,17.16,17.16,20.55,14.0,200,3432.0
2017-09-21,14.56,17.15,14.56,17.16,17.15,17.15,20.55,14.0,41,654.2
2017-09-22,16.49,16.99,16.49,17.15,16.52,16.52,20.55,14.0,421,6969.74
2017-09-25,16.52,16.56,16.52,16.52,16.56,16.56,20.55,14.0,225,3725.0
2017-09-27,16.6,17.15,16.58,16.56,16.58,16.58,20.55,14.0,2386,39786.84
2017-09-28,16.95,16.95,16.95,16.58,16.95,16.95,20.55,14.0,1000,16950.0
2017-09-29,16.9,16.9,16.9,16.95,16.9,16.9,20.55,14.0,80,1352.0
2017-10-03,17.13,17.13,16.52,16.9,16.52,16.52,20.55,14.0,334,5635.98
2017-10-04,17.15,19.0,16.51,16.52,16.9,16.89,20.55,14.0,2034,34374.77
2017-10-05,17.12,17.12,16.74,16.89,16.74,16.74,20.55,14.0,233,3916.68
2017-10-06,16.74,16.9,16.74,16.74,16.9,16.9,20.55,14.0,110,1858.2
2017-10-10,16.78,16.8,16.62,16.9,16.62,16.62,20.55,14.0,3517,59015.42
2017-10-11,16.8,16.8,16.55,16.62,16.55,16.55,20.55,14.0,384,6426.2
2017-10-12,16.55,17.06,16.55,16.55,17.0,17.0,20.55,14.0,70546,1193599.44
2017-10-13,16.66,17.1,16.66,17.0,17.1,17.05,20.55,14.0,2500,42602.5
2017-10-16,17.13,17.13,16.61,17.05,17.0,17.0,20.55,14.0,921,15423.13
2017-10-17,17.18,17.18,17.17,17.0,17.18,17.18,20.55,14.0,2600,44662.0
2017-10-18,19.0,20.5,15.23,17.18,17.15,17.15,20.55,14.0,296,5283.78
2017-10-23,17.13,17.13,17.13,17.15,17.13,17.13,20.55,14.0,50,856.5
2017-10-24,17.08,17.08,17.08,17.13,17.08,17.08,20.55,14.0,302,5158.16
2017-10-25,17.05,17.05,17.05,17.08,17.05,17.05,20.55,14.0,1880,32054.0
2017-10-27,17.05,17.05,17.05,17.05,17.05,17.05,20.55,14.0,1500,25575.0
2017-10-30,17.05,17.05,17.05,17.05,17.05,17.05,20.55,14.0,2002,34134.1
2017-11-01,17.18,17.18,16.85,17.05,17.1,17.1,20.55,14.0,438,7465.62
2017-11-03,17.06,17.06,17.06,17.1,17.06,17.06,20.55,14.0,977,16667.62
2017-11-07,17.06,17.06,17.06,17.06,17.06,17.06,20.55,14.0,80,1364.8
2017-11-08,18.0,18.0,16.8,17.06,16.85,16.85,20.55,14.0,288,5170.85
2017-11-09,20.0,20.0,14.02,16.85,17.45,17.45,20.55,14.0,6068,106175.47
2017-11-13,17.35,17.35,16.8,17.45,16.8,16.81,20.55,14.0,6044,101707.3
2017-11-14,17.0,17.05,16.5,16.81,17.02,16.55,20.55,14.0,19577,326067.22
2017-11-15,16.99,16.99,16.99,16.55,16.99,16.99,20.55,14.0,1010,17159.9
2017-11-16,16.5,16.5,16.5,16.99,16.5,16.5,20.55,14.0,5500,90750.0
2017-11-17,16.51,16.51,16.5,16.5,16.5,16.5,20.55,14.0,58,957.29
2017-11-20,16.99,16.99,16.95,16.5,16.95,16.95,20.55,14.0,400,6784.0
2017-11-21,16.99,16.99,16.52,16.95,16.75,16.75,20.55,14.0,140,2344.5
2017-11-22,16.0,16.99,16.0,16.75,16.52,16.52,20.55,14.0,453,7612.98
2017-11-23,16.5,16.52,16.5,16.52,16.5,16.5,20.55,14.0,2339,38593.52
2017-11-24,16.5,17.15,16.5,16.5,16.8,16.8,20.55,14.0,552,9141.1
2017-11-27,17.16,17.16,16.5,16.8,16.5,16.5,20.55,14.0,4554,75481.0
2017-11-28,16.5,16.5,16.5,16.5,16.5,16.5,20.55,14.0,500,8250.0
2017-11-29,16.5,16.5,16.5,16.5,16.5,16.5,20.55,14.0,2000,33000.0
2017-11-30,17.1,17.1,17.0,16.5,17.0,17.0,20.55,14.0,609,10413.3
2017-12-01,17.0,17.0,16.95,17.0,16.95,16.95,20.55,14.0,420,7129.75
2017-12-04,16.55,16.55,16.55,16.95,16.55,16.55,20.55,14.0,149,2465.95
2017-12-05,16.55,16.55,16.55,16.55,16.55,16.55,20.55,14.0,151,2499.05
2017-12-06,16.5,17.15,16.5,16.55,17.0,17.0,20.55,14.0,545,9207.45
2017-12-07,16.95,16.95,16.95,17.0,16.95,16.95,20.55,14.0,4,67.8
2017-12-11,16.8,16.8,16.8,16.95,16.8,16.8,20.55,14.0,44,739.2
2017-12-12,16.49,16.49,16.49,16.8,16.49,16.49,20.55,14.0,6,98.94
2017-12-13,16.49,16.49,16.49,16.49,16.49,16.49,20.55,14.0,10,164.9
2017-12-15,16.75,16.75,16.74,16.49,16.75,16.75,20.55,14.0,608,10183.16
2017-12-18,16.8,16.8,16.65,16.75,16.65,16.65,20.55,14.0,11,183.9
2017-12-19,16.52,16.79,16.52,16.65,16.54,16.54,20.55,14.0,204,3375.16
2017-12-20,16.5,16.8,16.5,16.54,16.51,16.51,20.55,14.0,596,9921.8
2017-12-21,16.79,16.8,16.79,16.51,16.8,16.8,20.55,14.0,20,335.9
2017-12-22,16.53,16.8,16.53,16.8,16.8,16.8,20.55,14.0,11,184.52
2017-12-26,16.8,16.8,16.52,16.8,16.75,16.72,20.55,14.0,1286,21518.41
2017-12-27,16.8,16.8,16.51,16.72,16.51,16.51,20.55,14.0,42,694.2
2017-12-29,16.8,16.8,16.8,16.51,16.8,16.8,20.55,14.0,1,16.8
2018-01-01,16.8,16.8,16.7,16.8,16.7,16.7,20.55,14.0,35,586.5
2018-01-03,16.75,16.75,15.1,16.7,16.7,16.7,20.55,14.0,5295,88439.55
2018-01-04,15.86,16.75,15.86,16.7,16.25,16.25,20.55,14.0,6800,112496.0
2018-01-05,16.25,16.3,16.25,16.25,16.25,16.25,20.55,14.0,1015,16498.75
2018-01-08,16.3,16.75,15.45,16.25,16.55,16.55,20.55,14.0,11909,197346.2
2018-01-09,16.55,16.75,16.55,16.55,16.75,16.74,20.55,14.0,1100,18421.93
2018-01-10,15.91,16.79,15.91,16.74,16.05,16.05,20.55,14.0,202,3292.34
2018-01-11,16.5,16.8,16.5,16.05,16.8,16.8,20.55,14.0,139,2316.51
2018-01-12,15.14,16.74,13.8,16.8,16.6,16.6,20.55,13.8,5180,79176.6
2018-01-15,16.6,16.79,16.6,16.6,16.79,16.79,20.55,13.8,110,1842.15
2018-01-16,16.8,16.8,15.23,16.79,15.9,15.9,20.55,13.8,427,6995.12
2018-01-17,16.0,16.02,16.0,15.9,16.02,16.02,20.55,13.8,11689,187026.02
2018-01-18,16.02,16.02,16.02,16.02,16.02,16.02,20.55,13.8,1,16.02
2018-01-22,15.1,16.7,15.1,16.02,16.0,16.0,20.55,13.8,621,9934.0
2018-01-23,16.0,16.0,16.0,16.0,16.0,16.0,20.55,13.8,133,2128.0
2018-01-24,16.0,16.0,16.0,16.0,16.0,16.0,20.55,13.8,100,1600.0
2018-01-25,16.0,16.4,16.0,16.0,16.4,16.4,20.55,13.8,1007,16460.4
2018-01-29,16.7,16.7,15.02,16.4,15.8,15.99,20.55,13.8,11792,189016.08
2018-01-30,16.4,16.4,16.4,15.99,16.4,16.4,20.55,13.8,204,3345.6
2018-01-31,16.4,16.87,16.0,16.4,16.0,16.0,20.55,13.8,608,9987.36
2018-02-02,16.4,16.4,13.51,16.0,15.66,15.66,20.55,13.51,1544,23857.08
2018-02-05,15.15,15.65,15.15,15.66,15.65,15.65,20.55,13.51,10000,156474.5
2018-02-06,15.65,16.28,15.5,15.65,16.28,16.2,20.55,13.51,44433,696204.9
2018-02-07,16.0,16.55,16.0,16.2,16.55,16.55,20.55,13.51,6320,104536.0
2018-02-08,16.79,16.79,16.2,16.55,16.2,16.54,20.55,13.51,931,15513.52
2018-02-09,15.6,16.69,15.6,16.54,16.0,16.01,20.55,13.51,1516,24120.24
2018-02-12,16.77,16.77,16.77,16.01,16.77,16.77,20.55,13.51,470,7881.9
2018-02-14,16.77,16.79,16.77,16.77,16.79,16.79,20.55,13.51,3181,53350.99
2018-02-15,16.01,16.59,16.01,16.79,16.49,16.49,20.55,13.51,402,6437.08
2018-02-16,16.49,16.49,16.01,16.49,16.01,16.01,20.55,13.51,51,816.99
2018-02-19,16.01,16.54,16.0,16.01,16.54,16.54,20.55,13.51,1132,18177.08
2018-02-20,16.79,16.79,16.5,16.54,16.5,16.5,20.55,13.51,606,10174.24
2018-02-21,16.02,16.02,16.0,16.5,16.0,16.0,20.55,13.51,2096,33552.0
2018-02-23,16.78,16.78,16.69,16.0,16.78,16.73,20.55,13.51,80,1339.19
2018-02-26,16.74,16.74,16.59,16.73,16.59,16.59,20.55,13.51,489,8149.11
2018-02-27,14.05,16.74,14.05,16.59,16.74,16.74,20.55,13.51,710,11838.73
2018-02-28,16.69,16.69,16.0,16.74,16.55,16.55,20.55,13.51,564,9362.68
2018-03-01,15.8,16.55,15.8,16.55,15.8,15.8,20.55,13.51,26,411.55
2018-03-05,15.8,15.8,15.75,15.8,15.75,15.75,20.55,13.51,10,157.55
2018-03-07,16.61,16.61,16.6,15.75,16.6,16.6,20.55,13.51,38,630.92
2018-03-09,16.01,16.01,16.01,16.6,16.01,16.01,20.55,13.51,1000,16010.0
2018-03-14,14.02,16.63,14.02,16.01,16.62,16.12,20.55,13.51,844,13232.44
2018-03-15,16.62,16.62,15.9,16.12,16.0,16.0,20.55,13.51,41,657.58
2018-03-19,16.6,16.6,16.6,16.0,16.6,16.6,20.55,13.51,1,16.6
2018-03-20,16.6,16.6,16.6,16.6,16.6,16.6,20.55,13.51,1,16.6
2018-03-23,16.62,16.62,16.62,16.6,16.62,16.62,20.55,13.51,10070,167363.4
2018-03-26,16.1,20.0,13.71,16.62,16.0,16.0,20.55,13.51,61,1022.4
2018-03-28,17.4,17.4,16.8,16.0,17.0,17.04,20.55,13.51,835,14298.94
2018-04-03,17.0,17.0,16.01,17.04,17.0,16.95,20.55,13.51,51,866.01
2018-04-04,16.0,17.0,16.0,16.95,16.95,16.95,20.55,13.51,1028,16732.25
2018-04-05,16.1,16.94,15.43,16.95,16.87,16.87,20.55,13.51,822,13155.3
2018-04-06,16.05,16.98,16.05,16.87,16.98,16.98,20.55,13.51,40,660.6
2018-04-09,17.0,17.0,14.63,16.98,16.98,16.97,20.55,13.51,873,14039.08
2018-04-10,16.95,16.95,15.5,16.97,16.3,16.62,20.55,13.51,851,13980.7
2018-04-11,16.45,16.5,16.45,16.62,16.5,16.5,20.55,13.51,512,8438.25
2018-04-12,16.4,16.4,16.35,16.5,16.4,16.4,20.55,13.51,126,2060.7
2018-04-13,16.4,17.59,16.4,16.4,17.59,17.34,20.55,13.51,2305,37806.27
2018-04-16,17.49,17.49,15.9,17.34,16.9,16.9,20.55,13.51,228,3674.4
2018-04-17,15.92,16.89,15.92,16.9,15.95,16.06,20.55,13.51,98,1575.8
2018-04-18,17.45,17.45,15.43,16.06,16.08,16.38,20.55,13.51,359,5778.72
2018-04-19,16.08,16.38,16.08,16.38,16.38,16.38,20.55,13.51,142,2322.96
2018-04-20,17.09,17.09,15.6,16.38,15.81,15.81,20.55,13.51,2062,32182.72
2018-04-24,16.0,16.85,16.0,15.81,16.01,16.01,20.55,13.51,10,160.86
2018-04-25,16.85,17.8,16.01,16.01,16.05,16.05,20.55,13.51,1733,29221.02
2018-04-26,16.05,16.05,16.05,16.05,16.05,16.05,20.55,13.51,21,337.05
2018-04-27,18.19,18.19,15.33,16.05,15.94,15.94,20.55,13.51,626,9828.62
2018-04-30,15.1,16.46,15.1,15.94,16.0,15.93,20.55,13.51,5406,84003.9
2018-05-02,17.0,17.0,15.53,15.93,15.71,15.71,20.55,13.51,239,3920.46
2018-05-03,16.98,16.98,16.06,15.71,16.83,16.83,20.55,13.51,787,13060.36
2018-05-04,17.95,17.95,16.7,16.83,16.7,16.7,20.55,13.51,256,4290.09
2018-05-07,16.68,16.68,15.71,16.7,15.9,15.9,20.55,13.51,59,947.21
2018-05-08,16.0,16.0,16.0,15.9,16.0,16.0,20.55,13.51,101,1616.0
2018-05-09,15.6,17.45,15.6,16.0,16.8,16.7,20.55,13.51,1012,17089.6
2018-05-10,16.01,16.75,15.9,16.7,15.95,15.95,20.55,13.51,202,3224.8
2018-05-11,17.29,17.29,15.95,15.95,16.88,16.88,20.55,13.51,6,99.36
2018-05-14,14.31,16.97,14.31,16.88,16.58,16.54,20.55,13.51,7122,118048.17
2018-05-15,16.99,16.99,16.01,16.54,16.01,16.01,20.55,13.51,12,193.48
2018-05-16,16.5,16.5,16.5,16.01,16.5,16.5,20.55,13.51,3,49.5
2018-05-17,16.69,16.69,16.5,16.5,16.65,16.65,20.55,13.51,242,4019.14
2018-05-22,16.65,16.65,15.81,16.65,15.81,15.81,20.55,13.51,153,2463.45
2018-05-23,19.49,19.49,14.2,15.81,16.69,16.69,20.55,13.51,340,5712.98
2018-05-24,16.1,16.63,15.25,16.69,15.25,15.39,20.55,13.51,59,933.56
2018-05-25,15.39,16.5,15.39,15.39,16.5,16.5,20.55,13.51,280,4534.55
2018-05-28,19.49,19.49,13.62,16.5,16.0,16.0,20.55,13.51,5094,82031.26
2018-05-29,16.15,16.35,16.1,16.0,16.35,16.35,20.55,13.51,511,8229.7
2018-05-30,16.99,16.99,16.49,16.35,16.49,16.49,20.55,13.51,203,3348.48
2018-05-31,17.4,17.4,13.75,16.49,15.8,15.8,20.55,13.51,1089,16960.85
2018-06-01,14.51,16.99,14.51,15.8,15.75,16.59,20.55,13.51,2388,40229.78
2018-06-04,15.81,16.59,15.8,16.59,15.8,15.82,20.55,13.51,139,2218.49
2018-06-06,15.85,16.6,15.85,15.82,16.5,16.46,20.55,13.51,2863,46895.76
2018-06-07,15.9,15.9,15.9,16.46,15.9,15.9,20.55,13.51,1,15.9
2018-06-08,15.9,16.1,15.9,15.9,15.95,15.95,20.55,13.51,7,111.65
2018-06-11,15.96,15.98,15.96,15.95,15.98,15.98,20.55,13.51,93,1484.34
2018-06-12,15.27,16.19,15.27,15.98,16.19,16.19,20.55,13.51,510,7810.98
2018-06-13,15.45,15.45,15.45,16.19,15.45,15.45,20.55,13.51,3,46.35
2018-06-14,16.0,16.0,15.45,15.45,15.6,15.61,20.55,13.51,175,2717.6
2018-06-15,15.6,16.24,15.1,15.61,16.0,16.0,20.55,13.51,135,2147.42
2018-06-18,16.2,16.2,15.81,16.0,15.82,15.85,20.55,13.51,518,8297.02
2018-06-19,16.2,16.2,16.15,15.85,16.15,16.15,20.55,13.51,72,1162.85
2018-06-20,16.15,16.59,16.0,16.15,16.1,16.09,20.55,13.51,469,7642.7
2018-06-22,15.89,15.94,15.7,16.09,15.71,15.71,20.55,13.51,2670,41967.68
2018-06-25,16.59,16.59,15.7,15.71,15.7,15.7,20.55,13.51,121,1975.6
2018-06-26,16.21,16.21,16.21,15.7,16.21,16.21,20.55,13.51,1,16.21
2018-06-27,15.8,16.0,15.7,16.21,16.0,16.0,20.55,13.51,2101,32996.0
2018-06-28,15.7,15.9,15.42,16.0,15.9,15.9,20.55,13.51,1251,19443.7
2018-06-29,15.44,15.44,15.44,15.9,15.44,15.44,20.55,13.51,8,123.52
2018-07-02,15.7,15.7,15.7,15.44,15.7,15.7,20.55,13.51,5000,78500.0
2018-07-03,15.7,16.2,15.59,15.7,15.59,15.68,20.55,13.51,131,2054.55
2018-07-04,16.47,16.48,15.38,15.68,15.38,15.57,20.55,13.51,4562,71088.92
2018-07-05,15.57,15.57,15.57,15.57,15.57,15.57,20.55,13.51,8,124.56
2018-07-06,15.5,15.5,15.5,15.57,15.5,15.5,20.55,13.51,1,15.5
2018-07-09,15.6,16.01,15.5,15.5,15.5,15.5,20.55,13.51,3098,48135.11
2018-07-10,15.5,15.5,15.5,15.5,15.5,15.5,20.55,13.51,10,155.0
2018-07-11,15.5,15.5,15.39,15.5,15.39,15.39,20.55,13.51,143,2211.77
2018-07-12,16.38,16.38,14.53,15.39,16.25,16.25,20.55,13.51,230,3724.75
2018-07-13,15.26,15.26,15.25,16.25,15.25,15.25,20.55,13.51,100,1525.95
2018-07-16,16.16,16.16,13.93,15.25,15.0,15.0,20.55,13.51,27,394.09
2018-07-17,14.52,16.49,14.52,15.0,16.05,16.05,20.55,13.51,1570,24354.61
2018-07-18,16.0,16.3,15.12,16.05,16.09,16.09,20.55,13.51,382,6125.33
2018-07-19,15.99,15.99,15.17,16.09,15.59,15.59,20.55,13.51,656,10073.88
2018-07-20,16.18,16.18,16.18,15.59,16.18,16.18,20.55,13.51,4,64.72
2018-07-23,16.49,16.49,15.6,16.18,15.61,15.61,20.55,13.51,481,7580.29
2018-07-24,15.31,16.2,14.81,15.61,15.24,15.24,20.55,13.51,1365,21178.3
2018-07-25,16.15,16.15,16.15,15.24,16.15,16.15,20.55,13.51,1,16.15
2018-07-26,15.99,15.99,15.42,16.15,15.5,15.5,20.55,13.51,246,3818.8
2018-07-27,15.25,16.1,15.25,15.5,15.51,15.69,20.55,13.51,340,5338.91
2018-07-30,16.14,16.14,15.15,15.69,16.14,16.14,20.55,13.51,166,2674.29
2018-07-31,14.64,16.12,14.64,16.14,15.5,15.49,20.55,13.51,213,3195.52
2018-08-01,16.14,16.15,15.4,15.49,15.4,15.4,20.55,13.51,548,8837.71
2018-08-02,16.0,16.15,15.44,15.4,16.15,16.15,20.55,13.51,8,127.99
2018-08-03,15.27,16.15,15.27,16.15,16.15,16.15,20.55,13.51,21,337.2
2018-08-07,16.15,16.15,15.4,16.15,15.4,15.4,20.55,13.51,301,4636.15
2018-08-08,15.9,15.9,15.15,15.4,15.5,15.5,20.55,13.51,315,4891.4
2018-08-09,15.5,16.2,15.5,15.5,16.2,16.19,20.55,13.51,4625,74914.5
2018-08-10,16.48,16.48,14.76,16.19,15.81,15.81,20.55,13.51,2171,35523.74
2018-08-13,16.38,16.38,16.0,15.81,16.0,16.0,20.55,13.51,71,1141.1
2018-08-14,16.0,16.0,15.3,16.0,15.3,15.3,20.55,13.51,130,2059.0
2018-08-16,15.35,16.49,15.35,15.3,16.39,16.39,20.55,13.51,2084,34121.22
2018-08-17,15.2,16.35,15.2,16.39,16.3,16.3,20.55,13.51,675,11030.8
2018-08-20,16.3,16.3,15.35,16.3,16.0,16.0,20.55,13.51,316,5074.62
2018-08-21,16.38,16.38,15.21,16.0,15.6,15.6,20.55,13.51,16,247.15
2018-08-23,16.34,16.34,15.62,15.6,16.34,16.16,20.55,13.51,3941,63052.01
2018-08-24,16.33,16.33,15.43,16.16,16.2,16.03,20.55,13.51,313,5045.56
2018-08-27,16.2,16.2,15.2,16.03,16.18,16.18,20.5,13.51,454,7311.23
2018-08-28,16.1,16.1,15.46,16.18,16.1,16.1,20.5,13.51,58,927.4
2018-08-29,16.29,16.44,15.82,16.1,16.09,16.09,20.5,13.51,1567,25151.18
2018-08-30,16.09,16.09,15.45,16.09,15.45,15.45,20.5,13.51,2705,41797.46
2018-08-31,15.81,16.1,15.51,15.45,15.51,15.53,20.5,13.51,290,4506.78
2018-09-03,15.53,16.0,15.04,15.53,16.0,16.0,20.5,13.51,1691,26016.26
2018-09-04,14.3,16.97,14.11,16.0,15.97,15.97,20.5,13.51,3059,49189.58
2018-09-05,14.31,15.99,14.3,15.97,15.88,15.88,20.5,13.51,1805,27586.02
2018-09-06,15.88,16.0,15.21,15.88,15.21,15.49,20.5,13.51,1018,15784.37
2018-09-07,15.01,16.0,15.01,15.49,16.0,16.0,20.5,13.51,750,11886.75
2018-09-10,16.0,16.0,15.21,16.0,15.21,15.21,20.5,13.51,722,11534.62
2018-09-11,15.08,16.36,15.08,15.21,15.12,15.12,20.5,13.51,761,12182.52
2018-09-12,16.3,16.3,15.75,15.12,15.75,15.75,20.5,13.51,757,12279.49
2018-09-14,15.76,16.41,15.75,15.75,15.75,15.75,20.5,13.51,233,3736.17
2018-09-17,15.75,15.75,15.75,15.75,15.75,15.75,20.5,13.51,1,15.75
2018-09-18,15.75,15.75,15.75,15.75,15.75,15.75,20.5,13.51,1,15.75
2018-09-19,15.05,15.75,15.01,15.75,15.75,15.75,20.5,13.51,301,4528.75
2018-09-21,15.76,15.94,15.01,15.75,15.01,15.01,20.5,13.51,623,9608.65
2018-09-24,15.94,15.94,15.75,15.01,15.75,15.75,20.5,13.51,20,316.9
2018-09-26,15.75,15.95,15.75,15.75,15.9,15.9,20.5,13.51,321,5068.9
2018-09-27,15.5,15.5,15.11,15.9,15.11,15.11,20.5,13.51,140,2148.16
2018-09-28,15.11,15.87,15.11,15.11,15.14,15.14,20.5,13.51,317,4797.23
2018-10-01,16.34,16.34,16.0,15.14,16.0,16.0,20.5,13.51,2100,34143.94
2018-10-03,17.8,17.8,14.28,16.0,15.99,15.99,20.5,13.51,2655,42643.48
2018-10-04,16.35,16.35,15.21,15.99,16.2,16.18,20.5,13.51,132,2144.76
2018-10-05,16.2,16.44,15.12,16.18,16.37,16.37,20.5,13.51,584,9142.4
2018-10-08,15.01,16.24,15.01,16.37,16.2,16.23,20.5,13.51,1928,29614.12
2018-10-09,16.0,16.35,15.12,16.23,16.32,16.32,20.5,13.51,42,668.14
2018-10-10,16.3,16.3,16.0,16.32,16.0,16.0,20.5,13.51,362,5883.83
2018-10-11,16.0,16.0,15.13,16.0,16.0,16.0,20.5,13.51,35,538.99
2018-10-12,15.4,16.0,15.4,16.0,16.0,16.0,20.5,13.51,14,221.0
2018-10-15,16.0,16.0,15.4,16.0,16.0,16.0,20.5,13.51,7,111.4
2018-10-16,15.28,16.0,15.01,16.0,16.0,16.0,20.5,13.51,640,10106.22
2018-10-17,16.0,16.05,15.46,16.0,15.55,15.55,20.5,13.51,9935,159099.15
2018-10-22,16.23,16.23,15.76,15.55,15.76,16.18,20.0,13.51,604,9798.04
2018-10-23,16.99,16.99,15.42,16.18,16.4,16.33,20.0,13.51,409,6841.51
2018-10-24,17.34,17.34,15.58,16.33,16.3,16.3,20.0,13.51,1465,23743.82
2018-10-25,16.2,16.2,16.2,16.3,16.2,16.2,20.0,13.51,1,16.2
2018-10-26,16.2,16.2,16.2,16.2,16.2,16.2,20.0,13.51,11,178.2
2018-10-29,16.3,16.3,16.0,16.2,16.0,16.0,20.0,13.51,2,32.3
2018-10-30,15.5,16.3,15.5,16.0,15.52,15.52,20.0,13.51,170,2751.08
2018-10-31,16.25,16.25,14.64,15.52,15.0,15.05,20.0,13.51,157,2399.0
2018-11-01,15.5,16.04,15.5,15.05,15.55,15.55,20.0,13.51,86,1352.61
2018-11-05,15.98,15.98,15.32,15.55,15.32,15.32,20.0,13.51,8,125.86
2018-11-06,16.88,16.88,14.86,15.32,16.1,16.1,20.0,13.51,12166,197266.3
2018-11-07,16.7,16.7,16.4,16.1,16.4,16.4,20.0,13.51,1038,17173.2
2018-11-09,14.45,16.4,14.45,16.4,16.24,15.94,20.0,13.51,2694,43134.66
2018-11-12,16.49,16.49,15.94,15.94,15.94,15.94,20.0,13.51,22,361.68
2018-11-13,15.9,15.9,15.1,15.94,15.9,15.49,20.0,13.51,959,14905.25
2018-11-14,15.9,15.9,15.41,15.49,15.41,15.41,20.0,13.51,145,2305.01
2018-11-15,15.08,15.9,15.08,15.41,15.9,15.89,20.0,13.51,1541,23797.73
2018-11-16,16.0,16.24,15.14,15.89,15.5,15.5,20.0,13.51,495,7923.32
2018-11-19,15.84,15.85,15.84,15.5,15.85,15.85,20.0,13.51,6572,104164.2
2018-11-20,16.24,16.24,15.85,15.85,15.85,15.85,20.0,13.51,201,3193.65
2018-11-21,16.24,16.25,16.2,15.85,16.2,16.2,20.0,13.51,300,4874.2
2018-11-22,16.2,16.25,15.94,16.2,15.94,15.94,20.0,13.51,948,15384.47
2018-11-26,17.0,17.0,14.54,15.94,15.9,15.9,20.0,13.51,355,5471.9
2018-11-27,15.86,16.5,15.86,15.9,16.5,16.5,20.0,13.51,13,213.86
2018-11-28,16.5,16.5,16.5,16.5,16.5,16.5,20.0,13.51,4,66.0
2018-11-29,16.5,16.5,15.91,16.5,15.96,15.96,20.0,13.51,324,5339.02
2018-11-30,15.0,16.5,15.0,15.96,16.4,16.4,20.0,13.51,172,2754.75
2018-12-03,16.4,16.4,16.39,16.4,16.39,16.39,20.0,13.51,65,1065.39
2018-12-04,16.0,16.5,15.86,16.39,16.1,16.24,20.0,13.51,15758,255859.75
2018-12-05,16.6,17.07,16.4,16.24,17.05,17.05,20.0,13.51,17166,286353.44
2018-12-06,17.1,17.5,16.57,17.05,16.68,16.68,20.0,13.51,20015,342431.97
2018-12-07,17.39,17.39,17.0,16.68,17.05,17.05,20.0,13.51,3501,59935.74
2018-12-10,17.05,17.21,17.0,17.05,17.2,17.2,20.0,13.51,2714,46355.53
2018-12-11,17.35,19.22,17.15,17.2,17.15,17.2,20.0,13.51,14342,248654.47
2018-12-12,17.01,17.2,17.01,17.2,17.2,17.2,20.0,13.51,515,8810.95
2018-12-13,16.0,17.69,16.0,17.2,17.69,17.69,20.0,13.51,141,2445.94
2018-12-14,18.05,18.05,17.69,17.69,17.69,17.69,20.0,13.51,18,319.14
2018-12-17,17.69,17.69,17.69,17.69,17.69,17.69,20.0,13.51,10,176.9
2018-12-18,17.6,17.65,17.6,17.69,17.65,17.65,20.0,13.51,2161,38053.8
2018-12-19,19.46,19.47,17.65,17.65,18.18,18.18,20.0,13.51,1994,35704.33
2018-12-20,17.9,19.45,16.9,18.18,18.0,18.0,20.0,13.51,2179,40028.45
2018-12-21,18.98,18.98,17.85,18.0,17.85,17.85,20.0,13.51,1026,18353.94
2018-12-24,18.98,18.98,18.0,17.85,18.0,18.0,20.0,13.51,30,549.8
2018-12-26,18.65,18.74,18.01,18.0,18.01,18.01,20.0,13.51,140,2571.0
2018-12-27,18.59,18.59,18.01,18.01,18.01,18.01,20.0,13.51,47,849.42
2018-12-28,18.5,18.67,17.95,18.01,17.95,17.95,20.0,13.51,217,3974.88
2018-12-31,17.95,17.95,17.57,17.95,17.95,17.85,20.0,13.51,10340,185523.09
2019-01-01,17.95,17.95,17.94,17.85,17.95,17.94,20.0,13.51,75,1345.88
2019-01-02,17.95,17.95,17.95,17.94,17.95,17.95,20.0,13.51,282,5061.9
2019-01-03,17.95,17.95,17.75,17.95,17.75,17.75,20.0,13.51,72,1282.4
2019-01-04,17.95,17.95,17.22,17.75,17.9,17.89,20.0,13.51,17320,309689.8
2019-01-07,17.89,17.94,17.7,17.89,17.89,17.92,20.0,13.51,189,3373.31
2019-01-08,17.62,17.62,17.62,17.92,17.62,17.62,20.0,13.51,11,193.82
2019-01-09,17.95,17.95,17.12,17.62,17.65,17.65,20.0,13.51,326,5707.38
2019-01-10,17.95,17.95,17.95,17.65,17.95,17.95,20.0,13.51,101,1812.95
2019-01-11,17.95,17.95,17.5,17.95,17.95,17.95,20.0,13.51,561,10055.9
2019-01-14,17.95,17.95,17.95,17.95,17.95,17.95,20.0,13.51,1044,18739.8
2019-01-15,17.95,17.95,17.5,17.95,17.95,17.95,20.0,13.51,255,4551.8
2019-01-16,17.95,17.95,17.95,17.95,17.95,17.95,20.0,13.51,1318,23658.1
2019-01-17,17.95,17.95,17.85,17.95,17.94,17.94,20.0,13.51,403,7202.53
2019-01-18,17.95,17.95,17.95,17.94,17.95,17.95,20.0,13.51,5,89.75
2019-01-21,17.95,17.95,17.95,17.95,17.95,17.95,20.0,13.51,5,89.75
2019-01-22,17.95,17.95,16.25,17.95,17.14,17.14,20.0,13.51,1794,30689.38
2019-01-23,17.89,17.95,17.21,17.14,17.95,17.95,20.0,13.51,5953,106103.99
2019-01-24,17.95,17.95,17.75,17.95,17.86,17.86,20.0,13.51,85,1509.39
2019-01-25,17.95,17.95,17.75,17.86,17.9,17.9,20.0,13.51,73,1298.05
2019-01-28,17.95,17.95,17.75,17.9,17.75,17.75,20.0,13.51,13,230.95
2019-01-29,17.86,17.86,17.75,17.75,17.75,17.75,20.0,13.51,23,410.67
2019-01-30,17.95,17.95,17.86,17.75,17.95,17.95,20.0,13.51,267,4778.88
2019-01-31,16.25,17.95,16.25,17.95,17.75,17.75,20.0,13.51,53,948.65
2019-02-01,17.95,17.95,17.95,17.75,17.95,17.95,20.0,13.51,4771,85639.45
2019-02-05,17.77,17.77,17.11,17.95,17.11,17.25,20.0,13.62,221,3825.11
2019-02-06,17.8,18.0,16.56,17.25,17.01,17.01,20.0,13.62,965,17284.02
2019-02-07,17.02,17.8,17.02,17.01,17.8,17.8,20.0,13.62,2855,50259.28
2019-02-08,17.36,17.99,17.16,17.8,17.98,17.98,20.0,13.62,316,5440.04
2019-02-11,17.89,17.9,17.89,17.98,17.9,17.9,20.0,13.62,335,5994.18
2019-02-12,17.9,17.9,17.35,17.9,17.35,17.56,20.0,13.62,25681,452417.56
2019-02-13,17.78,17.8,17.4,17.56,17.5,17.46,20.0,13.62,7473,131709.9
2019-02-14,17.09,17.27,17.09,17.46,17.25,17.25,20.0,13.62,7750,133746.4
2019-02-15,17.82,18.49,17.25,17.25,17.25,17.25,20.0,13.62,1010,18260.5
2019-02-18,17.49,18.39,17.02,17.25,17.1,17.1,20.0,13.62,198,3425.07
2019-02-20,17.83,17.83,17.15,17.1,17.15,17.43,20.0,13.62,16,280.56
2019-02-21,17.83,17.83,17.13,17.43,17.15,17.15,20.0,13.62,76,1318.21
2019-02-25,18.0,18.0,17.5,17.15,17.72,17.72,20.0,13.62,44,784.84
2019-02-26,17.7,17.72,17.04,17.72,17.25,17.25,20.0,13.62,458,7901.34
2019-02-27,17.01,17.25,17.01,17.25,17.24,17.24,20.0,13.62,32,549.5
2019-02-28,17.69,18.0,17.36,17.24,17.55,17.55,20.0,13.62,3799,66766.0
2019-03-01,18.5,18.5,17.36,17.55,17.89,17.89,20.0,13.62,476,8407.66
2019-03-05,17.0,18.0,17.0,17.89,17.9,17.9,20.0,13.62,7158,126918.5
2019-03-06,17.89,17.9,17.5,17.9,17.9,17.9,20.0,13.62,267,4686.02
2019-03-07,17.85,17.85,17.59,17.9,17.85,17.85,20.0,13.62,153,2721.17
2019-03-08,17.5,17.99,17.5,17.85,17.98,17.98,20.0,13.62,122,2144.75
2019-03-11,17.98,17.98,17.9,17.98,17.9,17.9,20.0,13.62,4,71.76
2019-03-12,17.8,17.8,17.51,17.9,17.8,17.8,20.0,13.62,685,12104.98
2019-03-13,17.8,17.8,17.53,17.8,17.53,17.53,20.0,13.62,9,158.31
2019-03-14,17.99,17.99,17.64,17.53,17.99,17.97,20.0,13.62,44,791.21
2019-03-15,17.99,17.99,17.81,17.97,17.81,17.81,20.0,13.62,66,1178.82
2019-03-18,17.99,17.99,17.99,17.81,17.99,17.99,20.0,13.62,32,575.68
2019-03-19,17.99,17.99,17.81,17.99,17.99,17.99,20.0,13.62,504,9066.61
2019-03-20,17.75,17.75,17.75,17.99,17.75,17.75,20.0,13.62,257,4561.75
2019-03-22,17.75,17.75,17.75,17.75,17.75,17.75,20.0,13.62,500,8875.0
2019-03-25,17.99,17.99,17.95,17.75,17.95,17.95,20.0,13.62,39,700.45
2019-03-26,17.71,17.71,17.71,17.95,17.71,17.71,20.0,13.62,1,17.71
2019-03-27,17.71,17.71,17.13,17.71,17.13,17.13,20.0,13.62,6040,104849.58
2019-03-28,17.66,17.94,17.6,17.13,17.6,17.6,20.0,13.62,2096,37584.72
2019-03-29,17.99,18.0,17.8,17.6,17.8,17.8,20.0,13.62,2040,36690.45
2019-04-01,18.0,18.0,17.94,17.8,17.94,17.94,19.49,13.62,1475,26544.86
2019-04-02,17.94,17.99,17.94,17.94,17.99,17.99,19.49,13.62,32,574.33
2019-04-03,17.61,18.0,17.61,17.99,17.99,17.75,19.49,13.62,31151,559034.22
2019-04-04,18.0,18.0,17.85,17.75,17.85,17.86,19.49,13.62,3046,54677.0
2019-04-05,18.0,18.0,17.7,17.86,17.7,17.7,19.49,13.62,2021,36376.8
2019-04-08,18.0,18.0,17.7,17.7,17.7,17.7,19.49,13.62,46,818.7
2019-04-09,17.62,17.93,17.28,17.7,17.93,17.93,19.49,13.62,517,8978.78
2019-04-10,17.81,17.82,17.62,17.93,17.82,17.82,19.49,13.62,60,1059.15
2019-04-11,17.99,18.0,17.41,17.82,17.74,17.74,19.49,13.62,2152,38663.83
2019-04-12,17.54,18.0,17.54,17.74,18.0,18.0,19.49,13.62,3138,56476.38
2019-04-15,17.67,18.0,17.18,18.0,17.8,17.8,19.49,13.62,2581,45555.03
2019-04-16,17.48,17.85,17.17,17.8,17.17,17.2,19.49,13.62,252,4355.87
2019-04-18,17.85,17.85,17.14,17.2,17.2,17.2,19.49,13.62,1202,20648.83
2019-04-22,17.82,18.0,17.55,17.2,17.55,17.67,19.49,13.62,3315,59318.72
2019-04-23,17.8,17.8,17.11,17.67,17.65,17.64,19.49,13.62,2501,44270.65
2019-04-24,17.3,17.65,17.3,17.64,17.65,17.65,19.49,13.62,785,13814.5
2019-04-25,17.28,18.0,17.27,17.65,17.27,17.34,19.49,13.62,1980,35531.01
2019-04-26,17.8,18.0,17.36,17.34,17.6,17.6,19.49,13.62,188,3329.72
2019-04-30,17.93,17.94,17.39,17.6,17.6,17.6,19.49,13.62,64,1132.25
2019-05-02,17.98,18.0,17.42,17.6,18.0,18.0,19.49,13.62,815,14643.78
2019-05-03,17.54,18.0,17.0,18.0,17.75,17.75,19.49,13.62,1476,25692.94
2019-05-06,18.0,18.0,17.32,17.75,18.0,18.0,19.49,13.62,61,1091.2
2019-05-07,18.0,18.0,17.5,18.0,17.99,17.99,19.49,13.62,72,1277.79
2019-05-08,17.56,21.99,17.03,17.99,18.99,18.99,21.99,13.62,4063,76717.11
2019-05-09,18.99,20.0,18.99,18.99,19.0,19.0,21.99,13.62,3812,75142.03
2019-05-10,20.0,20.0,17.37,19.0,17.61,18.37,21.99,13.62,2136,39968.95
2019-05-13,18.0,18.89,17.5,18.37,17.7,17.7,21.99,13.62,2017,35826.48
2019-05-14,17.82,18.29,17.59,17.7,17.59,17.59,21.99,13.62,292,5203.56
2019-05-15,18.39,18.39,17.51,17.59,17.89,17.89,21.99,13.62,1338,23986.95
2019-05-16,17.9,18.18,17.57,17.89,17.6,17.6,21.99,13.62,622,10983.79
2019-05-17,18.16,18.16,17.65,17.6,17.66,18.01,21.99,13.62,20,359.56
2019-05-20,18.01,18.5,18.01,18.01,18.5,18.5,21.99,13.62,3073,56760.73
2019-05-22,18.0,18.15,17.75,18.5,18.05,18.05,21.99,13.62,243,4328.35
2019-05-23,18.2,18.5,18.11,18.05,18.39,18.39,21.99,13.62,4151,76656.82
2019-05-24,18.5,21.5,18.5,18.39,18.85,19.36,21.99,13.62,16286,321366.09
2019-05-27,19.49,21.45,19.05,19.36,19.3,19.3,21.99,13.62,1589,31340.93
2019-05-28,20.9,21.0,19.55,19.3,20.01,20.01,21.99,13.62,1152,23964.58
2019-05-29,19.6,19.6,19.11,20.01,19.11,19.11,21.99,13.62,502,9784.7
2019-05-30,18.9,21.0,18.9,19.11,21.0,21.0,21.99,13.62,937,19560.92
2019-05-31,19.5,20.24,18.0,21.0,18.3,18.59,21.99,13.62,4500,83638.22
2019-06-03,18.82,19.84,18.67,18.59,18.67,18.81,21.99,13.93,1011,19072.68
2019-06-04,19.99,19.99,18.85,18.81,18.86,19.23,21.99,13.93,767,14889.38
2019-06-06,19.5,19.6,18.65,19.23,18.75,18.75,21.99,13.93,502,9410.43
2019-06-07,18.76,19.02,18.76,18.75,19.02,18.88,21.99,13.93,56,1054.17
2019-06-10,18.7,19.48,18.7,18.88,19.02,19.06,21.99,13.93,1218,23558.2
2019-06-11,18.9,19.99,18.9,19.06,19.75,19.75,21.99,13.93,28,548.24
2019-06-12,19.99,22.6,19.99,19.75,21.55,21.57,22.6,13.93,17633,381394.21
2019-06-13,21.4,21.8,20.2,21.57,21.39,21.19,22.6,13.93,7457,160931.4
2019-06-14,21.19,21.75,20.25,21.19,20.91,20.91,22.6,13.93,2070,43918.2
2019-06-17,20.92,22.38,18.55,20.91,22.38,20.92,22.6,13.93,6919,140925.48
2019-06-18,20.65,20.65,19.75,20.92,20.49,20.49,22.6,13.93,601,12179.39
2019-06-19,19.95,21.49,19.95,20.49,21.46,20.71,22.6,13.93,876,18314.35
2019-06-20,19.66,21.49,19.06,20.71,19.95,19.55,22.6,13.93,3633,72864.94
2019-06-21,20.7,20.7,19.02,19.55,20.49,20.0,22.6,13.93,1153,22856.42
2019-06-24,19.63,19.89,19.32,20.0,19.68,19.5,22.6,13.93,1467,28608.1
2019-06-25,19.71,22.99,19.19,19.5,19.68,19.48,22.99,13.93,37691,763266.4
2019-06-26,19.68,20.99,19.01,19.48,19.43,19.12,22.99,13.93,22499,434433.55
2019-06-27,19.41,22.5,18.55,19.12,19.13,19.14,22.99,13.93,20119,406059.12
2019-06-28,19.0,20.48,18.85,19.14,19.21,19.21,22.99,13.93,6916,133546.51
2019-07-01,19.22,20.22,19.22,19.21,20.0,20.0,22.99,13.93,5149,102452.67
2019-07-02,19.51,20.45,19.32,20.0,19.57,19.58,22.99,13.93,526,10330.45
2019-07-03,19.59,20.2,19.58,19.58,19.58,19.58,22.99,13.93,805,15900.11
2019-07-04,19.58,19.89,19.32,19.58,19.59,19.32,22.99,13.93,29222,564985.53
2019-07-05,20.5,20.5,19.05,19.32,20.09,19.99,22.99,13.93,2953,58491.38
2019-07-08,19.8,20.8,19.8,19.99,20.35,20.26,22.99,13.93,2122,42726.19
2019-07-09,20.3,20.3,19.57,20.26,19.57,19.58,22.99,13.93,31487,618241.34
2019-07-10,19.61,20.1,19.6,19.58,19.98,19.98,22.99,13.93,544,10783.36
2019-07-11,17.01,21.75,17.01,19.98,20.0,19.71,22.99,13.93,2482,49466.18
2019-07-12,20.8,20.8,19.71,19.71,19.71,19.71,22.99,13.93,7116,140965.77
2019-07-15,19.9,20.0,19.77,19.71,20.0,20.0,22.99,13.93,2373,47405.51
2019-07-16,19.66,20.0,19.66,20.0,19.91,19.99,22.99,13.93,1985,39454.37
2019-07-17,20.0,20.0,19.94,19.99,19.98,19.98,22.99,13.93,1052,21001.48
2019-07-18,19.98,20.0,19.55,19.98,19.85,19.57,22.99,13.93,984,19282.55
2019-07-19,19.84,19.97,19.52,19.57,19.97,19.78,22.99,13.93,1460,28750.41
2019-07-22,19.26,19.97,19.26,19.78,19.9,19.9,22.99,14.11,266,5229.06
2019-07-23,19.9,23.75,18.52,19.9,21.5,21.16,23.75,14.11,68352,1482946.37
2019-07-24,21.0,21.5,20.15,21.16,20.95,20.94,23.75,14.11,7904,166151.35
2019-07-25,21.4,21.5,18.9,20.94,19.35,19.7,23.75,14.11,25022,495266.39
2019-07-26,20.0,20.0,19.26,19.7,19.45,19.44,23.75,14.11,990,19249.57
2019-07-29,20.0,21.0,19.31,19.44,20.03,19.58,23.75,14.11,8060,162962.79
2019-07-30,20.0,20.8,19.66,19.58,19.66,19.66,23.75,14.11,1537,30544.4
2019-07-31,19.9,20.5,19.66,19.66,20.01,20.0,23.75,14.11,749,15128.41
2019-08-01,19.92,19.99,19.26,20.0,19.42,19.47,23.75,14.11,1015,19776.87
2019-08-02,19.7,20.69,19.7,19.47,20.28,20.28,23.75,14.11,96,1905.78
2019-08-05,21.65,22.0,20.67,20.28,21.29,21.24,23.75,14.11,14707,315860.64
2019-08-06,21.0,21.7,19.6,21.24,20.0,19.83,23.75,14.11,54081,1078493.98
2019-08-07,21.39,22.3,20.1,19.83,21.0,21.01,23.75,14.11,15740,343400.19
2019-08-08,21.8,22.4,19.9,21.01,20.85,20.18,23.75,14.11,33792,689765.49
2019-08-09,21.2,21.2,20.0,20.18,20.38,20.03,23.75,14.11,7509,151217.25
2019-08-13,20.99,20.99,19.0,20.03,19.0,19.25,23.75,14.11,13406,261762.12
2019-08-14,20.38,21.0,19.71,19.25,20.89,20.88,23.75,14.11,13573,278623.78
2019-08-16,20.88,21.4,19.81,20.88,21.0,20.99,23.75,14.11,12278,257341.89
2019-08-19,20.8,21.3,20.15,20.99,20.54,20.48,23.75,14.11,14764,308255.1
2019-08-20,21.2,21.3,20.25,20.48,20.3,20.4,23.75,14.11,988,20299.39
2019-08-21,20.25,20.5,19.9,20.4,20.48,20.05,23.75,14.11,7662,154147.85
2019-08-22,20.34,21.0,19.7,20.05,19.72,19.71,23.75,14.11,110788,2190144.93
2019-08-23,20.0,20.3,19.7,19.71,19.7,19.7,23.75,14.11,1663,32954.41
2019-08-26,20.01,20.87,19.35,19.7,19.98,19.78,23.75,14.11,8324,165498.06
2019-08-27,20.8,20.99,19.75,19.78,19.99,19.93,23.75,14.11,18046,366539.29
2019-08-28,20.5,20.5,19.67,19.93,20.18,19.7,23.75,14.11,1621,32482.3
2019-08-29,20.08,20.08,19.65,19.7,19.65,19.65,23.75,14.11,5072,100496.83
2019-08-30,19.15,19.93,19.15,19.65,19.88,19.88,23.75,14.11,3595,70599.47
2019-09-03,20.35,20.76,19.2,19.88,20.17,19.79,23.75,14.11,224544,4441329.63
2019-09-04,19.75,19.95,19.61,19.79,19.95,19.95,23.75,14.11,203659,4034120.47
2019-09-05,19.95,19.95,19.65,19.95,19.94,19.94,23.75,14.11,111,2210.76
2019-09-06,19.66,19.9,19.66,19.94,19.75,19.75,23.75,14.11,611,12066.42
2019-09-09,19.15,20.19,18.5,19.75,19.75,19.75,23.75,14.28,9310,181357.17
2019-09-11,19.7,19.74,19.51,19.75,19.69,19.64,23.75,14.28,6032,118518.31
2019-09-12,19.62,20.45,19.5,19.64,19.5,19.5,23.75,14.28,10236,201041.86
2019-09-13,20.5,20.5,19.46,19.5,19.72,20.12,23.75,14.28,2255,44984.41
2019-09-16,19.72,20.3,19.55,20.12,19.85,19.85,23.75,14.28,3183,63215.72
2019-09-17,20.5,20.7,18.2,19.85,19.63,20.1,23.75,14.28,26588,517146.69
2019-09-18,19.82,19.82,19.25,20.1,19.82,19.82,23.75,14.28,22023,433507.32
2019-09-19,19.86,20.8,19.79,19.82,19.97,19.96,23.75,14.28,17867,362840.03
2019-09-20,19.97,20.9,19.71,19.96,19.71,19.71,23.75,14.28,4897,99608.78
2019-09-23,20.98,21.0,20.22,19.71,20.97,20.97,23.75,14.28,7467,155610.56
2019-09-24,20.8,21.1,19.81,20.97,20.6,20.27,23.75,14.28,19922,410654.08
2019-09-25,20.27,20.69,20.0,20.27,20.24,20.24,23.75,14.28,761,15387.83
2019-09-26,20.23,20.24,19.71,20.24,20.18,20.05,23.75,14.28,1455,29321.41
2019-09-27,20.25,20.36,19.67,20.05,19.8,19.8,23.75,14.28,3694,73217.56
2019-09-30,20.4,20.78,19.75,19.8,20.45,20.69,23.75,14.28,5881,120309.36
2019-10-01,20.69,20.89,19.97,20.69,20.01,20.11,23.75,14.28,1778,35929.85
2019-10-03,20.64,20.64,20.01,20.11,20.49,20.49,23.75,14.28,859,17515.28
2019-10-04,20.9,20.9,20.15,20.49,20.72,20.68,23.75,14.28,3146,65049.86
2019-10-07,21.0,21.4,20.04,20.68,20.9,20.89,23.75,14.45,52875,1102797.07
2019-10-09,21.0,21.0,20.4,20.89,20.98,20.97,23.75,14.45,5172,108183.86
2019-10-10,20.5,20.89,20.0,20.97,20.19,20.11,23.75,14.45,2651,53692.71
2019-10-11,20.64,20.64,20.0,20.11,20.0,20.05,23.75,14.45,427,8583.87
2019-10-14,20.0,20.89,19.1,20.05,20.0,20.0,23.75,14.45,10052,196797.02
2019-10-15,20.45,20.64,20.01,20.0,20.48,20.31,23.75,14.45,2011,40997.99
2019-10-16,20.4,20.47,20.01,20.31,20.01,20.01,23.75,14.45,127,2583.49
2019-10-17,20.48,20.48,20.01,20.01,20.47,20.41,23.75,14.45,535,10727.78
2019-10-18,20.0,23.6,20.0,20.41,21.49,21.53,23.75,14.45,39343,861954.3
2019-10-22,21.99,21.99,21.15,21.53,21.15,21.49,23.75,14.45,52800,1136155.07
2019-10-23,21.75,21.95,21.49,21.49,21.7,21.72,23.75,14.45,1891,41008.72
2019-10-24,21.72,21.72,20.65,21.72,21.44,20.7,23.75,14.45,479,10035.96
2019-10-25,22.5,22.5,20.5,20.7,21.29,21.44,23.75,14.45,1842,39118.61
2019-10-27,22.5,22.5,20.25,21.44,20.81,21.32,23.75,14.45,13316,286251.27
2019-10-29,22.89,22.89,20.33,21.32,21.19,21.27,23.75,14.45,7147,148753.7
2019-10-30,21.25,22.5,21.25,21.27,22.5,22.01,23.75,14.45,3933,85750.11
2019-10-31,22.05,22.9,21.05,22.01,21.4,21.98,23.75,14.45,6386,139578.29
2019-11-01,22.0,22.29,21.15,21.98,21.51,21.73,23.75,14.45,239,5216.97
2019-11-04,23.0,23.0,20.77,21.73,20.77,21.0,23.75,14.45,12525,264868.26
2019-11-05,21.05,21.8,21.01,21.0,21.01,21.2,23.75,14.45,2404,51057.89
2019-11-06,21.49,21.49,20.81,21.2,21.4,21.39,23.75,14.45,1392,29818.72
2019-11-07,21.7,21.7,20.79,21.39,21.32,20.93,23.75,14.45,4080,85689.13
2019-11-08,21.2,21.25,21.0,20.93,21.23,21.13,23.75,14.45,548,11573.43
2019-11-11,21.49,21.49,20.51,21.13,20.6,20.7,23.75,14.54,1775,37130.74
2019-11-13,21.86,22.98,20.3,20.7,20.3,20.64,23.75,14.54,3525,73999.92
2019-11-14,21.48,21.48,20.53,20.64,20.61,20.98,23.75,14.54,1564,32599.79
2019-11-15,21.58,21.58,20.01,20.98,20.01,20.75,23.75,14.54,9996,208642.83
2019-11-18,20.15,21.5,20.15,20.75,21.45,21.44,23.75,14.54,5855,124598.99
2019-11-19,23.5,23.5,20.21,21.44,20.89,20.91,23.75,14.54,31632,661569.3
2019-11-20,20.91,21.47,20.55,20.91,20.67,20.74,23.75,14.54,9835,205930.01
2019-11-21,20.6,21.0,20.59,20.74,20.71,20.7,23.75,14.54,2044,42370.09
2019-11-22,21.1,21.4,20.65,20.7,20.8,20.79,23.75,14.54,965,20185.02
2019-11-25,21.0,21.0,20.62,20.79,20.62,20.66,23.75,14.54,1809,37643.69
2019-11-26,20.6,21.2,20.51,20.66,20.88,20.88,23.75,14.54,1115,23103.15
2019-11-27,20.88,20.98,20.05,20.88,20.5,20.45,23.75,14.54,12228,247139.93
2019-11-28,20.88,20.88,20.21,20.45,20.25,20.76,23.75,14.54,325,6732.1
2019-11-29,20.7,20.85,20.15,20.76,20.69,20.45,23.75,14.54,1795,36940.97
2019-12-02,20.96,20.96,20.31,20.45,20.31,20.66,23.75,15.86,387,7947.94
2019-12-03,20.79,20.79,20.15,20.66,20.57,20.34,23.75,15.86,1505,30776.59
2019-12-04,20.4,20.49,19.6,20.34,19.86,20.25,23.75,15.86,8996,180132.03
2019-12-05,21.3,21.3,19.8,20.25,20.2,20.17,23.75,15.86,2556,51801.96
2019-12-06,20.68,20.68,19.99,20.17,20.39,20.02,23.75,15.86,3252,65264.69
2019-12-09,20.1,20.58,20.05,20.02,20.05,20.07,23.75,16.0,485,9783.41
2019-12-10,20.99,20.99,19.71,20.07,20.41,20.42,23.75,16.0,857,17518.47
2019-12-11,20.4,20.4,19.72,20.42,20.19,20.19,23.75,16.0,1169,23341.73
2019-12-12,20.45,20.47,19.91,20.19,20.24,20.18,23.75,16.0,840,17019.72
2019-12-13,20.49,20.49,19.77,20.18,20.09,19.92,23.75,16.0,2223,44433.2
2019-12-16,19.82,20.2,19.63,19.92,20.0,19.99,23.75,16.25,5717,113827.26
2019-12-17,20.15,20.15,19.7,19.99,19.7,19.79,23.75,16.25,701,13879.47
2019-12-18,19.9,20.13,19.61,19.79,19.81,19.88,23.75,16.25,949,18985.22
2019-12-19,20.15,20.15,19.4,19.88,19.81,19.81,23.75,16.25,451,9009.65
2019-12-20,20.89,20.89,19.31,19.81,19.48,19.5,23.75,16.25,4620,90736.43
2019-12-23,19.8,20.23,19.7,19.5,20.0,19.98,23.75,16.25,6318,124875.26
2019-12-24,19.32,19.99,19.32,19.98,19.61,19.74,23.75,16.25,1258,24783.93
2019-12-26,19.55,19.99,19.51,19.74,19.52,19.56,23.75,16.25,660,12960.35
2019-12-27,19.98,19.98,19.56,19.56,19.94,19.94,23.75,16.25,367,7308.13
2019-12-30,19.3,20.35,19.28,19.94,20.29,20.29,23.75,16.25,3500,69285.42
2019-12-31,20.0,20.9,20.0,20.29,20.85,20.85,23.75,16.25,6774,140019.15
2020-01-01,20.4,21.18,20.4,20.85,20.8,20.8,23.75,16.25,5323,110754.66
2020-01-02,21.18,21.3,20.6,20.8,21.2,21.28,23.75,16.25,28776,610610.13
2020-01-03,21.4,21.4,20.55,21.28,21.25,21.25,23.75,16.25,11217,236696.92
2020-01-06,20.55,21.45,20.55,21.25,20.58,20.85,23.75,16.25,16593,353569.23
2020-01-07,21.48,21.48,20.66,20.85,20.99,20.98,23.75,16.25,274,5770.3
2020-01-08,21.39,21.39,19.85,20.98,20.34,20.11,23.75,16.25,12202,243054.14
2020-01-09,20.5,20.65,19.91,20.11,19.92,20.0,23.75,16.25,4450,88947.3
2020-01-10,19.86,20.1,19.81,20.0,19.97,19.89,23.75,16.25,10463,208760.76
2020-01-13,21.35,21.35,19.4,19.89,20.45,20.27,23.75,16.25,10792,218102.71
2020-01-14,20.05,20.05,19.86,20.27,20.0,19.99,23.75,16.25,1845,36767.71
2020-01-15,19.8,20.0,19.71,19.99,20.0,19.8,23.75,16.25,3347,66380.59
2020-01-16,19.8,20.0,19.73,19.8,20.0,19.96,23.75,16.25,4312,85993.12
2020-01-17,20.0,20.05,19.67,19.96,19.93,19.78,23.75,16.25,3870,76817.07
2020-01-20,19.99,20.05,19.8,19.78,20.0,19.99,23.75,16.25,1610,32126.5
2020-01-21,19.9,19.99,19.67,19.99,19.7,19.83,23.75,16.25,3836,75850.72
2020-01-22,19.8,19.97,19.7,19.83,19.95,19.95,23.75,16.25,358,7103.03
2020-01-23,19.85,19.96,19.76,19.95,19.77,19.79,23.75,16.25,281,5570.63
2020-01-24,19.8,19.99,19.8,19.79,19.95,19.95,23.75,16.25,567,11299.8
2020-01-27,19.99,19.99,19.76,19.95,19.97,19.96,23.75,16.25,905,18061.07
2020-01-28,20.0,20.0,19.7,19.96,19.75,19.75,23.75,16.25,10451,208623.99
2020-01-29,20.5,20.5,19.63,19.75,19.63,19.65,23.75,16.25,4939,97703.07
2020-01-30,20.39,20.5,17.6,19.65,18.77,18.99,23.75,16.25,108848,2050198.5
2020-01-31,19.5,19.5,18.6,18.99,18.6,18.94,23.75,16.25,6707,127136.35
2020-02-01,19.38,19.38,18.61,18.94,18.99,18.99,23.75,16.25,771,14740.01
2020-02-03,21.8,21.8,18.68,18.99,19.59,19.43,23.75,16.56,39357,749179.5
2020-02-04,19.74,19.76,18.33,19.43,19.44,19.41,23.75,16.56,15245,291332.18
2020-02-05,19.75,19.86,19.5,19.41,19.8,19.79,23.75,16.56,1391,27418.79
2020-02-06,20.87,20.87,19.25,19.79,19.8,19.85,23.75,16.56,27695,552500.03
2020-02-07,20.4,20.4,19.75,19.85,20.0,19.92,23.75,16.56,1868,37232.1
2020-02-10,20.0,20.4,20.0,19.92,20.03,20.07,23.75,17.0,2995,60195.52
2020-02-11,20.0,20.3,19.83,20.07,19.87,19.88,23.75,17.0,9457,191419.48
2020-02-12,20.2,20.5,19.2,19.88,19.85,19.95,23.75,17.0,1671,33380.88
2020-02-13,19.9,20.16,19.85,19.95,20.15,19.9,23.75,17.0,994,19792.87
2020-02-14,20.0,20.15,19.71,19.9,19.73,19.83,23.75,17.0,284,5685.9
2020-02-17,20.2,21.1,20.0,19.83,20.39,20.38,23.75,17.0,24009,490870.31
2020-02-18,20.2,20.38,19.82,20.38,19.84,19.84,23.75,17.0,935,18664.92
2020-02-19,20.6,20.6,19.8,19.84,20.24,20.22,23.75,17.0,1674,34019.38
2020-02-19,20.6,20.6,19.8,19.84,20.24,20.22,23.75,17.0,1674,34019.38
2020-02-19,20.6,20.6,19.8,19.84,20.24,20.22,23.75,17.0,1674,34019.38
2020-02-19,20.6,20.6,19.8,19.84,20.24,20.22,23.75,17.0,1674,34019.38
2020-02-19,20.6,20.6,19.8,19.84,20.24,20.22,23.75,17.0,1674,34019.38
2020-02-19,20.6,20.6,19.8,19.84,20.24,20.22,23.75,17.0,1674,34019.38
2020-02-20,20.0,20.9,20.0,20.22,20.85,20.59,23.75,17.0,26315,540822.36
2020-02-24,20.99,20.99,20.2,20.59,20.5,20.5,23.75,17.0,1810,37039.15
2020-02-25,20.2,20.7,20.1,20.5,20.5,20.49,23.75,17.0,1178,24167.24
2020-02-26,20.2,20.8,20.01,20.49,20.45,20.44,23.75,17.0,1362,27847.93
2020-02-27,20.21,20.49,20.2,20.44,20.2,20.24,23.75,17.0,820,16723.16
2020-02-28,19.16,20.5,19.16,20.24,20.48,20.45,23.75,17.0,1713,34268.97
2020-03-02,19.25,20.98,19.0,20.45,19.9,19.66,23.75,17.0,14520,284140.05
2020-03-03,20.7,20.7,19.3,19.66,19.71,19.72,23.75,17.0,20308,400885.51
2020-03-03,20.7,20.7,19.3,19.66,19.71,19.72,23.75,17.0,20308,400885.51
2020-03-03,20.7,20.7,19.3,19.66,19.71,19.72,23.75,17.0,20308,400885.51
2020-03-03,20.7,20.7,19.3,19.66,19.71,19.72,23.75,17.0,20308,400885.51
2020-03-03,20.7,20.7,19.3,19.66,19.71,19.72,23.75,17.0,20308,400885.51
2020-03-03,20.7,20.7,19.3,19.66,19.71,19.72,23.75,17.0,20308,400885.51
2020-03-04,20.2,20.39,19.62,19.72,19.65,19.94,23.75,17.0,13492,269385.32
2020-03-04,20.2,20.39,19.62,19.72,19.65,19.94,23.75,17.0,13492,269385.32
2020-03-04,20.2,20.39,19.62,19.72,19.65,19.94,23.75,17.0,13492,269385.32
2020-03-04,20.2,20.39,19.62,19.72,19.65,19.94,23.75,17.0,13492,269385.32
2020-03-04,20.2,20.39,19.62,19.72,19.65,19.94,23.75,17.0,13492,269385.32
2020-03-04,20.2,20.39,19.62,19.72,19.65,19.94,23.75,17.0,13492,269385.32
2020-03-04,20.2,20.39,19.62,19.72,19.65,19.94,23.75,17.0,13492,269385.32
2020-03-04,20.2,20.39,19.62,19.72,19.65,19.94,23.75,17.0,13492,269385.32
2020-03-05,19.3,20.5,19.3,19.94,19.99,19.95,23.75,17.0,13386,266556.9
2020-03-06,19.93,21.7,18.75,19.95,20.5,20.86,23.75,17.0,21274,429030.88
2020-03-09,21.69,21.69,19.5,20.86,20.5,20.53,23.75,17.0,5386,111432.12
2020-03-11,21.6,21.6,19.2,20.53,20.6,20.57,23.75,17.0,16233,332055.16
2020-03-12,19.22,21.0,19.22,20.57,20.95,20.91,23.75,17.0,9789,202065.66
2020-03-13,21.48,21.48,19.4,20.91,20.64,20.84,23.75,17.0,9511,197416.06
2020-03-16,20.84,21.68,19.6,20.84,21.0,20.91,23.75,17.0,10333,217109.24
2020-03-17,19.4,21.4,19.4,20.91,20.1,20.04,23.75,17.0,3606,74073.14
2020-03-18,21.0,21.0,18.12,20.04,20.15,20.15,23.75,17.0,24732,479009.88
2020-03-19,19.8,21.0,19.2,20.15,20.21,20.67,23.75,17.0,3454,69404.8
2020-03-20,20.7,21.39,19.53,20.67,20.03,20.23,23.75,17.0,3461,70954.04
2020-03-23,20.03,20.5,19.53,20.23,20.4,20.11,23.75,17.0,5320,106703.5
2020-03-24,21.4,21.4,20.0,20.11,20.9,20.83,23.75,17.0,3094,62321.65
2020-03-25,19.6,21.0,19.6,20.83,20.2,20.55,23.75,17.0,2674,54750.96
2020-03-26,20.0,21.47,20.0,20.55,21.4,21.19,23.75,17.0,1252,26424.7
2020-03-27,21.1,21.1,20.15,21.19,21.0,21.0,23.75,17.0,7819,163702.03
2020-03-30,21.68,24.5,19.53,21.0,22.4,22.4,24.5,17.0,39485,899745.92
2020-03-31,23.0,23.7,20.2,22.4,22.79,21.83,24.5,17.0,29133,660999.43
2020-04-01,21.0,23.0,21.0,21.83,22.95,22.92,24.5,17.0,9859,222113.89
2020-04-03,22.15,22.99,22.0,22.92,22.06,22.1,24.5,17.0,4879,107973.08
2020-04-07,23.0,24.4,22.0,22.1,22.3,22.45,24.5,17.0,9228,211914.87
2020-04-08,23.75,23.8,21.2,22.45,22.0,22.0,24.5,17.0,25408,568468.68
2020-04-09,24.4,24.4,21.61,22.0,22.58,22.8,24.5,17.0,15941,365780.25
2020-04-13,24.39,24.39,21.7,22.8,22.27,22.22,24.5,17.0,14892,332845.63
2020-04-15,21.88,22.7,21.5,22.22,21.73,21.72,24.5,17.0,10794,237131.3
2020-04-16,21.72,22.99,21.72,21.72,22.4,22.25,24.5,17.0,9821,220166.76
2020-04-17,24.54,24.54,21.77,22.25,22.0,21.99,24.54,17.0,22226,489204.23
2020-04-20,22.0,22.99,20.81,21.99,21.7,21.6,24.54,17.0,19279,420671.32
2020-04-21,20.8,22.5,20.0,21.6,21.63,21.59,24.54,17.0,17251,368653.17
2020-04-22,22.2,22.48,21.05,21.59,21.79,21.79,24.54,17.0,1622,35027.12
2020-04-23,22.2,22.49,21.53,21.79,22.25,22.25,24.54,17.0,8368,184605.11
2020-04-24,22.8,22.8,21.0,22.25,22.01,22.36,24.54,17.0,8565,189976.41
2020-04-27,23.8,23.8,21.16,22.36,22.15,21.79,24.54,17.0,14256,312947.18
2020-04-28,22.15,22.72,21.32,21.79,22.6,22.17,24.54,17.0,9307,204272.68
2020-04-29,21.05,22.8,21.05,22.17,21.95,21.95,24.54,17.0,4163,92050.52
2020-04-30,22.99,22.99,21.61,21.95,22.39,22.35,24.54,17.0,10005,222248.23
2020-05-04,22.98,22.98,21.86,22.35,22.15,22.14,24.54,17.01,85103,1882304.75
2020-05-05,24.48,24.48,21.05,22.14,21.69,21.59,24.54,17.01,9989,217010.13
2020-05-06,21.21,22.48,21.21,21.59,22.09,22.08,24.54,17.01,8037,175380.52
2020-05-07,21.37,22.89,21.37,22.08,21.66,21.83,24.54,17.01,20207,443053.43
2020-05-08,21.83,21.83,18.56,21.83,21.25,21.21,24.54,17.01,25705,538352.11
2020-05-11,23.5,23.5,21.21,21.21,21.42,21.46,24.54,17.01,25133,559688.75
2020-05-12,21.48,21.96,21.0,21.46,21.82,21.82,24.54,17.01,6232,132484.12
2020-05-13,21.82,21.88,21.36,21.82,21.72,21.6,24.54,17.01,2900,62742.34
2020-05-14,21.98,21.98,21.36,21.6,21.84,21.74,24.54,17.01,1845,40229.22
2020-05-15,22.83,22.83,21.3,21.74,22.09,22.19,24.54,17.01,9719,215807.47
2020-05-18,22.0,22.8,21.4,22.19,22.0,21.91,24.54,17.01,10796,236624.66
2020-05-19,22.9,22.9,21.53,21.91,22.23,21.76,24.54,17.01,3578,78511.56
2020-05-20,22.97,22.97,21.22,21.76,21.7,21.79,24.54,17.01,2500,53855.81
2020-05-21,22.49,22.49,21.75,21.79,22.26,21.98,24.54,17.01,579,12643.05
2020-05-22,21.85,22.99,21.85,21.98,22.5,22.49,24.54,17.01,16590,376503.06
2020-05-26,20.11,23.0,20.11,22.49,22.25,22.25,24.54,17.01,1243,28086.16
2020-05-27,22.7,22.7,22.25,22.25,22.7,22.54,24.54,17.01,1237,27913.34
2020-05-28,22.7,22.7,22.1,22.54,22.3,22.48,24.54,17.01,3401,76374.49
2020-05-29,22.11,22.5,22.11,22.48,22.4,22.25,24.54,17.01,235,5258.96
2020-06-01,22.06,23.4,22.0,22.25,23.25,23.22,24.54,17.01,53228,1232038.9
2020-06-02,23.11,23.44,23.05,23.22,23.39,23.34,24.54,17.01,6542,152146.23
2020-06-03,23.4,24.15,22.6,23.34,22.67,22.7,24.54,17.01,16764,387038.52
2020-06-04,23.3,23.39,22.81,22.7,23.28,23.28,24.54,17.01,2470,57336.39
2020-06-05,23.6,23.6,22.51,23.28,23.6,23.47,24.54,17.01,29212,684499.81
2020-06-08,23.47,25.5,23.47,23.47,23.8,23.86,25.5,17.01,35398,857947.19
2020-06-09,23.75,24.0,22.83,23.86,23.98,23.92,25.5,17.01,15435,363562.26
2020-06-10,23.92,23.95,22.13,23.92,23.7,23.75,25.5,17.01,14722,350691.18
2020-06-11,24.19,24.65,23.5,23.75,24.2,24.34,25.5,17.01,5871,142076.86
2020-06-12,21.4,23.9,21.3,24.34,23.0,23.14,25.5,17.01,63039,1469733.72
2020-06-15,23.35,23.7,22.8,23.14,22.85,22.99,25.5,17.01,22276,521046.92
2020-06-16,23.92,23.94,21.0,22.99,22.23,22.09,25.5,17.01,44727,986966.4
2020-06-17,22.26,22.47,22.1,22.09,22.14,22.21,25.5,17.01,1833,40789.63
2020-06-18,22.95,22.95,21.21,22.21,22.2,22.04,25.5,17.01,8984,199098.93
2020-06-19,22.15,22.7,21.49,22.04,21.61,21.88,25.5,17.01,26378,578516.79
2020-06-22,21.64,22.66,21.3,21.88,21.92,21.91,25.5,17.01,11568,252254.25
2020-06-23,22.43,22.43,21.52,21.91,21.8,21.7,25.5,17.01,9031,197115.79
2020-06-24,21.7,22.07,21.15,21.7,21.5,21.64,25.5,17.01,11774,254753.51
2020-06-25,21.64,21.9,21.3,21.64,21.62,21.62,25.5,17.01,4347,94016.09
2020-06-26,22.0,22.0,21.5,21.62,21.79,21.56,25.5,17.01,3938,85224.59
2020-06-29,20.4,21.55,20.4,21.56,21.5,21.11,25.5,17.01,78795,1648021.08
2020-06-30,21.4,21.7,20.73,21.11,21.47,21.41,25.5,17.01,11802,250899.4
2020-07-01,21.47,21.47,20.4,21.41,21.3,21.29,25.5,17.01,12252,257220.9
2020-07-02,20.9,21.39,20.71,21.29,21.28,21.11,25.5,17.01,7633,160175.52
2020-07-03,20.9,21.48,20.21,21.11,21.28,21.28,25.5,17.01,28463,594614.92
2020-07-06,21.28,22.38,21.15,21.28,21.52,21.52,25.5,17.01,5618,121342.58
2020-07-07,21.88,22.38,21.3,21.52,22.17,22.14,25.5,17.01,67859,1509248.51
2020-07-08,22.14,22.39,21.41,22.14,22.1,22.0,25.5,17.01,10809,237239.84
2020-07-09,22.38,22.5,21.9,22.0,22.25,22.16,25.5,17.01,13691,304982.18
2020-07-10,22.38,22.42,21.92,22.16,22.35,22.2,25.5,17.01,8294,184438.85
2020-07-13,22.0,22.48,21.32,22.2,22.02,22.01,25.5,17.6,15013,327148.16
2020-07-14,21.99,22.02,21.67,22.01,22.0,21.93,25.5,17.6,2770,60745.25
2020-07-15,21.73,21.92,21.63,21.93,21.65,21.69,25.5,17.6,5750,125082.92
2020-07-16,21.95,22.19,21.59,21.69,22.14,22.09,25.5,17.6,5254,115784.11
2020-07-17,22.19,22.48,21.95,22.09,22.14,22.12,25.5,17.6,9822,217157.29
2020-07-20,21.91,22.95,21.41,22.12,21.8,21.81,25.5,17.6,19068,422994.5
2020-07-21,22.0,22.18,21.7,21.81,21.79,21.77,25.5,17.6,3444,75022.8
2020-07-22,22.08,22.38,21.7,21.77,22.29,22.2,25.5,17.6,3844,84829.12
2020-07-23,22.28,22.32,21.91,22.2,22.2,22.16,25.5,17.6,3282,72651.32
2020-07-24,21.8,22.29,21.8,22.16,22.18,22.08,25.5,17.6,2813,62182.06
2020-07-27,22.18,22.75,21.75,22.08,22.2,22.0,25.5,17.6,31630,699369.27
2020-07-28,22.0,22.19,21.77,22.0,21.9,21.84,25.5,17.6,7782,170550.56
2020-07-29,22.0,22.18,21.69,21.84,21.91,21.81,25.5,17.6,7689,168029.26
2020-07-30,21.8,22.15,21.72,21.81,21.74,21.75,25.5,17.6,4424,96799.63
2020-07-31,21.75,22.0,21.72,21.75,21.98,21.98,25.5,17.6,1972,43156.78
2020-08-03,22.09,22.1,21.8,21.98,22.1,22.0,25.5,17.6,10473,230949.48
2020-08-04,22.1,22.19,21.81,22.0,22.19,22.12,25.5,17.6,6272,138291.42
2020-08-05,21.82,22.12,21.71,22.12,21.99,21.91,25.5,17.6,12119,264686.51
2020-08-06,21.8,22.24,21.77,21.91,21.95,21.9,25.5,17.6,11736,257655.41
2020-08-07,21.9,22.04,21.82,21.9,21.84,21.94,25.5,17.6,15883,347940.63
2020-08-10,21.8,21.98,21.03,21.94,21.34,21.29,25.5,17.6,81247,1728772.95
2020-08-11,21.59,21.59,21.03,21.29,21.31,21.32,25.5,17.6,18818,399664.33
2020-08-12,21.79,21.79,21.24,21.32,21.68,21.68,25.5,17.6,3318,71523.02
2020-08-13,21.68,21.7,21.14,21.68,21.42,21.38,25.5,17.6,11147,237994.62
2020-08-14,21.6,21.67,21.33,21.38,21.5,21.34,25.5,17.6,4816,103500.4
2020-08-17,21.55,21.55,21.14,21.34,21.22,21.38,25.5,17.6,12264,261626.89
2020-08-18,21.55,21.7,21.47,21.38,21.62,21.54,25.5,17.6,9597,207495.9
2020-08-19,21.5,21.69,21.26,21.54,21.27,21.27,25.5,17.6,1758,37661.41
2020-08-20,21.87,21.87,21.12,21.27,21.7,21.55,25.5,17.6,9548,205267.16
2020-08-21,21.55,21.69,21.31,21.55,21.5,21.49,25.5,17.6,3208,68828.95
2020-08-24,21.65,21.65,21.1,21.49,21.34,21.16,25.5,17.6,7955,168364.85
2020-08-25,21.65,21.65,21.01,21.16,21.28,21.13,25.5,17.6,10521,223430.75
2020-08-26,21.45,21.45,21.05,21.13,21.2,21.21,25.5,17.6,4129,87615.29
2020-08-27,21.57,21.57,20.85,21.21,20.9,20.96,25.5,17.6,24626,518815.08
2020-08-28,20.96,21.28,20.91,20.96,20.94,20.95,25.5,17.6,15747,330374.04
2020-08-31,21.38,21.38,20.95,20.95,20.95,20.95,25.5,17.6,25958,545163.93
2020-09-01,20.96,21.27,20.95,20.95,21.27,21.23,25.5,17.6,44579,941093.82
2020-09-02,21.58,21.58,21.22,21.23,21.35,21.35,25.5,17.6,7572,160837.79
2020-09-03,21.57,21.57,21.02,21.35,21.46,21.48,25.5,17.6,3585,77000.04
2020-09-04,21.23,21.48,21.21,21.48,21.21,21.21,25.5,17.6,8144,172859.61
2020-09-07,21.2,21.55,21.2,21.21,21.48,21.22,25.5,17.6,4325,92064.6
2020-09-08,21.21,21.44,21.21,21.22,21.42,21.41,25.5,17.6,4099,87146.76
2020-09-09,21.43,21.43,21.0,21.41,21.01,21.06,25.5,17.6,4374,92326.22
2020-09-10,21.2,21.5,21.1,21.06,21.23,21.2,25.5,17.6,12863,273608.71
2020-09-11,21.25,21.25,21.03,21.2,21.1,21.1,25.5,17.6,379,8013.73
2020-09-14,21.38,21.38,21.04,21.1,21.19,21.19,25.5,17.6,5067,107190.52
2020-09-15,21.24,21.25,20.96,21.19,21.19,20.97,25.5,17.6,9167,193707.38
2020-09-16,21.37,21.37,21.0,20.97,21.19,21.0,25.5,17.6,5811,122175.69
2020-09-17,21.23,21.25,20.96,21.0,21.24,21.24,25.5,17.6,2692,56919.1
2020-09-18,21.24,21.24,20.98,21.24,21.17,21.15,25.5,17.6,4238,89197.04
2020-09-21,21.15,21.22,20.99,21.15,21.01,21.01,25.5,17.6,1524,32075.29
2020-09-22,20.98,21.3,20.98,21.01,21.15,21.15,25.5,17.6,18281,387611.82
2020-09-23,21.38,21.39,20.33,21.15,20.87,20.88,25.5,17.6,19911,416049.54
2020-09-24,20.81,21.28,20.81,20.88,21.25,21.26,25.5,17.6,5714,120069.61
2020-09-25,21.26,21.31,20.92,21.26,21.08,21.08,25.5,17.6,653,13811.25
2020-09-28,21.27,21.27,20.84,21.08,21.13,20.99,25.5,17.6,3349,70453.56
2020-09-29,20.87,21.25,20.87,20.99,21.23,21.11,25.5,17.6,1418,29831.63
2020-09-30,21.27,21.27,20.92,21.11,21.19,21.19,25.5,17.6,2530,53283.35
2020-10-01,21.26,21.29,20.9,21.19,21.04,21.11,25.5,17.6,3436,72633.48
2020-10-05,21.39,21.39,20.95,21.11,21.39,21.32,25.5,17.6,7325,156052.04
2020-10-06,21.09,21.46,21.04,21.32,21.39,21.34,25.5,17.6,2969,63106.66
2020-10-07,21.19,21.44,21.19,21.34,21.44,21.44,25.5,17.6,4205,89698.48
2020-10-08,21.22,21.49,21.22,21.44,21.44,21.31,25.5,17.6,1267,27133.12
2020-10-09,21.32,21.47,21.22,21.31,21.25,21.31,25.5,17.6,1814,38783.69
2020-10-12,21.55,21.84,21.26,21.31,21.65,21.7,25.5,17.6,20735,449521.1
2020-10-13,21.53,21.78,21.35,21.7,21.69,21.65,25.5,17.6,10048,216952.29
2020-10-14,21.43,21.78,21.43,21.65,21.6,21.6,25.5,17.6,8027,173411.84
2020-10-15,21.46,21.74,21.46,21.6,21.6,21.73,25.5,17.6,5490,118777.17
2020-10-16,21.74,22.15,21.6,21.73,21.82,21.82,25.5,17.6,11591,252728.23
2020-10-19,22.15,22.15,21.52,21.82,21.8,21.79,25.5,17.6,2276,49491.85
2020-10-20,21.88,21.89,21.58,21.79,21.63,21.63,25.5,17.6,1616,34975.77
2020-10-21,21.89,21.89,21.51,21.63,21.8,21.78,25.5,17.6,13498,293495.59
2020-10-22,21.35,21.88,21.35,21.78,21.8,21.79,25.5,17.6,31396,679904.31
2020-10-23,21.88,21.88,21.61,21.79,21.8,21.78,25.5,17.6,5511,119800.96
2020-10-26,21.87,21.88,21.66,21.78,21.77,21.76,25.5,17.6,1916,41737.3
2020-10-27,21.75,21.85,21.62,21.76,21.78,21.66,25.5,17.6,6745,146683.05
2020-10-28,21.99,21.99,21.57,21.66,21.74,21.73,25.5,17.6,648,14106.24
2020-10-29,21.58,21.88,21.58,21.73,21.73,21.58,25.5,17.6,1258,27230.15
2020-10-30,21.84,21.84,21.53,21.58,21.78,21.62,25.5,17.6,2156,46784.04
2020-11-02,21.99,21.99,21.57,21.62,21.69,21.69,25.5,17.6,2910,63128.01
2020-11-03,21.84,21.84,21.56,21.69,21.73,21.63,25.5,17.6,844,18289.86
2020-11-04,21.79,21.79,21.6,21.63,21.74,21.68,25.5,17.6,1148,24814.46
2020-11-05,21.52,21.78,21.4,21.68,21.72,21.66,25.5,17.6,5575,119866.53
2020-11-06,21.8,21.82,21.54,21.66,21.69,21.69,25.5,17.6,1267,27446.59
2020-11-09,22.48,22.48,21.55,21.69,21.74,21.73,25.5,17.6,3461,74973.73
2020-11-10,21.57,21.78,21.49,21.73,21.72,21.72,25.5,17.6,2575,55701.96
2020-11-11,21.52,21.74,21.42,21.72,21.69,21.67,25.5,17.6,3408,73626.69
2020-11-12,21.5,21.77,21.45,21.67,21.65,21.74,25.5,17.6,10683,232105.97
2020-11-13,21.76,21.77,21.47,21.74,21.47,21.5,25.5,17.6,1699,36605.41
2020-11-14,21.77,21.8,21.41,21.5,21.8,21.75,25.5,17.6,811,17627.93
2020-11-17,21.78,21.78,21.46,21.75,21.65,21.62,25.5,17.6,4931,106266.38
2020-11-18,21.62,21.75,21.49,21.62,21.5,21.5,25.5,17.6,2441,52516.31
2020-11-19,21.69,21.7,21.0,21.5,21.21,21.24,25.5,17.6,52632,1114216.13
2020-11-20,21.48,21.8,21.2,21.24,21.8,21.75,25.5,17.6,19437,421009.25
2020-11-23,21.82,21.82,21.52,21.75,21.74,21.7,25.5,17.6,4786,103599.53
2020-11-24,21.77,21.78,21.53,21.7,21.6,21.63,25.5,17.6,5676,123186.25
2020-11-25,21.6,21.84,21.57,21.63,21.82,21.82,25.5,17.6,3123,67802.37
2020-11-26,21.82,21.85,21.67,21.82,21.84,21.83,25.5,17.6,3180,69309.49
2020-11-27,21.88,21.96,21.58,21.83,21.9,21.9,25.5,17.6,94054,2059288.88
2020-12-01,21.98,21.98,21.67,21.9,21.93,21.92,25.5,17.6,12633,276158.81
2020-12-02,21.7,21.97,21.66,21.92,21.82,21.91,25.5,17.6,45377,994171.07
2020-12-03,21.97,22.0,21.95,21.91,21.95,21.95,25.5,17.6,8131,178645.08
2020-12-04,22.06,22.06,21.8,21.95,22.06,21.87,25.5,17.6,14507,318505.01
2020-12-07,22.0,23.34,21.76,21.87,22.54,22.49,25.5,17.6,220114,5035354.42
2020-12-08,22.5,22.89,22.0,22.49,22.4,22.4,25.5,17.6,17267,384982.19
2020-12-09,23.39,23.39,21.84,22.4,22.14,22.06,25.5,17.6,18795,415078.83
2020-12-10,22.72,22.72,21.76,22.06,22.26,22.13,25.5,17.6,14017,309993.36
2020-12-11,22.79,22.79,22.0,22.13,22.2,22.18,25.5,17.6,11679,258686.77
2020-12-14,22.84,22.84,21.76,22.18,22.3,22.3,25.5,17.6,5357,118883.71
2020-12-15,22.96,22.96,22.01,22.3,22.1,22.1,25.5,17.6,61944,1370062.21
2020-12-16,22.6,22.8,22.1,22.1,22.2,22.11,25.5,17.6,26683,593887.98
2020-12-17,22.39,22.39,22.0,22.11,22.0,22.03,25.5,17.6,8732,192552.59
2020-12-18,22.58,22.58,21.9,22.03,22.09,22.02,25.5,17.6,6285,138471.7
2020-12-21,22.11,22.11,21.82,22.02,21.85,21.85,25.5,17.6,15544,340491.63
2020-12-22,22.39,22.7,21.62,21.85,22.07,22.05,25.5,17.6,11915,262729.37
2020-12-23,21.82,22.25,21.82,22.05,22.07,22.07,25.5,17.6,3659,80573.88
2020-12-24,22.73,22.73,21.8,22.07,21.81,21.82,25.5,17.6,124945,2734946.38
2020-12-28,22.1,22.1,21.8,21.82,21.98,21.97,25.5,17.6,5280,115926.31
2020-12-29,21.82,22.1,21.82,21.97,21.91,21.98,25.5,17.6,7761,170746.97
2020-12-30,22.19,22.19,21.99,21.98,22.05,22.0,25.5,17.6,16919,372373.11
2020-12-31,22.26,22.26,21.9,22.0,22.01,22.05,25.5,17.6,11372,250805.31
2021-01-01,22.27,22.27,21.93,22.05,22.1,22.07,25.5,17.6,12686,279987.2
2021-01-04,22.3,22.3,21.92,22.07,22.08,22.08,25.5,17.6,154742,3402782.35
2021-01-05,22.09,22.14,21.92,22.08,22.05,21.99,25.5,17.6,15274,336112.07
2021-01-06,22.14,22.16,21.94,21.99,22.05,22.05,25.5,17.6,7032,155336.5
2021-01-07,22.16,22.16,21.87,22.05,22.02,21.93,25.5,17.6,15705,345145.08
2021-01-08,22.12,22.12,21.4,21.93,21.86,21.92,25.5,17.6,38900,848871.08
2021-01-11,22.08,22.12,21.95,21.92,21.96,21.96,25.5,17.6,6611,145715.7
2021-01-12,22.09,22.09,21.8,21.96,22.0,21.98,25.5,17.6,12474,273997.16
2021-01-13,22.13,22.7,21.82,21.98,22.0,21.92,25.5,17.6,25056,550692.86
2021-01-14,22.08,22.08,21.67,21.92,21.85,21.77,25.5,17.6,15241,332617.71
2021-01-15,21.98,21.98,21.78,21.77,21.95,21.85,25.5,17.6,9680,211582.3
2021-01-18,21.95,22.01,21.66,21.85,21.86,21.87,25.5,17.6,5382,118157.49
2021-01-19,22.45,22.45,21.83,21.87,21.9,21.89,25.5,17.6,7116,155904.08
2021-01-20,21.99,21.99,21.82,21.89,21.97,21.96,25.5,17.6,3560,77924.65
2021-01-21,22.06,22.06,21.83,21.96,21.94,21.91,25.5,17.6,13338,292290.11
2021-01-22,22.0,22.0,21.83,21.91,21.96,21.94,25.5,17.6,1943,42497.17
2021-01-25,22.06,22.06,21.82,21.94,21.85,21.85,25.5,17.6,145413,3196212.22
2021-01-27,21.85,22.06,21.78,21.85,21.9,21.9,25.5,17.6,43467,952436.56
2021-01-28,22.01,22.01,21.78,21.9,21.9,21.89,25.5,17.6,22423,490791.25
2021-01-29,21.8,22.0,21.8,21.89,22.0,21.97,25.5,17.6,16501,361977.71
2021-02-01,22.0,22.0,21.79,21.97,21.88,21.89,25.5,18.12,3604,78944.01
2021-02-02,21.89,21.89,21.66,21.89,21.76,21.86,25.5,18.12,12294,268539.35
2021-02-03,21.9,21.97,21.43,21.86,21.8,21.84,25.5,18.12,16722,364172.26
2021-02-04,21.97,21.97,21.72,21.84,21.92,21.84,25.5,18.12,5740,125709.69
2021-02-05,22.49,22.49,21.55,21.84,21.7,21.7,25.5,18.12,23554,512083.14
2021-02-08,21.88,21.95,21.57,21.7,21.77,21.82,25.5,18.12,11573,252294.36
2021-02-09,21.93,21.93,21.62,21.82,21.77,21.77,25.5,18.12,16281,353739.43
2021-02-10,21.88,21.88,21.62,21.77,21.78,21.77,25.5,18.12,11667,253320.34
2021-02-11,21.89,21.89,21.66,21.77,21.79,21.78,25.5,18.12,13440,292003.39
2021-02-12,21.88,21.88,21.65,21.78,21.79,21.78,25.5,18.12,13763,298755.31
2021-02-15,21.02,21.89,21.02,21.78,21.84,21.83,25.5,18.12,14930,324184.79
2021-02-16,21.84,21.85,21.72,21.83,21.81,21.81,25.5,18.12,1923,41906.98
2021-02-17,21.84,21.84,21.7,21.81,21.79,21.75,25.5,18.12,834,18145.11
2021-02-18,21.84,22.02,21.63,21.75,21.77,21.77,25.5,18.12,9903,216765.11
2021-02-19,21.84,21.84,21.67,21.77,21.8,21.79,25.5,18.12,1359,29569.71
2021-02-22,21.82,21.82,21.64,21.79,21.72,21.72,25.5,18.12,2395,52028.3
2021-02-23,21.52,21.79,21.52,21.72,21.63,21.66,25.5,18.12,2525,54689.92
2021-02-24,21.56,22.25,21.56,21.66,21.79,21.85,25.5,18.12,4086,89089.94
2021-02-25,21.85,21.85,21.61,21.85,21.8,21.81,25.5,18.12,4495,97861.51
2021-02-26,22.46,22.46,21.7,21.81,21.87,21.87,25.5,18.12,1671,36455.37
2021-03-01,22.52,22.52,21.42,21.87,21.64,21.62,25.5,18.12,15140,328372.61
2021-03-02,21.77,22.03,21.45,21.62,21.8,21.79,25.5,18.12,2578,56025.75
2021-03-03,22.0,22.0,21.3,21.79,21.65,21.64,25.5,18.12,23987,517936.59
2021-03-04,21.74,22.03,21.55,21.64,21.6,21.87,25.5,18.12,8539,186306.09
2021-03-05,21.61,21.87,21.32,21.87,21.63,21.63,25.5,18.12,7607,163373.6
2021-03-08,21.71,21.71,21.47,21.63,21.51,21.51,25.5,18.12,2093,45157.84
2021-03-09,21.5,21.63,21.5,21.51,21.53,21.53,25.5,18.12,1683,36320.37
2021-03-10,21.53,21.59,21.42,21.53,21.54,21.54,25.5,18.12,2882,62047.67
2021-03-12,21.59,21.59,21.32,21.54,21.32,21.37,25.5,18.12,3880,83071.0
2021-03-15,21.54,21.56,21.37,21.37,21.52,21.47,25.5,18.12,2841,61089.15
2021-03-16,21.58,21.61,21.0,21.47,21.22,21.22,25.5,18.12,21826,464136.12
2021-03-17,21.5,21.5,21.16,21.22,21.35,21.37,25.5,18.12,4759,101599.95
2021-03-18,21.52,21.54,21.25,21.37,21.5,21.49,25.5,18.12,3055,65590.0
2021-03-19,21.56,21.56,21.38,21.49,21.45,21.52,25.5,18.12,3520,75529.8
2021-03-22,21.58,21.58,21.38,21.52,21.42,21.46,25.5,18.56,7183,154177.1
2021-03-23,21.46,21.62,21.4,21.46,21.59,21.57,25.5,18.56,3061,65751.94
2021-03-24,21.64,21.66,21.46,21.57,21.53,21.6,25.5,18.56,4536,98060.92
2021-03-25,21.66,21.66,21.46,21.6,21.46,21.46,25.5,18.56,2383,51294.28
2021-03-26,21.64,21.67,21.45,21.46,21.67,21.66,25.5,18.56,8555,185225.11
2021-03-30,21.52,21.73,21.52,21.66,21.52,21.58,25.5,18.56,2681,57968.35
2021-03-31,21.48,21.66,21.45,21.58,21.46,21.46,25.5,18.56,3316,71327.57
2021-04-01,21.64,21.73,21.47,21.46,21.5,21.68,25.5,18.56,13889,300455.36
2021-04-05,22.05,23.34,21.55,21.68,21.84,21.83,25.5,18.56,3282,71658.01
2021-04-06,21.94,22.29,21.69,21.83,21.73,21.75,25.5,18.56,3515,76939.54
2021-04-07,21.91,21.98,21.64,21.75,21.85,21.82,25.5,18.56,3978,86970.28
2021-04-08,21.67,21.98,21.67,21.82,21.76,21.82,25.5,18.56,1766,38586.72
2021-04-09,22.45,22.47,21.73,21.82,21.77,21.77,25.5,18.56,1106,24166.17
2021-04-12,22.42,22.6,21.6,21.77,21.7,21.68,25.5,18.56,6938,150794.71
2021-04-13,21.6,22.05,21.6,21.68,21.83,21.87,25.5,18.56,1408,30604.94
2021-04-15,22.05,22.05,21.6,21.87,21.6,21.6,25.5,18.56,7037,152948.42
2021-04-16,21.91,21.91,21.51,21.6,21.83,21.83,25.5,18.56,880,19147.53
2021-04-19,21.92,22.06,21.68,21.83,21.87,21.82,25.5,18.56,15723,345315.89
2021-04-20,21.71,21.95,21.71,21.82,21.72,21.72,25.5,18.56,922,20062.23
2021-04-22,21.94,21.94,21.67,21.72,21.94,21.93,25.5,18.56,2136,46762.3
2021-04-23,21.77,22.0,21.75,21.93,21.9,21.78,25.5,18.56,2234,48776.51
2021-04-26,21.97,21.99,21.71,21.78,21.95,21.79,25.5,18.56,17694,386330.34
2021-04-27,22.0,22.0,21.72,21.79,21.95,21.92,25.5,18.56,714,15659.22
2021-04-28,21.98,21.98,21.77,21.92,21.97,21.92,25.5,18.56,1603,35040.1
2021-04-29,21.98,21.98,21.75,21.92,21.77,21.77,25.5,18.56,2201,48169.45
2021-04-30,21.96,21.96,21.72,21.77,21.95,21.91,25.5,18.56,1113,24393.0
2021-05-03,21.99,21.99,21.71,21.91,21.89,21.88,25.5,18.56,3345,72885.36
2021-05-04,22.0,22.0,21.74,21.88,21.85,21.84,25.5,18.56,13919,303350.54
2021-05-05,21.7,21.98,21.7,21.84,21.98,21.92,25.5,18.56,66831,1463356.61
2021-05-06,22.04,22.04,21.83,21.92,21.86,21.87,25.5,18.56,2226,48825.34
2021-05-07,21.83,22.0,21.83,21.87,21.86,21.87,25.5,18.56,3292,72146.04
2021-05-10,22.49,22.49,21.75,21.87,21.9,21.9,25.5,20.11,5018,109714.19
2021-05-11,21.75,22.0,21.75,21.9,21.95,21.93,25.5,20.11,14039,307471.27
2021-05-12,22.44,22.44,21.8,21.93,21.88,21.95,25.5,20.11,12241,269389.05
2021-05-14,22.06,22.06,21.78,21.95,21.86,21.95,25.5,20.11,6594,144444.56
2021-05-17,22.39,22.39,21.8,21.95,21.9,21.9,25.5,20.11,3906,85699.95
2021-05-18,21.82,22.39,21.82,21.9,21.95,21.94,25.5,20.11,3781,82804.1
2021-05-19,22.29,22.29,21.86,21.94,21.9,21.92,25.5,20.11,2939,64506.75
2021-05-20,22.04,22.04,21.84,21.92,21.9,21.92,25.5,20.11,20310,444829.19
2021-05-21,21.84,22.05,21.84,21.92,21.94,21.89,25.5,20.11,2940,64382.56
2021-05-24,20.83,22.35,20.83,21.89,22.09,22.05,25.5,20.11,9424,207484.09
2021-05-25,22.05,22.15,21.87,22.05,22.08,22.08,25.5,20.11,2114,46625.54
2021-05-26,22.0,22.0,21.4,22.08,21.98,21.98,25.5,20.11,2726,59951.9
2021-05-27,21.85,22.0,21.85,21.98,21.99,21.99,25.5,20.11,25264,554797.57
2021-05-28,21.86,22.35,21.86,21.99,22.0,21.96,25.5,20.11,4805,105646.19
2021-05-31,22.04,22.04,21.86,21.96,21.9,21.99,25.5,20.21,2312,50795.38
2021-06-01,21.99,21.99,21.8,21.99,21.99,21.98,25.5,20.21,8105,177958.43
2021-06-02,21.99,22.9,21.77,21.98,22.15,22.02,25.5,20.21,39797,886460.49
2021-06-03,22.0,22.15,21.96,22.02,22.08,22.01,25.5,20.21,4477,98827.49
2021-06-04,21.91,22.15,21.91,22.01,22.0,21.95,25.5,20.21,17676,388749.64
2021-06-07,22.13,22.13,21.89,21.95,21.96,21.96,25.5,20.21,14645,322220.08
2021-06-08,22.35,22.35,21.9,21.96,22.15,22.15,25.5,20.21,5989,132829.76
2021-06-09,22.15,22.21,22.04,22.15,22.08,22.08,25.5,20.21,24801,549040.27
2021-06-10,21.95,22.2,21.7,22.08,22.0,21.98,25.5,20.21,12193,268214.23
2021-06-11,22.19,22.19,21.9,21.98,21.99,22.04,25.5,20.21,15980,352532.39
2021-06-14,22.48,22.48,21.92,22.04,21.96,22.02,23.94,20.21,8785,193625.46
2021-06-15,22.19,22.19,21.9,22.02,22.02,22.02,23.94,20.21,13147,289946.79
2021-06-16,22.02,22.15,21.91,22.02,22.0,22.05,23.94,20.21,2978,65676.54
2021-06-17,22.05,22.17,21.78,22.05,22.0,22.04,23.94,20.21,4273,94059.96
2021-06-18,22.12,22.14,21.81,22.04,21.91,22.07,23.94,20.21,4985,110049.4
2021-06-21,22.15,22.15,21.88,22.07,22.15,22.05,23.39,20.21,12262,270099.06
2021-06-22,22.14,22.14,21.9,22.05,22.1,22.05,23.39,20.21,4484,98537.5
2021-06-23,22.13,22.13,21.97,22.05,22.12,22.01,23.39,20.21,1560,34373.55
2021-06-24,22.13,22.13,21.91,22.01,22.11,22.11,23.39,20.21,2030,44638.76
2021-06-25,22.15,22.15,21.95,22.11,22.0,22.0,23.39,20.21,2737,60294.24
2021-06-28,21.91,22.13,21.91,22.0,22.0,22.0,23.39,20.21,3937,86798.49
2021-06-29,22.12,22.12,21.98,22.0,21.99,22.02,23.39,20.21,2162,47694.89
2021-06-30,22.13,22.13,21.96,22.02,22.08,22.08,23.39,20.21,1452,32036.19
2021-07-01,22.12,22.14,21.48,22.08,22.0,22.02,23.39,20.21,13043,287024.05
2021-07-02,22.13,22.13,21.97,22.02,21.97,22.02,23.39,20.21,4775,105416.51
2021-07-05,22.02,22.12,21.94,22.02,22.05,22.01,23.39,20.33,6092,134245.17
2021-07-06,21.94,22.14,21.94,22.01,22.0,22.0,23.39,20.33,3884,85730.5
2021-07-07,22.09,22.09,21.77,22.0,22.04,21.9,23.39,20.33,3294,72339.3
2021-07-08,21.81,22.09,21.81,21.9,22.01,22.0,23.39,20.33,5775,126475.72
2021-07-09,22.11,22.11,21.84,22.0,22.05,21.93,23.39,20.33,2300,50604.6
2021-07-12,22.08,22.12,21.84,21.93,21.93,22.01,23.39,20.33,7610,167842.47
2021-07-13,22.08,22.08,21.9,22.01,22.06,22.02,23.39,20.33,3079,67758.56
2021-07-14,22.08,22.09,21.9,22.02,22.0,22.0,23.39,20.33,4703,103664.02
2021-07-15,22.05,22.1,21.8,22.0,21.95,21.94,23.39,20.33,9406,206516.21
2021-07-16,21.9,22.1,21.9,21.94,22.05,22.04,23.39,20.33,5023,110344.28
2021-07-19,22.04,22.1,21.88,22.04,21.9,21.9,23.39,20.33,5762,126758.43
2021-07-20,22.09,22.09,21.86,21.9,22.05,21.91,23.39,20.33,3314,72880.39
2021-07-22,22.09,22.09,21.89,21.91,22.09,22.08,23.39,20.33,2802,61622.53
2021-07-23,21.91,22.48,21.91,22.08,22.14,22.13,23.39,20.33,12611,279360.84
2021-07-26,22.13,22.13,21.92,22.13,21.93,21.95,23.39,20.33,1727,37961.16
2021-07-27,21.95,22.4,21.91,21.95,22.19,22.15,23.39,20.33,16557,367842.25
2021-07-28,22.17,22.5,21.94,22.15,22.12,22.33,23.39,20.33,10737,240098.31
2021-07-29,22.33,22.33,22.0,22.33,22.1,22.04,23.39,20.33,2053,45338.92
2021-07-30,21.94,22.19,21.9,22.04,22.01,22.01,23.39,20.33,13631,299187.14
2021-08-02,22.01,22.01,21.89,22.01,21.91,21.93,23.39,20.33,1572,34502.83
2021-08-03,21.91,22.1,21.9,21.93,22.08,21.97,23.39,20.33,1634,36000.24
2021-08-04,22.09,22.09,21.9,21.97,22.08,22.08,23.39,20.33,1418,31237.39
2021-08-05,22.09,22.09,21.91,22.08,22.08,22.08,23.39,20.33,1613,35471.93
2021-08-06,22.52,22.52,21.93,22.08,22.07,22.06,23.39,20.33,1684,37109.49
2021-08-09,22.06,22.06,21.91,22.06,22.0,21.97,23.39,20.33,943,20743.65
2021-08-10,21.96,22.09,21.91,21.97,22.07,22.07,23.39,20.33,1638,36075.92
2021-08-11,22.5,22.5,21.7,22.07,22.0,21.98,23.39,20.33,1071,23485.55
2021-08-12,22.0,22.1,21.9,21.98,22.08,22.0,23.39,20.33,1086,23861.63
2021-08-13,21.91,22.12,21.91,22.0,22.08,22.01,23.39,20.33,1493,32845.19
2021-08-16,22.1,22.1,21.9,22.01,21.95,22.07,23.39,20.33,2405,52932.09
2021-08-17,22.11,22.11,21.93,22.07,22.07,22.04,23.39,20.33,914,20075.17
2021-08-18,22.08,22.08,21.94,22.04,22.07,22.0,23.39,20.33,497,10922.55
2021-08-20,21.95,22.13,21.95,22.0,22.02,22.09,23.39,20.33,4591,101372.78
2021-08-23,22.15,22.15,21.95,22.09,21.98,22.08,23.39,20.33,2098,46398.51
2021-08-24,22.08,22.16,21.95,22.08,22.12,21.98,23.39,20.33,979,21538.27
2021-08-25,22.15,22.15,21.95,21.98,22.0,22.0,23.39,20.33,17383,382918.64
2021-08-26,22.14,22.14,21.94,22.0,22.12,22.11,23.39,20.33,5019,110200.83
2021-08-27,22.0,22.15,21.95,22.11,22.12,22.07,23.39,20.33,6416,142024.31
2021-08-30,22.07,22.15,21.96,22.07,22.04,21.99,23.39,20.33,1239,27287.88
2021-08-31,22.15,22.15,21.96,21.99,21.96,21.99,23.39,20.33,7839,172597.13
2021-09-01,22.16,22.16,21.97,21.99,22.14,22.14,23.39,20.33,2272,50262.63
2021-09-02,22.2,22.29,21.97,22.14,22.22,22.17,23.39,20.33,12944,287528.77
2021-09-03,22.33,23.34,22.0,22.17,22.26,22.49,23.39,20.33,18668,419598.42
2021-09-06,22.49,23.48,22.25,22.49,22.81,22.79,23.48,20.33,8918,202188.24
2021-09-07,23.34,23.34,22.2,22.79,22.75,22.73,23.48,20.33,5141,116542.16
2021-09-08,22.7,22.86,22.25,22.73,22.78,22.55,23.48,20.33,15120,341069.4
2021-09-09,22.55,23.0,22.2,22.55,22.59,22.53,23.48,20.33,12523,282496.06
2021-09-13,22.53,23.34,22.29,22.53,23.29,22.89,23.48,20.33,13066,300314.82
2021-09-14,24.3,24.3,22.61,22.89,23.0,23.12,24.3,20.33,8308,192167.19
2021-09-15,23.12,23.27,22.3,23.12,23.15,22.73,24.3,20.33,18514,425183.72
2021-09-16,23.41,23.41,22.1,22.73,22.51,22.41,24.3,20.33,17373,391444.14
2021-09-17,23.34,23.34,22.49,22.41,22.57,22.58,24.3,20.33,13918,317146.79
2021-09-20,22.1,23.34,22.1,22.58,23.26,23.23,24.3,20.33,14937,347135.16
2021-09-21,22.8,26.48,22.64,23.23,23.29,23.22,26.48,20.33,28241,658975.79
2021-09-22,24.49,24.49,22.6,23.22,23.24,23.05,26.48,20.33,7419,171535.21
2021-09-23,24.39,24.39,22.55,23.05,22.71,22.75,26.48,20.33,11241,258280.43
2021-09-24,23.35,23.35,22.75,22.75,23.29,22.82,26.48,20.33,8950,206065.73
2021-09-27,23.3,23.45,22.5,22.82,23.3,23.29,26.48,20.83,18478,429299.73
2021-09-28,22.55,23.35,22.55,23.29,23.3,23.1,26.48,20.83,16083,373599.73
2021-09-29,23.2,23.34,22.64,23.1,23.29,23.29,26.48,20.83,13328,309642.64
2021-09-30,23.29,23.33,22.77,23.29,23.15,23.16,26.48,20.83,1848,42717.68
2021-10-01,23.34,23.34,22.7,23.16,23.25,23.12,26.48,20.83,12868,298750.39
2021-10-04,23.12,23.34,22.85,23.12,23.29,23.27,26.48,20.83,9765,226327.49
2021-10-05,23.45,23.45,22.85,23.27,23.34,23.31,26.48,20.83,3120,72503.39
2021-10-06,23.34,23.34,22.56,23.31,23.34,23.3,26.48,20.83,3728,86183.8
2021-10-07,23.34,23.34,22.71,23.3,23.3,23.3,26.48,20.83,7456,173520.35
2021-10-08,23.34,23.34,22.85,23.3,23.0,22.97,26.48,20.83,10575,243979.8
2021-10-11,23.33,23.43,22.52,22.97,22.83,22.97,26.48,20.83,6531,149515.17
2021-10-12,22.97,23.32,22.68,22.97,23.01,23.0,26.48,20.83,6022,138961.28
2021-10-13,23.36,23.5,22.9,23.0,23.1,23.09,26.48,20.83,6998,162314.59
2021-10-14,23.0,23.34,22.85,23.09,23.04,23.03,26.48,20.83,6053,139274.3
2021-10-18,23.34,23.34,22.75,23.03,23.2,23.18,26.48,20.83,10514,243698.61
2021-10-19,23.18,23.34,22.8,23.18,23.33,23.31,26.48,20.83,9753,226918.23
2021-10-20,22.9,23.35,22.7,23.31,23.26,23.2,26.48,20.83,4736,109111.1
2021-10-21,22.8,23.34,22.4,23.2,22.85,22.86,26.48,20.83,7831,178853.54
2021-10-22,23.33,23.33,22.5,22.86,23.32,23.27,26.48,20.83,4751,109868.03
2021-10-25,23.27,23.55,22.75,23.27,23.12,23.14,26.48,20.83,7885,183251.04
2021-10-26,23.36,23.98,22.8,23.14,23.1,22.96,26.48,20.83,4690,108632.79
2021-10-27,22.8,23.34,22.75,22.96,22.9,22.98,26.48,20.83,2878,66231.68
2021-10-28,23.34,23.34,22.7,22.98,23.18,23.05,26.48,20.83,4559,105223.48
2021-10-29,23.05,25.39,22.7,23.05,23.2,23.65,26.48,20.83,21723,515202.83
2021-11-01,24.48,24.5,23.0,23.65,23.84,23.6,26.48,20.83,39234,930474.94
2021-11-02,24.0,24.0,22.7,23.6,23.33,23.05,26.48,20.83,10549,245034.71
2021-11-03,23.5,23.95,22.85,23.05,23.07,23.1,26.48,20.83,34675,805777.72
2021-11-04,23.5,24.66,22.7,23.1,23.26,23.24,26.48,20.83,4718,109837.51
2021-11-08,24.2,24.2,22.44,23.24,22.55,22.52,26.48,20.83,43998,997899.21
2021-11-09,23.3,23.3,22.5,22.52,22.7,22.79,26.48,20.83,34948,795307.71
2021-11-10,23.9,23.9,22.65,22.79,23.06,23.05,26.48,20.83,8372,192569.34
2021-11-11,23.8,26.94,22.81,23.05,25.0,23.67,26.94,20.83,41975,987994.68
2021-11-12,22.96,24.6,22.96,23.67,23.11,23.24,26.94,20.83,19647,461681.06
2021-11-15,23.03,24.0,22.8,23.24,23.15,23.1,26.94,20.83,7749,179552.45
2021-11-16,23.6,23.6,22.85,23.1,23.25,23.24,26.94,20.83,3567,82821.66
2021-11-17,23.49,24.65,22.91,23.24,23.01,23.08,26.94,20.83,32992,761049.82
2021-11-18,23.7,23.7,22.91,23.08,23.03,22.95,26.94,20.83,8030,184817.37
2021-11-22,22.95,23.7,22.71,22.95,22.96,22.86,26.94,20.83,16781,383490.62
2021-11-23,23.0,23.09,22.62,22.86,22.96,22.96,26.94,20.83,4929,112686.41
2021-11-24,23.5,23.5,22.7,22.96,22.9,22.9,26.94,20.83,7539,172304.52
2021-11-25,22.9,23.55,22.62,22.9,22.94,22.97,26.94,20.83,2458,56419.72
2021-11-26,23.4,23.4,22.71,22.97,22.71,22.78,26.94,20.83,6790,155713.88
2021-11-29,23.11,23.11,22.7,22.78,22.75,22.75,26.94,20.83,8010,182764.8
2021-11-30,23.15,23.15,22.3,22.75,22.81,22.76,26.94,20.83,9855,223865.09
2021-12-01,23.22,23.22,22.55,22.76,22.95,22.85,26.94,20.83,4989,113708.36
2021-12-02,23.05,23.05,22.63,22.85,22.71,22.72,26.94,20.83,5408,123424.81
2021-12-03,19.0,23.1,19.0,22.72,22.71,22.74,26.94,19.0,3013,68967.0
2021-12-06,22.74,23.11,22.65,22.74,23.1,23.05,26.94,19.0,3550,81468.32
2021-12-07,23.05,24.85,22.65,23.05,22.85,22.85,26.94,19.0,7206,165694.75
2021-12-08,22.85,23.5,22.5,22.85,22.81,23.07,26.94,19.0,5413,124385.82
2021-12-09,22.56,23.1,22.56,23.07,23.1,23.07,26.94,19.0,3853,88462.31
2021-12-10,23.15,23.15,22.67,23.07,22.75,22.78,26.94,19.0,5561,127135.91
2021-12-13,22.78,23.2,22.72,22.78,22.8,22.92,26.94,19.0,4039,92786.64
2021-12-14,23.23,23.6,22.65,22.92,22.8,22.76,26.94,19.0,7498,173166.98
2021-12-15,22.7,23.29,22.3,22.76,23.0,22.97,26.94,19.0,4922,112468.35
2021-12-16,23.3,23.3,22.67,22.97,23.14,22.9,26.94,19.0,2925,67283.9
2021-12-17,23.23,23.23,22.7,22.9,23.07,22.82,26.94,19.0,3061,70108.54
2021-12-20,22.5,22.82,22.3,22.82,22.3,22.37,26.94,19.0,12199,274429.65
2021-12-21,22.21,22.97,22.21,22.37,22.5,22.57,26.94,19.0,4991,112863.94
2021-12-22,22.95,22.95,22.27,22.57,22.69,22.5,26.94,19.0,2404,54465.39
2021-12-23,22.95,22.95,21.56,22.5,22.65,22.52,26.94,19.0,5682,127214.01
2021-12-24,22.5,22.71,22.2,22.52,22.62,22.59,26.94,19.0,1216,27385.48
2021-12-27,22.98,22.98,22.42,22.59,22.72,22.69,26.94,19.0,2102,47642.87
2021-12-28,22.95,22.95,22.51,22.69,22.8,22.8,26.94,19.0,4801,109228.54
2021-12-29,21.73,22.99,21.73,22.8,22.65,22.6,26.94,19.0,4766,106890.98
2021-12-30,22.55,22.95,21.88,22.6,22.61,22.73,26.94,19.0,2022,46002.78
2021-12-31,22.94,22.94,22.4,22.73,22.81,22.8,26.94,19.0,3294,74934.84
2022-01-03,22.99,22.99,22.27,22.8,22.86,22.84,26.94,19.0,16794,379913.16
2022-01-04,22.95,22.95,22.34,22.84,22.75,22.73,26.94,19.0,3328,75386.37
2022-01-05,22.73,22.9,22.39,22.73,22.64,22.61,26.94,19.0,9853,222829.56
2022-01-06,22.93,22.93,22.34,22.61,22.78,22.77,26.94,19.0,3806,86405.12
2022-01-07,22.95,23.23,22.53,22.77,22.72,22.59,26.94,19.0,12481,286007.63
2022-01-10,22.35,23.09,22.35,22.59,22.67,22.81,26.94,19.0,4253,97106.33
2022-01-11,22.81,22.84,22.23,22.81,22.81,22.8,26.94,19.0,2719,61760.79
2022-01-12,22.35,23.02,22.35,22.8,22.83,22.82,26.94,19.0,5080,115566.82
2022-01-13,22.84,23.0,22.53,22.82,22.94,22.91,26.94,19.0,9370,214585.33
2022-01-14,22.94,23.05,22.36,22.91,23.04,22.99,26.94,19.0,8929,204049.76
2022-01-17,23.05,23.33,22.62,22.99,22.77,22.76,26.94,19.0,14013,320736.34
2022-01-18,22.76,23.32,22.21,22.76,22.21,22.27,26.94,19.0,54899,1230719.43
2022-01-19,22.75,22.81,22.23,22.27,22.5,22.36,26.94,19.0,9689,217778.94
2022-01-20,22.9,22.9,22.3,22.36,22.4,22.39,26.94,19.0,12174,273327.4
2022-01-21,22.39,23.23,22.2,22.39,22.3,22.28,26.94,19.0,13576,303422.0
2022-01-24,22.85,23.28,21.8,22.28,22.24,22.24,26.94,19.0,10012,222042.01
2022-01-25,22.05,22.47,22.0,22.24,22.45,22.33,26.94,19.0,4604,102526.34
2022-01-27,22.33,22.8,21.73,22.33,22.0,22.0,26.94,19.0,15792,348437.89
2022-01-28,22.6,22.6,22.0,22.0,22.2,22.19,26.94,19.0,8284,183949.29
2022-01-31,22.19,23.23,22.02,22.19,22.18,22.16,26.94,19.0,13444,299616.55
2022-02-01,22.6,22.65,21.63,22.16,22.08,22.13,26.94,19.0,15057,332487.43
2022-02-02,22.6,22.8,22.02,22.13,22.19,22.15,26.94,19.0,11288,250033.96
2022-02-03,22.79,22.79,21.8,22.15,22.07,22.17,26.94,19.0,60649,1348086.0
2022-02-04,22.81,22.81,22.0,22.17,22.05,22.02,26.94,19.0,8239,182596.69
2022-02-07,22.79,22.79,21.99,22.02,22.11,22.19,26.94,19.0,5876,130558.03
2022-02-08,22.65,22.78,22.0,22.19,22.24,22.23,26.94,19.0,7357,163910.89
2022-02-09,22.23,22.77,21.98,22.23,22.23,22.14,26.94,19.0,2799,62445.65
2022-02-10,22.6,22.6,22.01,22.14,22.25,22.19,26.94,19.0,24023,535300.55
2022-02-11,22.19,22.75,22.05,22.19,22.3,22.27,26.94,19.0,21084,469327.58
2022-02-14,22.77,22.77,22.1,22.27,22.33,22.23,26.94,19.0,7357,164334.74
2022-02-15,22.7,22.7,22.2,22.23,22.39,22.35,26.94,19.0,3229,72024.84
2022-02-16,22.77,23.0,21.89,22.35,22.38,22.37,26.94,19.0,4267,95368.99
2022-02-17,22.79,22.79,21.95,22.37,22.47,22.43,26.94,19.0,9995,223861.03
2022-02-18,22.43,22.77,21.7,22.43,22.45,22.42,26.94,19.0,4318,96484.93
2022-02-21,22.75,22.9,22.06,22.42,22.31,22.26,26.94,19.0,8895,199889.21
2022-02-22,22.78,22.78,22.02,22.26,22.3,22.26,26.94,19.0,11861,264185.45
2022-02-23,22.75,22.75,22.06,22.26,22.35,22.22,26.94,19.0,5546,123403.31
2022-02-24,22.22,22.71,21.9,22.22,21.9,22.12,26.94,19.0,12422,273564.8
2022-02-25,21.9,22.5,21.9,22.12,22.34,22.32,26.94,19.0,12691,282903.24
2022-02-28,22.75,22.75,22.07,22.32,22.39,22.35,26.94,19.0,5457,121835.65
2022-03-02,22.39,22.73,22.15,22.35,22.16,22.3,26.94,19.0,19119,428341.47
2022-03-03,22.72,22.72,22.0,22.3,22.27,22.24,26.94,19.0,7034,156371.12
2022-03-04,22.24,22.7,22.02,22.24,22.35,22.33,26.94,19.0,2546,56805.32
2022-03-07,22.65,22.65,22.02,22.33,22.27,22.24,26.94,19.0,8293,184537.34
2022-03-08,22.69,22.69,22.02,22.24,22.07,22.09,26.94,19.0,9179,204323.04
2022-03-09,22.66,22.66,21.9,22.09,22.25,22.25,26.94,19.0,6177,138169.72
2022-03-10,22.25,22.63,22.0,22.25,22.17,22.34,26.94,19.0,6256,139059.75
2022-03-11,22.01,22.64,22.01,22.34,22.26,22.23,26.94,19.0,28417,632206.51
2022-03-14,22.7,22.7,21.88,22.23,22.15,22.15,26.94,19.0,3404,75722.1
2022-03-15,22.66,22.66,21.99,22.15,22.23,22.28,26.94,19.0,4104,91743.91
2022-03-16,22.28,22.63,21.85,22.28,22.16,22.19,26.94,19.0,5599,124598.15
2022-03-17,22.19,22.62,21.91,22.19,22.1,22.13,26.94,19.0,6836,151818.33
2022-03-21,22.13,22.61,22.0,22.13,22.36,22.35,26.94,19.0,9170,204025.49
2022-03-22,22.65,22.65,22.01,22.35,22.38,22.38,26.94,19.0,22796,507572.51
2022-03-23,22.38,22.38,22.01,22.38,22.21,22.25,26.94,19.0,3067,68153.16
2022-03-24,22.21,22.43,22.17,22.25,22.39,22.42,26.94,19.0,10551,235000.04
2022-03-25,22.4,22.68,22.01,22.42,22.35,22.25,26.94,19.0,9459,210439.79
2022-03-28,22.04,22.59,21.85,22.25,22.36,22.24,26.94,19.0,2651,58854.3
2022-03-29,22.36,22.82,21.95,22.24,22.0,22.1,26.94,19.0,10578,234491.17
2022-03-30,22.5,22.5,22.1,22.1,22.25,22.26,26.94,19.0,2594,57948.55
2022-03-31,22.55,22.55,22.08,22.26,22.3,22.3,26.94,19.0,7416,165156.66
2022-04-01,22.0,22.57,21.95,22.3,22.54,22.46,26.94,19.0,14617,323729.25
2022-04-04,22.65,22.67,22.2,22.46,22.4,22.4,26.94,19.0,4060,91028.6
2022-04-05,22.1,22.65,22.1,22.4,22.37,22.36,26.94,19.0,2482,55522.82
2022-04-06,22.36,22.68,22.1,22.36,22.33,22.31,26.94,19.0,3017,67501.1
2022-04-07,22.13,22.65,22.13,22.31,22.13,22.19,26.94,19.0,11682,259460.14
2022-04-08,22.19,22.57,22.13,22.19,22.26,22.27,26.94,19.0,11994,267081.64
2022-04-11,22.55,22.64,22.05,22.27,22.42,22.42,26.94,19.0,4798,107630.19
2022-04-12,22.62,22.62,22.08,22.42,22.1,22.13,26.94,19.0,5697,126268.18
2022-04-13,22.58,22.58,22.08,22.13,22.38,22.18,26.94,19.0,7141,158729.03
2022-04-18,22.6,22.74,22.02,22.18,22.32,22.09,26.94,19.0,9426,209869.22
2022-04-19,21.95,22.6,21.95,22.09,22.06,22.05,26.94,19.0,59632,1313709.48
2022-04-20,21.95,22.19,21.66,22.05,22.06,22.03,26.94,19.0,1991,43829.65
2022-04-21,22.06,22.49,21.03,22.03,21.92,21.99,26.94,19.0,17115,372222.26
2022-04-22,21.9,22.35,21.9,21.99,22.25,22.1,26.94,19.0,47172,1044519.46
2022-04-25,22.42,22.42,21.75,22.1,22.23,22.22,26.94,19.0,3473,77142.05
2022-04-26,21.13,22.64,21.13,22.22,22.32,22.19,26.94,19.0,9988,222370.01
2022-04-27,22.54,22.54,21.13,22.19,22.2,22.18,26.94,19.0,16002,348313.44
2022-04-28,22.33,22.33,21.95,22.18,22.05,22.1,26.94,19.0,12927,285889.97
2022-04-29,22.23,22.23,21.84,22.1,22.0,22.06,26.94,19.0,2491,54860.27
2022-05-02,22.06,22.82,21.9,22.06,22.27,22.17,26.94,19.0,13788,305846.18
2022-05-04,22.5,23.93,21.83,22.17,22.0,22.04,26.94,19.0,47523,1070702.48
2022-05-05,22.97,22.97,22.11,22.04,22.25,22.39,26.94,19.0,9242,207739.61
2022-05-06,22.9,22.9,21.86,22.39,21.92,22.05,26.94,19.0,7691,169479.27
2022-05-09,22.05,22.65,21.83,22.05,21.9,21.96,26.94,19.0,17798,393261.58
2022-05-10,22.55,22.55,21.55,21.96,21.6,21.74,26.94,19.0,8358,183605.3
2022-05-11,21.99,22.1,21.65,21.74,21.7,21.81,26.94,19.0,5792,126498.66
2022-05-12,22.2,22.2,21.11,21.81,22.0,21.97,26.94,19.0,3989,86864.51
2022-05-13,22.3,22.3,21.6,21.97,21.9,21.79,26.94,19.0,8201,179304.67
2022-05-16,22.0,22.0,21.56,21.79,21.78,21.74,26.94,19.0,11546,251252.42
2022-05-17,21.98,21.98,21.56,21.74,21.95,21.82,26.94,19.0,9144,199340.94
2022-05-18,22.0,22.2,21.67,21.82,22.19,21.95,26.94,19.0,8485,186695.49
2022-05-19,22.14,22.14,21.6,21.95,21.8,21.7,26.94,19.0,5516,119910.98
2022-05-20,21.9,22.2,21.6,21.7,21.8,21.84,26.94,19.0,7977,175045.96
2022-05-23,22.05,22.05,21.6,21.84,21.77,21.71,26.94,19.0,4364,94763.07
2022-05-24,21.83,21.86,21.52,21.71,21.67,21.8,26.94,19.0,7162,155679.29
2022-05-25,21.96,25.0,21.56,21.8,21.56,21.57,26.94,19.0,24580,537048.09
2022-05-26,21.8,21.82,21.48,21.57,21.79,21.77,26.94,19.0,20271,439735.69
2022-05-27,21.61,21.87,21.61,21.77,21.72,21.76,26.94,19.0,11257,244633.15
2022-05-30,21.8,21.87,21.61,21.76,21.77,21.8,26.94,19.0,12399,269997.43
2022-05-31,21.8,21.84,21.62,21.8,21.77,21.76,26.94,19.0,55109,1199159.29
2022-06-01,21.84,22.0,21.71,21.76,21.72,21.76,26.94,19.0,4006,87349.71
2022-06-02,21.7,21.93,21.7,21.76,21.79,21.8,26.94,19.0,7323,159825.71
2022-06-03,21.7,21.91,21.68,21.8,21.87,21.82,26.94,19.0,10866,236653.43
2022-06-06,21.82,22.25,21.65,21.82,21.68,21.7,26.94,19.0,9777,212897.75
2022-06-07,21.95,21.95,21.62,21.7,21.7,21.74,26.94,19.0,4507,98105.9
2022-06-08,22.0,22.0,21.62,21.74,21.69,21.7,26.94,19.0,48981,1062820.45
2022-06-09,21.62,21.92,21.62,21.7,21.92,21.91,26.94,19.0,58137,1270265.7
2022-06-10,22.2,22.2,21.63,21.91,21.65,21.7,26.94,19.0,5558,120706.08
2022-06-13,21.7,22.3,21.55,21.7,21.82,21.96,26.94,19.0,9187,201432.38
2022-06-14,22.05,22.79,21.53,21.96,21.68,21.66,26.94,19.0,11395,250345.5
2022-06-15,21.9,22.15,21.7,21.66,22.15,22.14,26.94,19.0,8189,181026.99
2022-06-16,22.25,22.47,21.64,22.14,22.2,22.1,26.94,19.0,16400,362651.44
2022-06-17,22.45,22.45,21.7,22.1,21.7,21.79,26.94,19.0,3326,72604.22
2022-06-20,21.79,22.48,21.14,21.79,22.11,22.1,26.94,19.0,9093,200980.07
2022-06-21,21.7,22.46,21.6,22.1,21.8,22.1,26.94,19.0,2331,51333.66
2022-06-22,22.25,22.29,22.0,22.1,22.0,22.12,26.94,19.0,1084,23984.68
2022-06-23,22.3,22.3,21.88,22.12,21.9,21.91,26.94,19.0,3334,73313.5
2022-06-24,22.17,22.19,21.88,21.91,21.92,21.98,26.94,19.0,12376,273330.21
2022-06-27,22.3,22.3,21.61,21.98,21.9,21.89,26.94,19.0,9435,205831.78
2022-06-28,21.62,22.26,21.62,21.89,21.8,21.81,26.94,19.0,8342,182302.95
2022-06-29,22.2,22.2,21.75,21.81,21.98,21.97,26.94,19.0,2544,55561.58
2022-06-30,21.76,22.2,21.76,21.97,21.76,21.81,26.94,19.0,4496,98170.99
2022-07-01,22.0,23.3,21.74,21.81,22.65,22.45,26.94,19.0,103368,2327325.04
2022-07-04,21.83,22.5,21.83,22.45,22.08,22.13,26.94,19.0,741,16475.7
2022-07-05,21.8,22.45,21.8,22.13,22.0,22.03,26.94,19.0,3553,78811.73
2022-07-06,22.03,22.51,21.74,22.03,22.51,22.45,26.94,19.0,18839,420890.66
2022-07-07,22.75,22.75,22.0,22.45,22.45,22.39,26.94,19.0,18529,415126.7
2022-07-08,22.02,22.68,21.95,22.39,22.09,22.02,26.94,19.0,25198,557604.78
2022-07-11,22.02,22.48,21.81,22.02,22.11,22.03,26.94,19.0,3812,83804.97
2022-07-12,21.96,22.45,21.9,22.03,22.05,21.96,26.94,19.0,1591,34999.96
2022-07-13,22.44,22.66,21.86,21.96,22.05,22.05,26.94,19.0,3268,72587.19
2022-07-14,22.05,22.24,21.85,22.05,21.99,21.86,26.94,19.0,6678,146576.12
2022-07-15,21.86,22.39,21.86,21.86,21.97,21.96,26.94,19.0,5810,128067.87
2022-07-18,21.96,22.38,21.72,21.96,21.9,21.89,26.94,19.0,17461,380996.87
2022-07-19,22.44,22.44,21.77,21.89,21.82,21.88,26.94,19.0,5081,111727.67
2022-07-20,22.38,22.38,21.7,21.88,22.0,21.98,26.94,19.0,681,14941.7
2022-07-21,21.71,22.0,21.71,21.98,21.83,21.85,26.94,19.0,2804,61545.38
2022-07-22,22.35,22.35,21.8,21.85,21.98,21.94,26.94,19.0,395,8676.45
2022-07-25,22.34,22.34,21.7,21.94,22.05,21.95,26.94,19.0,5478,120715.66
2022-07-26,22.44,22.44,21.83,21.95,21.86,21.86,26.94,19.0,1469,32258.41
2022-07-27,21.65,22.37,21.65,21.86,22.0,21.94,26.94,19.0,989,21672.89
2022-07-28,21.7,22.32,21.7,21.94,21.9,21.9,26.94,19.0,2280,49712.05
2022-07-29,22.27,22.27,21.61,21.9,22.0,22.14,26.94,19.0,1311,28832.57
2022-08-01,22.44,22.44,21.62,22.14,21.94,21.99,26.94,19.0,3207,70396.59
2022-08-02,22.1,22.15,21.86,21.99,22.14,22.12,26.94,19.0,48570,1070886.73
2022-08-03,22.07,22.38,22.03,22.12,22.06,22.06,26.94,19.0,3173,70113.07
2022-08-04,22.02,22.19,22.02,22.06,22.05,22.05,26.94,19.0,7361,162946.04
2022-08-05,22.05,22.38,21.96,22.05,22.17,22.16,26.94,19.0,24110,533164.14
2022-08-08,22.39,22.39,21.9,22.16,22.03,22.09,26.94,19.0,14576,322708.05
2022-08-10,22.35,22.35,21.88,22.09,22.09,22.06,26.94,19.0,4167,91840.4
2022-08-11,22.45,22.45,22.0,22.06,22.3,22.28,26.94,19.0,3920,87101.69
2022-08-12,22.33,22.7,22.01,22.28,22.2,22.15,26.94,19.0,15133,338630.6
2022-08-16,22.45,22.6,21.87,22.15,22.45,22.43,26.94,19.0,16898,379306.57
2022-08-17,21.95,22.6,21.95,22.43,22.29,22.31,26.94,19.0,1776,39631.95
2022-08-18,22.02,22.6,22.02,22.31,22.2,22.2,26.94,19.0,4608,102833.91
2022-08-19,22.55,22.99,21.87,22.2,22.38,22.37,26.94,19.0,10096,226076.61
2022-08-22,22.37,22.38,22.15,22.37,22.32,22.27,26.94,19.0,3924,87208.25
2022-08-23,22.2,22.32,22.15,22.27,22.25,22.23,26.94,19.0,4201,93384.96
2022-08-24,22.15,22.5,22.15,22.23,22.2,22.2,26.94,19.0,11597,257462.87
2022-08-25,22.15,22.39,22.15,22.2,22.25,22.24,26.94,19.0,14230,315976.57
2022-08-26,22.24,22.31,22.15,22.24,22.31,22.24,26.94,19.0,6416,142652.0
2022-08-29,22.24,22.48,22.15,22.24,22.28,22.27,26.94,19.0,1277,28394.66
2022-08-30,22.27,22.7,22.18,22.27,22.18,22.18,26.94,19.0,2638,58858.62
2022-09-01,22.6,22.6,22.15,22.18,22.25,22.27,26.94,19.0,2686,59966.8
2022-09-02,22.55,22.55,22.1,22.27,22.35,22.3,26.94,19.0,15615,348809.56
2022-09-05,22.58,22.58,22.25,22.3,22.3,22.41,26.94,19.0,5400,120516.76
2022-09-06,22.41,22.58,22.25,22.41,22.26,22.26,26.94,19.0,12701,283330.73
2022-09-07,22.5,22.51,22.3,22.26,22.3,22.3,26.94,19.0,2268,50818.85
2022-09-08,22.3,22.55,22.3,22.3,22.5,22.49,26.94,19.0,8432,189084.54
2022-09-09,22.49,23.0,22.3,22.49,22.73,22.81,26.94,19.0,60265,1367489.05
2022-09-12,22.81,23.15,22.58,22.81,23.0,22.89,26.94,19.0,6042,138260.92
2022-09-13,23.4,23.4,22.1,22.89,22.29,22.31,26.94,19.0,44335,995581.33
2022-09-14,22.91,22.91,22.31,22.31,22.53,22.53,26.94,19.0,7880,177380.46
2022-09-15,22.75,22.75,22.25,22.53,22.69,22.63,26.94,19.0,5742,128908.73
2022-09-16,22.95,22.95,22.63,22.63,22.65,22.65,26.94,19.0,15783,358672.71
2022-09-19,22.65,22.98,22.41,22.65,22.7,22.57,26.94,19.0,7335,165992.16
2022-09-20,22.91,22.99,22.46,22.57,22.99,22.8,26.94,19.0,15467,351526.88
2022-09-21,23.35,23.35,22.46,22.8,23.0,22.84,26.94,19.0,18628,424856.04
2022-09-22,22.5,22.82,22.43,22.84,22.45,22.46,26.94,19.0,36299,815915.64
2022-09-23,22.46,22.46,22.4,22.46,22.45,22.42,26.94,19.0,12193,273440.88
2022-09-26,22.95,22.95,22.15,22.42,22.16,22.2,26.94,19.0,39474,878047.01
2022-09-27,22.85,22.85,22.17,22.2,22.38,22.37,26.94,19.0,4388,98070.53
2022-09-28,22.38,22.38,22.2,22.37,22.37,22.23,26.94,19.0,1437,31972.84
2022-09-29,22.75,22.75,22.22,22.23,22.38,22.38,26.94,19.0,1154,25800.11
2022-09-30,22.8,22.8,22.15,22.38,22.37,22.32,26.94,19.0,26160,583743.86
2022-10-03,22.37,22.81,22.15,22.32,22.65,22.5,26.94,19.0,29745,666302.13
2022-10-04,22.5,22.69,22.4,22.5,22.5,22.44,26.94,19.0,11343,254645.45
2022-10-06,22.16,22.64,22.16,22.44,22.45,22.45,26.94,19.0,13659,306694.38
2022-10-07,23.35,23.35,22.15,22.45,22.27,22.33,26.94,19.0,9151,204895.79
2022-10-10,22.15,22.81,22.15,22.33,22.7,22.43,26.94,19.0,10938,244027.31
2022-10-11,22.85,22.85,22.15,22.43,22.25,22.2,26.94,19.0,73259,1633080.81
2022-10-12,22.64,22.64,22.17,22.2,22.19,22.21,26.94,19.0,18832,418196.82
2022-10-13,22.65,22.65,22.11,22.21,22.24,22.24,26.94,19.0,4155,92235.96
2022-10-14,22.69,22.69,22.1,22.24,22.24,22.24,26.94,19.0,6106,135901.91
2022-10-17,22.65,22.65,22.1,22.24,22.3,22.29,26.94,19.0,5735,127663.51
2022-10-18,22.75,22.75,22.0,22.29,22.14,22.13,26.94,19.0,65096,1437642.84
2022-10-19,22.65,22.65,22.1,22.13,22.25,22.22,26.94,19.0,20275,450364.41
2022-10-20,22.65,22.65,22.11,22.22,22.25,22.14,26.94,19.0,20308,451505.54
2022-10-21,22.3,22.34,22.14,22.14,22.14,22.17,26.94,19.0,18945,420524.87
2022-10-24,22.65,22.84,22.11,22.17,22.25,22.23,26.94,19.0,6284,139785.88
2022-10-25,22.7,22.7,22.11,22.23,22.23,22.19,26.94,19.0,9385,208137.5
2022-10-27,22.2,22.4,22.2,22.19,22.3,22.29,26.94,19.0,14539,323535.59
2022-10-28,21.96,22.55,21.96,22.29,22.35,22.2,26.94,19.0,3980,88788.35
2022-10-31,22.55,22.55,22.05,22.2,22.28,22.34,26.94,19.0,15111,337328.81
2022-11-01,22.55,22.59,22.26,22.34,22.45,22.39,26.94,19.0,36059,810446.78
2022-11-02,22.17,22.75,22.17,22.39,22.5,22.49,26.94,19.0,4339,97201.12
2022-11-03,22.49,22.79,22.2,22.49,22.21,22.21,26.94,19.0,8864,197900.6
2022-11-04,22.15,22.6,22.15,22.21,22.29,22.33,26.94,19.0,2908,65009.18
2022-11-07,22.65,22.65,22.26,22.33,22.6,22.49,26.94,19.0,36339,814931.55
2022-11-09,22.29,22.75,22.05,22.49,22.35,22.32,26.94,19.0,13694,306489.35
2022-11-10,22.7,22.7,22.31,22.32,22.53,22.51,26.94,19.0,18990,426574.04
2022-11-11,22.7,23.4,22.22,22.51,22.22,22.45,26.94,19.0,69675,1585215.97
2022-11-14,22.45,22.97,22.06,22.45,22.6,22.64,25.0,19.0,16175,364136.1
2022-11-15,22.21,22.79,22.21,22.64,22.58,22.52,25.0,19.0,20507,461644.54
2022-11-16,22.75,22.89,22.43,22.52,22.76,22.72,25.0,19.0,15909,360323.64
2022-11-17,22.36,22.92,22.36,22.72,22.7,22.65,25.0,19.0,17343,391958.0
2022-11-18,22.84,22.88,22.35,22.65,22.72,22.73,25.0,19.0,20968,476671.19
2022-11-21,22.73,22.73,22.37,22.73,22.68,22.68,25.0,19.0,18635,420575.62
2022-11-22,22.82,22.82,22.4,22.68,22.57,22.57,25.0,19.0,8740,197323.08
2022-11-23,22.7,22.84,22.5,22.57,22.6,22.6,25.0,19.0,1301,29419.39
2022-11-24,22.6,22.86,22.5,22.6,22.59,22.62,25.0,19.0,1539,34822.64
2022-11-25,22.62,22.87,22.4,22.62,22.65,22.6,25.0,19.0,21376,480562.2
2022-11-28,22.45,22.8,22.45,22.6,22.8,22.75,25.0,19.0,12830,291377.14
2022-11-29,23.1,23.1,22.57,22.75,22.68,22.69,25.0,19.0,11909,270575.38
2022-11-30,22.51,22.9,22.51,22.69,22.85,22.82,25.0,19.0,11864,270026.16
2022-12-01,22.83,23.06,22.59,22.82,22.71,22.68,25.0,19.0,23795,540732.11
2022-12-02,22.97,23.07,22.7,22.68,22.73,22.78,25.0,19.0,19175,437651.81
2022-12-05,23.04,23.04,22.52,22.78,22.75,22.84,25.0,21.03,21135,483839.82
2022-12-06,22.99,22.99,22.61,22.84,22.78,22.77,25.0,21.03,15329,349011.83
2022-12-07,22.78,22.98,22.6,22.77,22.88,22.84,25.0,21.03,7511,171282.47
2022-12-08,23.05,23.05,22.6,22.84,22.79,22.86,25.0,21.03,4275,97871.76
2022-12-09,22.61,22.97,22.61,22.86,22.86,22.85,25.0,21.03,5937,135497.21
2022-12-12,22.85,22.85,22.55,22.85,22.82,22.75,25.0,21.03,1130,25724.04
2022-12-13,22.57,22.98,22.57,22.75,22.71,22.72,25.0,21.03,2093,47676.58
2022-12-14,22.72,27.11,22.63,22.72,22.95,23.01,27.11,21.03,571772,13858737.81
2022-12-15,22.63,23.49,21.91,23.01,22.6,22.52,27.11,21.03,397156,8870643.51
2022-12-16,22.73,22.82,22.3,22.52,22.65,22.6,27.11,21.03,48388,1093697.15
2022-12-19,22.6,23.03,22.41,22.6,22.65,22.63,27.11,21.03,10922,247633.38
2022-12-20,22.8,22.81,22.19,22.63,22.6,22.56,27.11,21.03,95838,2158746.89
2022-12-21,22.88,22.88,22.51,22.56,22.7,22.69,27.11,21.03,15881,360335.53
2022-12-22,22.94,22.94,22.47,22.69,22.65,22.6,27.11,21.03,10888,246439.63
2022-12-23,22.65,22.89,22.45,22.6,22.45,22.46,27.11,21.03,19012,429321.15
2022-12-26,22.47,22.89,22.47,22.46,22.65,22.64,27.11,21.03,22333,505284.09
2022-12-27,22.64,22.85,22.42,22.64,22.7,22.66,27.11,21.03,36011,815265.39
2022-12-28,22.9,22.9,22.46,22.66,22.65,22.64,27.11,21.03,21738,492536.32
2022-12-29,22.7,22.79,22.51,22.64,22.7,22.69,27.11,21.03,15234,345066.49
2022-12-30,22.83,22.84,22.41,22.69,22.65,22.64,27.11,21.03,8283,187629.68
2023-01-02,22.9,22.9,22.45,22.64,22.51,22.63,27.11,21.03,8970,201908.59
2023-01-03,22.88,22.88,22.5,22.63,22.7,22.69,27.11,21.03,6898,156143.41
2023-01-04,22.69,22.95,22.43,22.69,22.58,22.58,27.11,21.03,9813,221894.38
2023-01-05,22.89,24.45,22.46,22.58,23.0,23.65,27.11,21.03,61063,1432347.52
2023-01-06,22.95,23.24,22.62,23.65,22.72,22.72,27.11,21.03,33427,760373.79
2023-01-09,22.73,23.55,22.7,22.72,22.7,22.7,27.11,21.03,16139,368349.49
2023-01-10,23.16,23.16,22.67,22.7,22.76,22.75,27.11,21.03,9904,225619.33
2023-01-11,23.25,23.25,22.66,22.75,22.68,22.68,27.11,21.03,4334,98456.15
2023-01-12,22.69,22.8,22.66,22.68,22.67,22.67,27.11,21.03,14320,325888.72
2023-01-13,23.14,23.14,22.38,22.67,22.66,22.71,27.11,21.03,9349,212330.15
2023-01-16,23.15,23.15,22.46,22.71,22.7,22.7,27.11,21.03,2129,48400.29
2023-01-17,22.7,22.9,22.7,22.7,22.8,22.8,27.11,21.03,989,22531.25
2023-01-18,23.09,23.09,22.7,22.8,22.8,22.72,27.11,21.03,2260,51573.05
2023-01-19,23.5,23.5,22.7,22.72,22.75,22.76,27.11,21.03,9470,215947.25
2023-01-20,22.56,23.0,22.35,22.76,22.64,22.64,27.11,21.03,82256,1868191.9
2023-01-23,22.54,22.99,22.54,22.64,22.66,22.7,27.11,21.03,11391,259359.46
2023-01-24,22.52,22.98,22.52,22.7,22.7,22.76,27.11,21.03,4299,97852.57
2023-01-25,22.7,22.98,22.65,22.76,22.65,22.66,27.11,21.03,4219,95752.21
2023-01-27,22.66,23.5,22.42,22.66,22.42,22.49,27.11,21.03,31081,705619.66
2023-01-30,22.25,23.15,22.25,22.49,22.63,22.68,27.11,21.03,12906,292935.82
2023-01-31,22.65,22.75,22.53,22.68,22.65,22.65,27.11,21.03,6065,137478.8
2023-02-01,22.8,22.9,22.56,22.65,22.56,22.72,27.11,21.03,2426,55221.76
2023-02-02,22.7,22.8,22.51,22.72,22.79,22.7,27.11,21.03,5600,127072.21
2023-02-03,22.79,23.0,22.6,22.7,23.0,22.91,27.11,21.03,4254,96994.37
2023-02-06,22.91,23.3,22.51,22.91,22.8,22.8,27.11,21.03,8970,204962.07
2023-02-07,22.81,22.89,22.65,22.8,22.75,22.75,27.11,21.03,11767,267853.52
2023-02-08,22.19,22.85,22.19,22.75,22.75,22.75,27.11,21.03,13512,307799.72
2023-02-09,22.3,22.89,22.3,22.75,22.76,22.8,27.11,21.03,5614,128011.14
2023-02-10,22.99,22.99,22.11,22.8,22.76,22.79,27.11,21.03,6280,142649.05
2023-02-13,22.35,22.9,22.35,22.79,22.7,22.72,27.11,21.03,2921,66301.19
2023-02-14,22.95,22.95,22.37,22.72,22.71,22.79,27.11,21.03,9983,226848.45
2023-02-15,22.96,22.96,22.39,22.79,22.9,22.82,27.11,21.03,9854,224500.83
2023-02-16,23.15,23.24,22.51,22.82,22.81,22.82,27.11,21.03,14514,332737.94
2023-02-17,22.89,22.89,22.5,22.82,22.65,22.67,27.11,21.03,48010,1083377.62
2023-02-20,22.67,22.75,22.6,22.67,22.75,22.74,27.11,21.03,14682,333013.41
2023-02-21,22.74,23.33,22.45,22.74,22.73,22.74,27.11,21.03,6946,158180.3
2023-02-22,22.73,22.8,22.71,22.74,22.8,22.79,27.11,21.03,8020,182340.66
2023-02-23,22.8,22.8,22.6,22.79,22.8,22.79,27.11,21.03,11345,257948.41
2023-02-24,22.8,23.04,22.66,22.79,22.8,22.8,27.11,21.03,6118,139378.58
2023-02-27,22.99,22.99,22.6,22.8,22.61,22.67,27.11,21.03,5748,130506.47
2023-02-28,22.65,22.8,22.65,22.67,22.65,22.66,27.11,21.03,18663,422747.59
2023-03-01,22.74,22.75,22.68,22.66,22.75,22.74,27.11,21.03,2575,58510.71
2023-03-02,22.98,22.98,22.51,22.74,22.75,22.75,27.11,21.03,7586,172360.16
2023-03-03,22.77,22.77,22.52,22.75,22.7,22.74,27.11,21.03,15400,350231.24
2023-03-06,22.74,22.98,22.6,22.74,22.8,22.79,27.11,21.03,1960,44585.15
2023-03-08,22.98,22.98,22.5,22.79,22.71,22.71,27.11,21.03,947,21514.78
2023-03-09,22.78,22.78,22.6,22.71,22.78,22.69,27.11,21.03,7730,175521.65
2023-03-10,22.3,22.75,22.3,22.69,22.75,22.71,27.11,21.03,788,17816.67
2023-03-13,22.71,22.95,22.41,22.71,22.71,22.76,27.11,21.03,7425,168794.15
2023-03-14,22.98,22.98,22.51,22.76,22.95,22.81,27.11,21.03,18223,414496.43
2023-03-15,22.81,22.98,22.3,22.81,22.73,22.74,27.11,21.03,9347,213164.56
2023-03-16,22.69,22.94,22.69,22.74,22.94,22.89,27.11,21.03,14487,330204.17
2023-03-17,23.3,23.3,22.76,22.89,22.9,22.89,27.11,21.03,351,8035.14
2023-03-20,22.51,23.0,22.51,22.89,22.82,22.95,27.11,21.03,23604,540953.12
2023-03-21,22.51,23.07,22.51,22.95,22.88,22.88,27.11,21.03,2638,60415.55
2023-03-22,22.88,23.29,22.31,22.88,22.9,22.9,27.11,21.03,95,2173.91
2023-03-23,22.7,23.3,22.7,22.9,22.99,22.8,27.11,21.03,4548,104046.55
2023-03-24,22.56,23.29,22.56,22.8,23.0,22.98,27.11,21.03,6506,148490.24
2023-03-27,23.12,23.12,22.56,22.98,23.1,23.07,27.11,21.03,3470,80034.23
2023-03-28,23.09,23.3,22.8,23.07,23.15,23.12,27.11,21.03,16283,376086.97
2023-03-29,23.12,23.15,22.56,23.12,23.02,23.02,27.11,21.03,6567,151293.25
2023-03-31,23.02,23.55,22.56,23.02,23.12,23.2,27.11,21.03,25336,587065.88
2023-04-03,23.2,23.8,22.9,23.2,23.05,23.05,27.11,21.03,7780,179402.42
2023-04-05,23.1,23.22,22.66,23.05,23.2,23.2,27.11,21.03,881,20358.43
2023-04-06,23.6,23.6,22.95,23.2,23.3,23.29,27.11,21.03,6785,157784.63
2023-04-10,23.29,23.75,23.0,23.29,23.3,23.33,27.11,21.03,3233,75237.93
2023-04-11,23.8,23.8,23.05,23.33,23.25,23.46,27.11,21.03,18844,441898.18
2023-04-12,23.46,24.2,23.22,23.46,23.25,23.24,27.11,21.03,58188,1374573.45
2023-04-13,23.24,23.8,23.2,23.24,23.29,23.26,27.11,21.03,5349,124558.37
2023-04-17,23.26,23.7,22.78,23.26,23.49,23.33,27.11,21.03,3292,76870.58
2023-04-18,22.85,23.42,22.85,23.33,23.31,23.29,27.11,21.03,6168,143733.66
2023-04-19,22.85,23.35,22.63,23.29,23.35,23.29,27.11,21.03,21274,493311.59
2023-04-20,23.28,23.39,23.22,23.29,23.22,23.31,27.11,21.03,13623,317157.86
2023-04-21,23.61,23.61,22.76,23.31,23.31,23.31,27.11,21.03,6736,156868.08
2023-04-24,23.75,24.0,23.2,23.31,23.59,23.58,27.11,21.11,26439,624459.18
2023-04-25,23.58,23.58,23.3,23.58,23.46,23.46,27.11,21.11,39772,933196.47
2023-04-26,23.05,23.9,22.81,23.46,23.42,23.42,27.11,21.11,234800,5544936.43
2023-04-27,23.85,23.85,23.0,23.42,23.59,23.58,27.11,21.11,7217,170136.64
2023-04-28,23.58,23.98,23.5,23.58,23.56,23.64,27.11,21.11,24711,583730.94
2023-05-02,23.64,24.25,22.81,23.64,23.56,23.54,27.11,21.11,16237,381130.28
2023-05-03,23.6,23.69,23.51,23.54,23.55,23.55,27.11,21.11,10657,250970.72
2023-05-04,23.6,23.69,23.56,23.55,23.69,23.63,27.11,21.11,10427,246477.12
2023-05-05,23.63,26.75,23.41,23.63,26.75,25.56,27.11,21.11,1269,31004.57
2023-05-08,25.56,25.56,23.66,25.56,23.8,23.71,27.11,21.11,87483,2078338.59
2023-05-09,24.3,25.03,23.55,23.71,23.65,23.65,27.11,21.11,7305,173363.89
2023-05-10,24.15,24.15,23.58,23.65,23.68,23.74,27.11,21.11,12700,301522.05
2023-05-11,23.56,24.21,23.56,23.74,23.7,23.71,27.11,21.11,4131,98524.5
2023-05-12,24.3,24.3,23.52,23.71,23.68,23.68,27.11,21.11,16595,393081.81
2023-05-15,24.16,24.16,23.68,23.68,23.8,23.79,27.11,21.14,9016,214787.75
2023-05-16,24.15,24.15,23.7,23.79,23.8,23.79,27.11,21.14,11841,281645.29
2023-05-17,23.35,24.15,23.35,23.79,23.75,23.79,27.11,21.14,7835,186593.21
2023-05-18,23.79,23.99,23.6,23.79,23.8,23.8,27.11,21.14,5328,126684.1
2023-05-19,23.49,23.8,23.49,23.8,23.66,23.65,27.11,21.14,1861,43966.92
2023-05-22,24.24,24.24,23.61,23.65,23.8,23.81,27.11,21.14,10810,258148.82
2023-05-23,23.42,23.81,23.4,23.81,23.72,23.72,27.11,21.14,1385,32838.82
2023-05-24,23.8,23.99,23.55,23.72,23.7,23.7,27.11,21.14,2534,60192.19
2023-05-25,23.42,23.8,23.42,23.7,23.7,23.79,27.11,21.14,24010,571328.81
2023-05-26,24.5,24.5,23.06,23.79,23.8,23.79,27.11,21.14,21651,515275.78
2023-05-29,23.79,25.01,23.68,23.79,23.75,23.75,27.11,21.14,165300,3924919.62
2023-05-30,23.9,23.91,23.71,23.75,23.73,23.73,27.11,21.14,11807,281481.83
2023-05-31,23.99,23.99,23.71,23.73,23.72,23.73,27.11,21.14,92174,2188844.34
2023-06-01,23.74,23.98,23.73,23.73,23.73,23.73,27.11,21.14,6106,145074.37
2023-06-02,23.73,23.8,23.49,23.73,23.77,23.74,27.11,21.14,27709,657494.04
2023-06-05,23.99,23.99,23.7,23.74,23.79,23.7,27.11,21.14,4416,104892.76
2023-06-06,23.98,23.98,23.7,23.7,23.71,23.71,27.11,21.14,1572,37388.15
2023-06-07,23.71,23.8,23.71,23.71,23.71,23.71,27.11,21.14,6055,144085.09
2023-06-08,23.71,23.9,23.4,23.71,23.65,23.65,27.11,21.14,49913,1175989.24
2023-06-09,24.1,24.1,23.69,23.65,23.75,23.75,27.11,21.14,6708,159254.29
2023-06-12,23.29,23.98,23.29,23.75,23.8,23.79,27.11,21.14,9913,235267.64
2023-06-13,23.79,23.8,23.61,23.79,23.8,23.75,27.11,21.14,8520,202472.55
2023-06-14,23.76,23.83,23.71,23.75,23.75,23.74,27.11,21.14,743,17644.27
2023-06-15,23.75,23.89,23.45,23.74,23.8,23.79,27.11,21.14,3622,85878.53
2023-06-16,23.67,23.9,23.43,23.79,23.79,23.79,27.11,21.14,2211,52553.21
2023-06-19,23.98,23.98,23.42,23.79,23.79,23.78,27.11,21.14,5247,124749.39
2023-06-20,23.78,23.85,23.7,23.78,23.79,23.77,27.11,21.14,5430,129124.83
2023-06-21,23.98,24.0,23.45,23.77,23.7,23.7,27.11,21.14,142027,3401334.22
2023-06-22,23.7,23.79,23.49,23.7,23.52,23.52,27.11,21.14,155055,3650187.88
2023-06-23,23.7,23.79,23.51,23.52,23.74,23.54,27.11,21.14,40391,953351.06
2023-06-26,23.83,25.15,23.43,23.54,23.95,23.97,27.11,21.61,292975,7088789.44
2023-06-27,23.54,23.98,23.54,23.97,23.7,23.71,27.11,21.61,7461,177288.57
2023-06-28,23.71,24.09,23.71,23.71,23.77,23.83,27.11,21.61,2044,48590.85
2023-06-30,23.83,23.99,23.66,23.83,23.84,23.83,27.11,21.61,7869,187681.51
2023-07-03,23.83,24.25,23.6,23.83,23.8,23.8,27.11,21.61,10962,261020.78
2023-07-04,24.09,24.09,23.59,23.8,23.66,23.71,27.11,21.61,10430,247187.45
2023-07-05,23.71,24.04,23.63,23.71,23.75,23.72,27.11,21.61,16999,403135.02
2023-07-06,24.04,24.04,23.7,23.72,23.7,23.7,27.11,21.61,32095,760931.38
2023-07-07,23.56,23.79,23.56,23.7,23.74,23.73,27.11,21.61,9142,216663.25
2023-07-10,23.73,23.97,23.65,23.73,23.7,23.68,27.11,21.61,11158,264521.35
2023-07-11,23.74,23.84,23.5,23.68,23.84,23.61,27.11,21.61,42930,1016713.68
2023-07-12,23.94,23.94,23.61,23.61,23.79,23.78,27.11,21.61,3006,71465.89
2023-07-13,23.43,24.09,23.43,23.78,23.8,23.79,27.11,21.61,15693,372732.93
2023-07-14,23.8,23.84,23.7,23.79,23.84,23.77,27.11,21.61,10698,253970.71
2023-07-17,23.98,23.98,23.53,23.77,23.77,23.83,27.11,21.61,9298,221637.03
2023-07-18,23.98,23.98,23.6,23.83,23.85,23.84,27.11,21.61,30998,735429.96
2023-07-19,23.98,23.99,23.73,23.84,23.83,23.83,27.11,21.61,41738,995054.29
2023-07-20,23.98,24.98,23.83,23.83,23.83,23.84,27.11,21.61,75746,1813921.24
2023-07-21,24.35,24.35,23.85,23.84,23.88,23.87,27.11,21.61,9521,228045.49
2023-07-24,24.36,24.36,23.75,23.87,23.8,23.8,27.11,21.61,25419,606463.83
2023-07-25,23.58,23.94,23.58,23.8,23.9,23.88,27.11,21.61,13925,332914.47
2023-07-26,23.93,23.93,23.71,23.88,23.87,23.86,27.11,21.61,10519,250931.02
2023-07-27,23.96,23.96,23.8,23.86,23.9,23.89,27.11,21.61,13538,322534.41
2023-07-28,24.34,24.34,23.6,23.89,23.8,23.77,27.11,21.61,68160,1614103.54
2023-07-31,23.43,24.28,23.43,23.77,23.74,23.75,27.11,21.62,4181,99395.82
2023-08-01,24.25,24.62,23.7,23.75,23.95,23.8,27.11,21.62,63393,1520321.7
2023-08-02,23.8,23.99,23.61,23.8,23.8,23.79,27.11,21.62,8852,210872.56
2023-08-03,23.61,23.99,23.61,23.79,23.95,23.93,27.11,21.62,10957,261633.71
2023-08-04,24.29,24.29,23.8,23.93,23.82,23.83,27.11,21.62,26755,640759.31
2023-08-07,23.83,24.62,23.42,23.83,23.84,23.97,27.11,21.87,12863,307832.34
2023-08-08,24.29,24.62,23.8,23.97,24.62,24.23,27.11,21.87,16111,386736.02
2023-08-09,23.75,24.89,23.75,24.23,23.99,24.09,27.11,21.87,5809,139362.07
2023-08-10,23.76,24.35,23.76,24.09,23.95,23.95,27.11,21.87,14105,338454.13
2023-08-11,24.29,24.29,23.83,23.95,23.9,23.89,27.11,21.87,13701,328460.21
2023-08-14,24.25,24.25,23.52,23.89,23.82,23.82,27.11,21.87,7269,173168.92
2023-08-16,23.53,24.25,23.53,23.82,23.95,23.95,27.11,21.87,1869,44774.67
2023-08-17,23.95,24.0,23.8,23.95,23.95,23.94,27.11,21.87,1785,42737.5
2023-08-18,23.66,25.3,23.66,23.94,24.4,24.14,27.11,21.87,202862,4932225.96
2023-08-21,24.14,25.25,23.66,24.14,25.0,24.71,27.11,21.91,77202,1879814.3
2023-08-22,24.71,24.71,23.83,24.71,23.93,23.97,27.11,21.91,66175,1585283.77
2023-08-23,25.06,25.06,23.1,23.97,23.63,23.66,27.11,21.91,230861,5440212.76
2023-08-24,24.19,24.19,23.75,23.66,23.9,23.89,27.11,21.91,12758,304730.4
2023-08-25,24.07,24.07,23.78,23.89,23.78,23.79,27.11,21.91,4651,110878.55
2023-08-28,23.31,23.94,23.31,23.79,23.7,23.7,27.11,21.91,34594,821944.48
2023-08-29,23.51,24.41,23.51,23.7,24.1,24.1,27.11,21.91,330496,8034322.99
2023-08-30,24.1,24.34,23.62,24.1,24.0,23.99,27.11,21.91,11548,277408.49
2023-08-31,24.39,24.39,23.9,23.99,24.0,24.0,27.11,21.91,7123,171061.09
2023-09-01,23.7,24.0,23.7,24.0,24.0,23.99,27.11,21.91,12958,310845.04
2023-09-04,23.71,24.44,23.71,23.99,24.0,23.99,27.11,21.91,24369,585483.85
2023-09-05,24.29,24.29,23.77,23.99,24.05,24.03,27.11,21.91,16061,385382.51
2023-09-06,23.78,24.29,23.78,24.03,23.99,23.96,27.11,21.91,5974,143232.7
2023-09-07,24.19,24.19,23.65,23.96,24.05,24.04,27.11,21.91,33748,811890.7
2023-09-08,24.37,24.37,23.95,24.04,24.04,24.03,27.11,21.91,15485,371554.37
2023-09-11,24.25,24.25,23.95,24.03,23.96,23.96,27.11,21.91,11338,272119.82
2023-09-12,23.96,24.19,23.75,23.96,23.96,23.95,27.11,21.91,23551,563443.63
2023-09-13,23.94,23.99,23.86,23.95,23.92,23.94,27.11,21.91,2423,57939.36
2023-09-14,23.8,24.19,23.8,23.94,24.05,23.95,27.11,21.91,4853,116568.99
2023-09-15,23.82,24.09,23.8,23.95,24.05,24.04,27.11,21.91,4391,105278.94
2023-09-18,24.44,24.44,23.85,24.04,24.05,24.01,27.11,21.91,21169,506814.6
2023-09-20,24.01,24.4,23.87,24.01,24.05,24.03,27.11,21.91,8436,202120.77
2023-09-21,23.92,24.17,23.92,24.03,23.99,23.99,27.11,21.91,31484,758766.08
2023-09-22,23.93,24.1,23.91,23.99,24.0,24.04,27.11,21.91,6146,147684.11
2023-09-25,25.23,25.23,23.65,24.04,24.09,24.0,27.11,21.91,9208,221892.4
2023-09-26,24.37,24.37,23.92,24.0,24.05,24.04,27.11,21.91,5666,136105.63
2023-09-27,24.34,24.34,23.9,24.04,24.04,24.0,27.11,21.91,24023,575578.04
2023-09-28,23.93,24.09,23.93,24.0,24.05,24.04,27.11,21.91,7580,182084.21
2023-09-29,24.29,24.29,23.9,24.04,24.0,24.0,27.11,21.91,6657,159396.61
2023-10-03,24.0,24.3,23.25,24.0,24.07,24.05,27.11,21.91,25050,602670.98
2023-10-04,24.29,24.29,23.95,24.05,24.06,24.02,27.11,21.91,35929,864785.12
2023-10-05,24.02,24.04,23.96,24.02,24.0,23.99,27.11,21.91,25122,602923.05
2023-10-06,23.9,24.1,23.81,23.99,24.05,24.02,27.11,21.91,34199,822187.74
2023-10-09,24.02,24.62,23.8,24.02,23.95,23.88,27.11,21.91,44764,1068240.85
2023-10-10,23.87,23.88,23.78,23.88,23.78,23.82,27.11,21.91,3719,88642.7
2023-10-11,23.66,23.9,23.66,23.82,23.85,23.77,27.11,21.91,9199,218787.84
2023-10-12,24.26,24.26,23.78,23.77,23.99,23.98,27.11,21.91,18458,441874.36
2023-10-13,24.0,24.0,23.85,23.98,23.87,23.87,27.11,21.91,14307,341781.17
2023-10-16,23.82,24.62,23.82,23.87,23.9,23.89,27.11,21.91,15173,362564.43
2023-10-17,24.37,24.37,23.89,23.89,23.91,23.91,27.11,21.91,10408,249075.23
2023-10-18,23.85,24.04,23.51,23.91,23.94,23.9,27.11,21.91,24004,570965.9
2023-10-19,23.9,23.94,23.85,23.9,23.85,23.85,27.11,21.91,7438,177703.7
2023-10-20,23.8,24.1,23.8,23.85,23.8,23.85,27.11,21.91,45891,1102773.12
2023-10-23,23.86,24.43,23.85,23.85,23.86,23.87,27.11,21.91,9684,231160.65
2023-10-25,24.1,24.1,23.48,23.87,23.8,23.8,27.11,21.91,55766,1324103.15
2023-10-26,24.39,24.39,23.6,23.8,23.85,23.84,27.11,21.91,45637,1085710.09
2023-10-27,23.1,24.42,23.1,23.84,23.85,23.84,27.11,21.91,91905,2177886.43
2023-10-30,23.25,23.85,23.25,23.84,23.85,23.85,27.11,21.91,12494,297033.95
2023-10-31,23.84,23.9,23.5,23.85,23.9,23.89,27.11,21.91,9694,231244.88
2023-11-01,23.94,23.94,23.56,23.89,23.85,23.84,27.11,21.91,9675,230501.34
2023-11-02,23.79,23.95,23.77,23.84,23.95,23.92,27.11,21.91,21514,513248.06
2023-11-03,23.9,24.37,23.86,23.92,23.95,23.93,27.11,21.91,55905,1337261.27
2023-11-06,23.94,24.32,23.91,23.93,23.95,23.94,27.11,21.91,5411,129543.22
2023-11-07,24.29,24.29,23.7,23.94,23.93,23.93,27.11,21.91,5936,142191.57
2023-11-08,24.0,24.09,23.9,23.93,24.0,24.0,27.11,21.91,6274,150180.63
2023-11-09,24.0,24.05,23.95,24.0,24.05,23.99,27.11,21.91,7472,179461.63
2023-11-10,24.58,24.58,23.8,23.99,24.0,23.99,27.11,21.91,5076,121277.94
2023-11-12,23.6,24.35,23.6,23.99,24.05,24.05,27.11,21.91,6416,154175.55
2023-11-13,24.1,24.1,23.95,24.05,24.0,23.99,27.11,21.91,22883,548362.61
2023-11-15,24.47,24.58,23.75,23.99,24.1,24.1,27.11,21.91,19794,475788.81
2023-11-16,24.11,24.12,24.05,24.1,24.08,24.08,27.11,21.91,10692,257434.94
2023-11-17,24.1,24.19,24.06,24.08,24.06,24.07,27.11,21.91,11080,266837.33
2023-11-20,24.07,24.29,23.9,24.07,24.19,24.18,27.11,21.91,36043,871377.77
2023-11-21,24.3,24.3,24.1,24.18,24.1,24.11,27.11,21.91,21887,528368.09
2023-11-22,24.59,24.59,23.97,24.11,24.15,24.14,27.11,21.91,2627,63242.15
2023-11-23,24.14,24.2,23.95,24.14,24.13,24.11,27.11,21.91,90650,2180614.48
2023-11-24,24.29,24.29,23.69,24.11,24.13,24.12,27.11,21.91,7109,171478.04
2023-11-28,24.3,24.64,23.32,24.12,24.1,24.14,27.11,21.91,9055,217980.7
2023-11-29,24.44,24.44,24.01,24.14,24.15,24.1,27.11,21.91,33859,816612.81
2023-11-30,24.38,24.38,24.12,24.1,24.17,24.16,27.11,21.91,24123,582476.82
2023-12-01,24.35,24.35,24.1,24.16,24.1,24.1,27.11,21.91,15454,372843.85
2023-12-04,24.1,24.34,23.86,24.1,24.13,24.15,27.11,21.91,32349,781461.07
2023-12-05,24.34,24.34,24.11,24.15,24.2,24.19,27.11,21.91,27156,656498.44
2023-12-06,24.2,24.45,24.15,24.19,24.24,24.24,27.11,21.91,160865,3908184.94
2023-12-07,24.39,24.39,23.9,24.24,24.16,24.22,27.11,21.91,41327,999380.44
2023-12-08,24.16,24.39,24.16,24.22,24.27,24.26,27.11,21.91,17327,420103.25
2023-12-11,24.27,24.55,23.95,24.26,24.2,24.22,27.11,21.91,9476,229624.29
2023-12-12,24.44,24.44,24.0,24.22,24.2,24.2,27.11,21.91,2353,56932.22
2023-12-13,24.25,24.49,24.15,24.2,24.25,24.16,27.11,21.91,13580,328330.14
2023-12-14,24.16,24.63,24.16,24.16,24.25,24.24,27.11,21.91,11002,266762.72
2023-12-15,24.62,24.62,24.21,24.24,24.35,24.34,27.11,21.91,16497,400661.24
2023-12-18,24.63,24.63,23.36,24.34,24.35,24.3,26.75,22.11,11789,284392.66
2023-12-19,24.5,24.5,23.69,24.3,24.4,24.39,26.75,22.11,7864,190461.7
2023-12-20,24.4,24.45,24.3,24.39,24.45,24.35,26.75,22.11,30378,741214.07
2023-12-21,24.69,24.69,23.3,24.35,24.47,24.45,26.75,22.11,25897,632578.72
2023-12-22,24.62,24.62,24.35,24.45,24.35,24.4,26.75,22.11,50585,1235243.68
2023-12-26,23.91,24.4,23.7,24.4,24.4,24.4,26.75,22.11,28219,685577.57
2023-12-27,24.62,24.62,23.45,24.4,24.4,24.4,26.75,22.11,1981,48373.51
2023-12-28,24.33,24.7,23.91,24.4,24.5,24.42,26.75,22.11,8588,209732.93
2023-12-29,24.5,24.68,24.42,24.42,24.5,24.48,26.75,22.11,14498,354891.06
2024-01-01,24.72,24.73,24.3,24.48,24.51,24.53,26.75,22.11,46549,1142768.94
2024-01-02,24.69,25.98,24.35,24.53,24.98,24.44,26.75,22.11,45216,1112328.64
2024-01-03,24.68,24.85,24.42,24.44,24.85,24.66,26.75,22.11,14622,358522.58
2024-01-04,24.89,24.89,24.43,24.66,24.52,24.5,26.75,22.11,44828,1098205.97
2024-01-05,24.81,24.81,24.43,24.5,24.5,24.47,26.75,22.11,12593,308198.72
2024-01-08,24.47,24.87,24.4,24.47,24.59,24.45,26.75,22.11,35581,872545.68
2024-01-09,24.87,24.87,24.45,24.45,24.5,24.49,26.75,22.11,13626,333829.35
2024-01-10,24.54,24.65,24.48,24.49,24.59,24.59,26.75,22.11,19303,474076.21
2024-01-11,24.87,24.9,24.5,24.59,24.9,24.71,26.75,22.11,17523,432374.51
2024-01-12,25.33,25.83,24.51,24.71,24.9,24.72,26.75,22.11,36748,906094.52
2024-01-15,25.22,25.77,24.4,24.72,24.57,24.55,26.75,22.11,80774,1990142.74
2024-01-16,25.09,25.09,24.51,24.55,24.64,24.62,26.75,22.11,10690,263080.36
2024-01-17,24.62,24.97,24.01,24.62,24.57,24.59,26.75,22.11,15994,393781.08
2024-01-18,24.57,24.88,24.55,24.59,24.55,24.55,26.75,22.11,16591,408245.66
2024-01-19,24.85,24.85,24.52,24.55,24.53,24.54,26.75,22.11,26852,659663.16
2024-01-20,24.73,24.73,24.51,24.54,24.57,24.59,26.75,22.11,8607,211638.87
2024-01-23,24.88,24.88,24.4,24.59,24.42,24.42,26.75,22.11,8367,205991.5
2024-01-24,24.7,24.7,24.43,24.42,24.58,24.58,26.75,22.11,11052,271650.6
2024-01-25,24.4,24.73,24.4,24.58,24.64,24.61,26.75,22.11,26521,652283.16
2024-01-29,24.61,25.09,24.55,24.61,24.6,24.59,26.75,22.11,31082,764048.08
2024-01-30,24.88,24.88,23.43,24.59,24.55,24.58,26.75,22.11,8884,218311.17
2024-01-31,25.07,25.07,24.4,24.58,24.89,24.83,26.75,22.11,58982,1459383.23
2024-02-01,24.82,24.95,24.61,24.83,24.95,24.87,26.75,22.11,18394,456128.63
2024-02-02,25.09,25.09,24.46,24.87,24.99,24.89,26.75,22.11,40653,1009152.38
2024-02-05,25.33,25.33,24.47,24.89,24.9,24.91,26.75,22.11,82246,2050033.48
2024-02-06,25.45,25.45,24.42,24.91,24.9,24.89,26.75,22.11,36980,919721.07
2024-02-07,25.01,25.63,24.5,24.89,24.85,24.81,26.75,22.11,31179,772390.68
2024-02-08,24.81,27.97,23.43,24.81,27.8,25.5,27.97,22.11,115620,2899619.55
2024-02-09,26.25,27.47,24.8,25.5,25.08,24.99,27.97,22.11,323661,8120533.49
2024-02-12,25.08,25.08,23.51,24.99,24.85,24.84,27.97,22.3,20300,498546.29
2024-02-13,24.85,24.89,24.51,24.84,24.89,24.86,27.97,22.3,9604,238471.31
2024-02-14,24.99,24.99,24.76,24.86,24.81,24.79,27.97,22.3,4963,123207.79
2024-02-15,25.45,25.45,24.41,24.79,24.85,24.84,27.97,22.3,45117,1117904.07
2024-02-16,25.34,25.34,24.8,24.84,24.85,24.84,27.97,22.3,28665,712224.95
2024-02-19,25.6,25.99,24.8,24.84,24.9,24.83,27.97,22.3,15459,384770.03
2024-02-20,24.83,25.48,24.8,24.83,24.89,24.88,27.97,22.3,11199,278724.99
2024-02-21,25.38,25.8,24.6,24.88,24.89,24.88,27.97,22.3,22838,568278.72
2024-02-22,25.38,25.5,24.88,24.88,24.94,24.92,27.97,22.3,3420,85203.14
2024-02-23,24.42,25.0,24.42,24.92,24.9,24.89,27.97,22.3,31264,778135.98
2024-02-26,24.88,25.29,24.4,24.89,24.91,24.92,27.97,22.3,17416,433291.24
2024-02-27,25.29,25.29,24.9,24.92,24.9,24.9,27.97,22.3,8813,219768.96
2024-02-28,25.19,25.58,24.9,24.9,24.92,24.94,27.97,22.3,10920,272509.66
2024-02-29,25.24,25.44,24.9,24.94,25.0,24.99,27.97,22.3,55836,1396668.42
2024-03-01,25.4,25.4,24.92,24.99,24.93,24.93,27.97,22.3,27260,680896.06
2024-03-02,25.42,25.42,24.79,24.93,25.0,24.99,27.97,22.3,1773,44236.76
2024-03-04,25.39,25.4,24.9,24.99,24.99,24.98,27.97,22.3,23552,587615.15
2024-03-05,24.97,25.04,24.35,24.98,25.03,25.02,27.97,22.3,15210,380160.42
2024-03-06,25.49,25.49,24.91,25.02,24.99,24.98,27.97,22.3,29043,725791.54
2024-03-07,24.98,25.04,24.7,24.98,25.0,25.0,27.97,22.3,24634,615889.19
2024-03-11,25.0,25.2,24.99,25.0,25.08,25.05,27.97,22.3,42496,1064167.01
2024-03-12,25.14,25.15,25.05,25.05,25.05,25.05,27.97,22.3,17019,426532.08
2024-03-13,24.55,25.25,24.55,25.05,25.07,25.04,27.97,22.3,36625,918428.91
2024-03-14,25.8,25.88,23.57,25.04,25.05,25.06,27.97,22.3,45190,1134212.77
2024-03-15,25.05,25.64,24.9,25.06,25.03,25.05,27.97,22.3,17676,443631.63
2024-03-18,25.05,25.06,24.81,25.05,25.04,25.02,27.97,22.31,20616,515990.61
2024-03-19,25.04,25.1,24.96,25.02,25.1,25.09,27.97,22.31,32173,805295.6
2024-03-20,25.4,25.4,24.62,25.09,25.05,25.05,27.97,22.31,30441,762899.72
2024-03-21,25.34,26.0,24.96,25.05,25.01,25.04,27.97,22.31,20102,504898.81
2024-03-22,25.45,25.45,24.9,25.04,25.05,25.04,27.97,22.31,59531,1486226.04
2024-03-26,25.44,25.44,24.81,25.04,25.04,24.98,27.97,22.56,61556,1538716.16
2024-03-27,25.05,25.05,24.93,24.98,25.02,25.01,27.97,22.56,17387,434836.81
2024-03-28,25.01,25.85,24.95,25.01,25.02,25.08,27.97,22.56,22567,569142.72
2024-04-01,25.44,25.44,24.85,25.08,25.1,25.09,27.97,22.63,37881,949218.76
2024-04-02,25.1,25.55,24.99,25.09,25.12,25.11,27.97,22.63,32413,813272.18
2024-04-03,25.1,25.3,25.01,25.11,25.05,25.05,27.97,22.63,18369,460327.86
2024-04-04,25.05,25.15,25.03,25.05,25.1,25.09,27.97,22.63,20835,522154.28
2024-04-05,25.09,25.38,25.01,25.09,25.13,25.11,27.97,22.63,39825,999997.27
2024-04-08,25.44,25.44,25.0,25.11,25.05,25.04,27.97,22.63,19984,500818.74
2024-04-09,25.36,25.36,25.04,25.04,25.06,25.05,27.97,22.63,7677,192469.86
2024-04-10,25.06,25.1,25.02,25.05,25.1,25.1,27.97,22.63,11504,288452.31
2024-04-12,25.3,25.54,25.01,25.1,25.02,25.04,27.97,22.63,26944,675030.89
2024-04-15,25.34,25.35,24.95,25.04,25.0,25.02,27.97,22.63,17175,429855.5
2024-04-16,25.0,25.32,24.85,25.02,24.99,24.97,27.97,22.63,35642,888246.25
2024-04-18,24.97,25.44,24.96,24.97,25.02,25.07,27.97,22.63,63044,1578233.41
2024-04-19,25.39,25.39,24.93,25.07,25.04,25.04,27.97,22.63,27120,678878.9
2024-04-22,25.4,25.4,24.95,25.04,24.98,24.98,27.97,22.81,23744,595596.9
2024-04-23,24.98,25.39,24.4,24.98,24.97,24.96,27.97,22.81,28637,718111.45
2024-04-24,24.95,25.49,24.95,24.96,25.49,25.3,27.97,22.81,49188,1238303.3
2024-04-25,25.7,25.7,23.57,25.3,25.05,25.04,27.97,22.81,16399,411142.63
2024-04-26,25.2,25.2,24.97,25.04,25.02,25.0,27.97,22.81,21934,548629.0
2024-04-29,25.01,25.39,24.97,25.0,25.05,25.04,27.97,22.81,15594,390748.58
2024-04-30,25.01,25.19,24.95,25.04,25.01,25.0,27.97,22.81,12151,304026.84
2024-05-02,25.15,25.15,24.51,25.0,25.0,25.0,27.97,22.81,26377,659965.03
2024-05-03,25.09,25.09,24.91,25.0,25.06,25.03,27.97,22.81,60611,1516548.5
2024-05-06,24.53,25.15,24.01,25.03,25.1,25.11,27.97,23.06,27525,689744.53
2024-05-07,24.98,25.15,24.98,25.11,25.15,25.14,27.97,23.06,9115,229067.32
2024-05-08,25.34,25.35,25.1,25.14,25.16,25.1,27.97,23.06,6804,170935.82
2024-05-09,24.97,25.2,24.97,25.1,25.15,25.14,27.97,23.06,34493,866385.34
2024-05-10,24.64,25.35,24.64,25.14,25.1,25.09,27.97,23.06,7609,190950.41
2024-05-13,25.35,25.35,24.57,25.09,25.15,25.12,27.97,23.06,5613,140423.01
2024-05-14,25.15,25.34,25.15,25.12,25.18,25.19,27.97,23.06,4018,101218.11
2024-05-15,25.35,25.35,25.15,25.19,25.25,25.15,27.97,23.06,2237,56326.38
2024-05-16,25.35,25.35,25.0,25.15,25.16,25.18,27.97,23.06,14921,376143.62
2024-05-17,25.12,25.39,25.12,25.18,25.3,25.27,27.97,23.06,3323,83987.53
2024-05-18,25.45,25.45,24.95,25.27,25.44,25.44,27.97,23.06,2532,63606.0
2024-05-21,25.65,25.75,25.07,25.44,25.27,25.25,27.97,23.06,21868,552222.26
2024-05-22,25.6,25.6,25.1,25.25,25.35,25.34,27.97,23.06,14020,354572.03
2024-05-23,25.63,25.64,25.13,25.34,25.23,25.26,27.97,23.06,76022,1927155.23
2024-05-24,25.49,25.5,25.09,25.26,25.37,25.36,27.97,23.06,2878,72931.75
2024-05-27,25.5,25.55,25.21,25.36,25.48,25.48,27.97,23.1,110639,2821625.77
2024-05-28,25.74,25.74,25.4,25.48,25.45,25.44,27.97,23.1,8357,212764.0
2024-05-29,25.25,25.7,25.25,25.44,25.36,25.36,27.97,23.1,13460,341584.39
2024-05-30,25.6,26.51,25.35,25.36,25.37,25.38,27.97,23.1,11908,303442.04
2024-05-31,25.38,25.53,25.2,25.38,25.39,25.38,27.97,23.1,33965,859446.39
2024-06-03,25.7,25.7,25.15,25.38,25.59,25.58,27.97,23.1,29675,757727.48
2024-06-04,25.79,25.79,25.01,25.58,25.16,25.16,27.97,23.1,12446,314929.39
2024-06-05,25.61,25.61,24.51,25.16,25.5,25.43,27.97,23.1,5459,137554.46
2024-06-06,25.7,25.7,25.31,25.43,25.39,25.45,27.97,23.1,45964,1169347.75
2024-06-07,25.4,25.5,25.38,25.45,25.45,25.46,27.97,23.1,18910,481121.72
2024-06-10,25.45,25.7,25.25,25.46,25.65,25.5,27.97,23.1,13669,348373.69
2024-06-11,25.9,25.9,25.37,25.5,25.5,25.47,27.97,23.1,26707,679748.15
2024-06-12,25.73,25.73,25.35,25.47,25.5,25.49,27.97,23.1,47388,1207785.97
2024-06-13,25.49,25.73,25.31,25.49,25.5,25.49,27.97,23.1,12324,314209.59
2024-06-14,25.7,27.88,25.4,25.49,25.58,25.58,27.97,23.1,44861,1150252.79
2024-06-18,25.58,26.22,25.49,25.58,25.49,25.49,27.97,23.1,24401,625037.92
2024-06-19,25.13,25.79,25.12,25.49,25.49,25.57,27.97,23.1,17170,439400.98
2024-06-20,25.8,25.98,25.3,25.57,25.62,25.6,27.97,23.1,35677,908983.09
2024-06-21,25.95,25.98,25.36,25.6,25.51,25.58,27.97,23.1,5233,133925.84
2024-06-24,25.58,25.9,25.4,25.58,25.52,25.68,27.97,23.1,17876,458244.42
2024-06-25,25.85,25.85,25.17,25.68,25.62,25.56,27.97,23.1,9020,230661.78
2024-06-26,25.29,25.6,25.28,25.56,25.5,25.5,27.97,23.1,7578,193517.39
2024-06-27,25.5,25.65,25.5,25.5,25.63,25.51,27.97,23.1,5819,148808.64
2024-06-28,25.84,25.84,25.01,25.51,25.63,25.6,27.97,23.1,29734,761025.93
2024-07-01,25.8,25.8,25.09,25.6,25.57,25.63,27.97,23.1,36024,922111.4
2024-07-02,25.79,25.9,25.25,25.63,25.85,25.69,27.97,23.1,43387,1114849.38
2024-07-03,25.9,25.9,25.46,25.69,25.88,25.85,27.97,23.1,118168,3027994.28
2024-07-04,25.98,25.98,25.02,25.85,25.7,25.7,27.97,23.1,72502,1861101.61
2024-07-05,25.7,25.95,25.34,25.7,25.69,25.66,27.97,23.1,43946,1127358.38
2024-07-08,25.85,25.98,25.11,25.66,25.62,25.65,27.97,23.1,15473,395826.56
2024-07-09,25.9,25.95,25.6,25.65,25.7,25.69,27.97,23.1,9233,236611.53
2024-07-10,25.7,25.7,25.56,25.69,25.6,25.64,27.97,23.1,47574,1218492.02
2024-07-11,25.47,25.95,25.1,25.64,25.66,25.65,27.97,23.1,11471,292256.09
2024-07-12,25.86,25.86,25.55,25.65,25.68,25.64,27.97,23.1,16886,432604.07
2024-07-15,25.68,25.85,25.51,25.64,25.64,25.69,27.97,23.1,16764,429985.16
2024-07-16,25.56,25.93,25.56,25.69,25.75,25.9,27.97,23.1,52149,1342671.6
2024-07-18,26.14,26.14,25.57,25.9,25.8,25.71,27.97,23.1,37732,974482.76
2024-07-19,25.72,26.29,25.69,25.71,25.73,25.73,27.97,23.1,18673,480387.75
2024-07-22,25.73,25.95,25.69,25.73,25.7,25.73,27.97,23.1,52694,1359587.87
2024-07-23,25.74,25.96,25.6,25.73,25.78,25.66,27.97,23.1,7450,191795.6
2024-07-24,25.96,25.96,25.68,25.66,25.94,25.87,27.97,23.1,126707,3264899.89
2024-07-25,25.84,25.85,25.67,25.87,25.8,25.77,27.97,23.1,72281,1860649.36
2024-07-26,25.8,25.9,25.4,25.77,25.8,25.75,27.97,23.1,153280,3935646.3
2024-07-29,25.9,25.9,25.5,25.75,25.85,25.81,27.97,23.1,145750,3756019.5
2024-07-30,25.8,25.84,25.71,25.81,25.8,25.72,27.97,23.1,38618,993821.07
2024-07-31,25.72,25.98,25.53,25.72,25.8,25.78,27.97,23.1,121583,3129461.54
2024-08-01,25.98,25.98,25.7,25.78,25.75,25.75,27.97,23.1,43193,1112211.3
2024-08-02,25.62,25.85,25.62,25.75,25.85,25.81,27.97,23.1,16760,432279.5
2024-08-05,25.81,26.1,25.4,25.81,26.0,25.99,27.97,23.1,139887,3617090.98
2024-08-06,25.71,26.19,25.71,25.99,25.95,25.95,27.97,23.1,127297,3304245.58
2024-08-07,25.95,25.95,25.55,25.95,25.92,25.92,27.97,23.1,15747,407655.11
2024-08-08,26.17,26.18,25.72,25.92,25.95,25.94,27.97,23.1,16515,428135.41
2024-08-09,25.42,26.18,25.42,25.94,25.9,25.98,27.97,23.1,107803,2794779.12
2024-08-12,25.97,26.18,25.73,25.98,25.98,25.97,27.97,23.1,34053,883732.0
2024-08-13,26.48,26.48,25.9,25.97,26.1,26.03,27.97,23.1,50150,1304687.17
2024-08-14,25.9,26.17,25.9,26.03,26.0,25.99,27.97,23.1,27928,725636.77
2024-08-16,25.99,26.2,25.97,25.99,26.0,25.97,27.97,23.1,10956,284623.54
2024-08-19,26.75,26.75,25.12,25.97,26.01,26.04,27.97,23.1,66062,1715945.44
2024-08-20,26.24,26.24,25.86,26.04,26.06,25.99,27.97,23.1,16393,425970.99
2024-08-21,27.0,27.0,25.75,25.99,26.01,26.18,27.97,23.1,156286,4094051.44
2024-08-22,26.18,26.33,25.57,26.18,26.1,26.17,27.97,23.1,46994,1228697.43
2024-08-23,26.5,26.5,26.05,26.17,26.11,26.11,27.97,23.1,15310,399835.92
2024-08-26,26.05,26.44,25.59,26.11,26.14,26.13,27.97,23.1,31694,832866.21
2024-08-27,26.44,26.45,25.69,26.13,26.11,26.12,27.97,23.1,97090,2549151.52
2024-08-28,26.58,26.58,26.05,26.12,26.15,26.16,27.97,23.1,23694,619077.94
2024-08-29,26.44,26.44,26.05,26.16,26.12,26.14,27.97,23.1,22726,594311.55
2024-08-30,26.5,26.5,26.01,26.14,26.15,26.14,27.97,23.1,55026,1438016.88
2024-09-02,26.1,26.44,26.05,26.14,26.13,26.07,27.97,23.1,54785,1430797.46
2024-09-03,26.43,26.43,25.94,26.07,26.05,26.06,27.97,23.1,13619,355558.21
2024-09-04,26.07,26.15,26.05,26.06,26.05,26.06,27.97,23.1,11813,308294.69
2024-09-05,26.05,26.25,25.82,26.06,26.12,26.1,27.97,23.1,51558,1345754.1
2024-09-06,26.19,26.44,26.07,26.1,26.1,26.14,27.97,23.1,15662,409185.77
2024-09-09,26.14,26.2,25.62,26.14,26.1,26.1,27.97,23.1,46014,1201164.99
2024-09-10,26.36,26.36,25.93,26.1,26.11,26.16,27.97,23.1,69590,1815732.08
2024-09-11,26.24,26.44,26.0,26.16,26.13,26.35,27.97,23.1,22454,587319.82
2024-09-12,26.44,26.45,26.2,26.35,26.25,26.23,27.97,23.1,6303,165295.12
2024-09-13,26.32,26.32,26.21,26.23,26.3,26.23,27.97,23.1,9481,248759.84
2024-09-16,26.44,26.44,25.75,26.23,26.32,26.32,27.97,23.1,34683,910395.69
2024-09-17,26.33,26.37,26.3,26.32,26.36,26.34,27.97,23.1,10414,274262.19
2024-09-18,27.63,27.63,25.9,26.34,26.31,26.41,27.97,23.1,38700,1020775.46
2024-09-19,27.08,27.08,25.75,26.41,26.39,26.3,27.97,23.1,59685,1573399.6
2024-09-20,26.33,27.45,26.33,26.3,26.7,26.64,27.97,23.1,83581,2218153.8
2024-09-23,25.85,27.48,25.85,26.64,26.5,26.49,27.97,23.1,80767,2137041.36
2024-09-24,27.41,27.41,26.4,26.49,26.42,26.47,27.97,23.1,63137,1671368.89
2024-09-25,27.14,27.14,26.35,26.47,26.45,26.43,27.97,23.1,14483,382704.44
2024-09-26,27.79,27.79,26.26,26.43,26.41,26.4,27.97,23.1,116857,3109676.48
2024-09-27,26.41,26.95,26.41,26.4,26.95,26.79,27.97,23.1,139371,3718766.26
2024-09-30,26.79,26.79,26.4,26.79,26.4,26.41,27.97,23.1,118157,3131895.95
2024-10-01,26.74,26.74,26.2,26.41,26.5,26.53,27.97,23.1,146011,3887029.0
2024-10-03,26.69,26.7,26.16,26.53,26.46,26.49,27.97,23.1,61266,1618926.22
2024-10-04,26.59,26.6,26.31,26.49,26.49,26.49,27.97,23.1,11215,297297.62
2024-10-07,26.59,26.6,26.1,26.49,26.25,26.33,27.97,23.1,43390,1141410.55
2024-10-08,26.34,26.34,26.16,26.33,26.32,26.31,27.97,23.1,79351,2086827.47
2024-10-09,26.31,26.49,26.19,26.31,26.46,26.45,27.97,23.1,99636,2633538.08
2024-10-10,26.58,26.67,26.41,26.45,26.45,26.44,27.97,23.1,20136,532558.28
2024-10-11,26.43,26.55,26.36,26.44,26.38,26.38,27.97,23.1,15998,422798.33
2024-10-14,26.39,26.64,26.38,26.38,26.47,26.42,27.97,23.1,11887,314802.15
2024-10-15,26.9,26.9,26.26,26.42,26.5,26.52,27.97,23.1,43686,1156158.46
2024-10-16,26.52,26.74,26.31,26.52,26.6,26.59,27.97,23.1,30769,813287.02
2024-10-17,26.58,26.59,26.31,26.59,26.41,26.42,27.97,23.1,27821,735140.57
2024-10-18,26.41,26.71,26.36,26.42,26.42,26.36,27.97,23.1,56914,1502744.1
2024-10-21,26.58,26.58,26.17,26.36,26.35,26.35,27.97,23.1,14926,393640.44
2024-10-22,26.62,26.62,26.3,26.35,26.3,26.34,27.97,23.1,21602,569662.02
2024-10-23,26.34,26.54,26.16,26.34,26.44,26.38,27.97,23.1,19878,524908.45
2024-10-24,26.57,26.57,26.35,26.38,26.48,26.42,27.97,23.1,55836,1476277.14
2024-10-25,26.62,26.68,26.35,26.42,26.54,26.52,27.97,23.1,48490,1285358.81
2024-10-28,26.59,26.59,26.36,26.52,26.55,26.53,27.97,23.25,64860,1716012.53
2024-10-29,26.53,26.53,26.39,26.53,26.45,26.45,27.97,23.25,12897,340870.49
2024-10-30,26.49,26.5,26.37,26.45,26.49,26.46,27.97,23.25,10022,265142.61
2024-10-31,26.63,26.63,26.26,26.46,26.39,26.39,27.97,23.25,42598,1120603.52
2024-11-01,26.39,26.51,26.35,26.39,26.43,26.47,27.97,23.25,904,23942.17
2024-11-04,26.51,26.52,26.26,26.47,26.49,26.37,27.97,23.3,18012,475394.08
2024-11-05,26.49,26.52,26.36,26.37,26.44,26.42,27.97,23.3,17577,463883.09
2024-11-06,26.64,26.64,26.26,26.42,26.36,26.42,27.97,23.3,113264,2985970.39
2024-11-07,26.49,26.49,26.23,26.42,26.4,26.43,27.97,23.3,15949,420442.15
2024-11-08,26.68,26.68,26.35,26.43,26.45,26.45,27.97,23.3,29940,791159.62
2024-11-11,26.44,26.54,26.27,26.45,26.46,26.47,27.97,23.3,41581,1102614.09
2024-11-12,26.53,26.54,26.41,26.47,26.48,26.42,27.97,23.3,17872,472726.2
2024-11-13,26.32,26.5,26.31,26.42,26.47,26.42,27.97,23.3,7122,188119.72
2024-11-14,26.31,26.49,26.31,26.42,26.49,26.41,27.97,23.3,58320,1542508.28
2024-11-18,26.49,26.49,26.14,26.41,26.46,26.45,27.97,23.3,38328,1011567.17
2024-11-19,26.58,26.59,26.31,26.45,26.44,26.46,27.97,23.3,14270,377250.85
2024-11-21,26.46,26.59,26.0,26.46,26.49,26.41,27.97,23.3,30034,793124.05
2024-11-22,26.48,26.49,26.35,26.41,26.41,26.41,27.97,23.3,34841,919841.68
2024-11-25,26.54,26.59,26.25,26.41,26.48,26.47,27.97,23.3,126257,3334799.06
2024-11-26,26.54,26.54,26.29,26.47,26.47,26.46,27.97,23.3,30355,803856.38
2024-11-27,26.46,26.75,26.31,26.46,26.65,26.43,27.97,23.3,1158404,30629125.83
2024-11-28,26.68,26.68,26.46,26.43,26.52,26.49,27.97,23.3,129459,3428799.03
2024-11-29,26.55,26.56,26.42,26.49,26.54,26.51,27.97,23.3,69620,1846346.31
2024-12-02,26.55,26.68,26.42,26.51,26.61,26.6,27.97,23.3,275534,7336256.7
2024-12-03,26.74,26.74,26.55,26.6,26.65,26.65,27.97,23.3,103940,2773410.72
2024-12-04,26.73,26.79,26.65,26.65,26.75,26.75,27.97,23.3,172802,4618041.4
2024-12-05,26.84,26.92,26.66,26.75,26.8,26.8,27.97,23.3,50921,1363841.11
2024-12-06,26.97,27.1,26.53,26.8,26.8,26.79,27.97,23.3,23839,638143.23
2024-12-09,26.86,26.87,26.52,26.79,26.75,26.74,27.97,23.3,13680,365608.53
2024-12-10,26.85,26.92,26.58,26.74,26.71,26.78,27.97,23.3,11288,302097.98
2024-12-11,26.88,26.91,26.56,26.78,26.71,26.77,27.97,23.3,10316,275366.77
2024-12-12,26.83,26.9,26.53,26.77,26.78,26.77,27.97,23.3,6054,162091.79
2024-12-13,26.84,26.9,26.52,26.77,26.75,26.74,27.97,23.3,10242,274327.19
2024-12-16,26.87,26.88,26.53,26.74,26.72,26.72,27.97,23.3,22725,607943.13
2024-12-17,26.54,26.81,26.53,26.72,26.7,26.67,27.97,23.3,11186,298683.04
2024-12-18,26.87,26.88,26.61,26.67,26.74,26.7,27.97,23.3,2645,70703.72
2024-12-19,26.73,26.74,26.56,26.7,26.69,26.63,27.97,23.3,42780,1140615.56
2024-12-20,26.74,26.75,26.52,26.63,26.75,26.65,27.97,23.3,30258,806849.13
2024-12-23,26.52,26.86,26.51,26.65,26.7,26.67,27.97,23.43,14143,377260.41
2024-12-24,26.84,26.85,26.66,26.67,26.66,26.66,27.97,23.43,14068,375149.18
2024-12-26,26.74,26.89,26.55,26.66,26.71,26.74,27.97,23.43,123963,3310996.83
2024-12-27,26.86,26.86,26.61,26.74,26.79,26.77,27.97,23.43,20109,536551.23
2024-12-30,26.86,26.87,26.52,26.77,26.72,26.68,27.97,23.43,126530,3374944.83
2024-12-31,26.86,26.86,26.67,26.68,26.75,26.74,27.97,23.43,142081,3797637.55
2025-01-01,26.84,26.84,26.61,26.74,26.71,26.74,27.97,23.43,3694,98756.99
2025-01-02,26.67,26.8,26.66,26.74,26.66,26.69,27.97,23.43,48419,1293482.56
2025-01-03,26.64,26.9,26.63,26.69,26.75,26.71,27.97,23.43,7163,191556.14
2025-01-06,26.82,26.82,26.65,26.71,26.79,26.71,27.97,23.43,43140,1154781.35
2025-01-07,26.92,26.92,26.58,26.71,26.77,26.74,27.97,23.43,97195,2598686.36
2025-01-08,26.9,26.9,26.69,26.74,26.71,26.71,27.97,23.43,5516,147413.2
2025-01-09,26.83,26.88,26.68,26.71,26.76,26.78,27.97,23.43,7773,208245.27
2025-01-10,26.84,26.86,26.7,26.78,26.76,26.76,27.97,23.43,18424,493159.48
2025-01-13,26.61,26.88,26.59,26.76,26.68,26.65,27.97,23.43,84703,2256052.77
2025-01-14,26.64,26.79,26.61,26.65,26.68,26.65,27.97,23.43,31269,833319.85
2025-01-15,26.61,26.8,26.61,26.65,26.74,26.7,27.97,23.43,5210,139097.5
2025-01-16,26.64,26.79,26.63,26.7,26.71,26.77,27.97,23.43,19686,526605.56
2025-01-17,26.78,26.89,26.67,26.77,26.8,26.8,27.97,23.43,18421,493717.18
2025-01-20,26.88,26.88,26.63,26.8,26.8,26.81,27.97,23.43,31786,851945.19
2025-01-21,26.97,27.08,26.75,26.81,26.81,26.81,27.97,23.43,6698,179802.32
2025-01-22,26.99,27.08,26.7,26.81,27.07,27.0,27.97,23.43,82726,2232545.16
2025-01-23,26.99,26.99,26.81,27.0,26.93,26.95,27.97,23.43,39687,1069372.96
2025-01-24,27.08,27.08,26.82,26.95,26.95,26.92,27.97,23.43,6122,164740.64
2025-01-27,26.92,27.28,26.75,26.92,26.95,26.95,27.97,23.43,57775,1553109.67
2025-01-28,27.08,27.27,26.92,26.95,27.05,27.04,27.97,23.43,41109,1112660.92
2025-01-29,26.9,27.28,26.8,27.04,27.19,27.18,27.97,23.43,89783,2418249.86
2025-01-30,27.24,27.24,26.87,27.18,27.09,27.09,27.97,23.43,11449,309986.92
2025-01-31,27.21,27.26,26.8,27.09,27.01,27.05,27.97,23.43,4101,110836.85
2025-02-01,27.24,27.39,26.81,27.05,27.17,27.13,27.97,23.43,12407,336506.87
2025-02-03,27.29,27.3,26.89,27.13,27.12,27.11,27.97,23.43,111646,3028867.39
2025-02-04,27.2,27.2,26.94,27.11,27.18,27.15,27.97,23.43,174835,4746490.47
2025-02-05,27.23,27.23,26.88,27.15,27.09,27.09,27.97,23.43,153573,4155199.62
2025-02-06,26.98,27.25,26.93,27.09,27.1,27.06,27.97,23.43,13110,355577.44
2025-02-07,26.99,27.37,26.96,27.06,27.2,27.18,27.97,23.43,286003,7783848.95
2025-02-10,27.29,27.3,26.98,27.18,27.25,27.05,27.88,23.51,55772,1516977.41
2025-02-11,27.01,27.29,27.01,27.05,27.13,27.1,27.88,23.51,52629,1427971.25
2025-02-12,27.21,27.22,27.1,27.1,27.12,27.11,27.88,23.51,17858,485180.44
2025-02-13,27.2,27.21,26.96,27.11,27.11,27.13,27.88,23.51,14944,405568.46
2025-02-14,27.24,27.28,27.08,27.13,27.09,27.09,27.88,23.51,5318,144214.53
2025-02-17,27.25,27.3,26.89,27.09,27.11,27.1,27.88,23.57,61692,1672406.77
2025-02-18,27.26,27.29,26.85,27.1,27.03,27.04,27.88,23.57,85753,2317200.33
2025-02-19,27.25,27.25,27.06,27.04,27.12,27.09,27.88,23.57,13212,358034.43
2025-02-20,27.05,27.27,26.96,27.09,27.1,27.09,27.88,23.57,14446,391546.42
2025-02-21,27.25,27.32,27.04,27.09,27.14,27.13,27.88,23.57,11880,322187.55
2025-02-24,27.13,27.3,27.06,27.13,27.06,27.09,27.88,23.57,50682,1375026.84
2025-02-25,27.24,27.25,27.0,27.09,27.19,27.17,27.88,23.57,45467,1235557.17
2025-02-27,27.19,27.27,27.11,27.17,27.19,27.13,27.88,23.57,10484,285105.21
2025-02-28,27.02,27.3,27.02,27.13,27.04,27.06,27.88,23.57,83088,2255530.11
2025-03-03,26.91,27.29,26.91,27.06,27.16,27.13,27.88,23.57,59499,1616952.34
2025-03-04,27.26,27.26,27.07,27.13,27.14,27.13,27.88,23.57,16607,450750.88
2025-03-05,27.24,27.24,27.01,27.13,27.15,27.14,27.88,23.57,86115,2334245.28
2025-03-06,27.06,27.22,27.05,27.14,27.19,27.19,27.88,23.57,106294,2890209.39
2025-03-07,27.11,27.33,27.11,27.19,27.2,27.19,27.88,23.57,42858,1165584.54
2025-03-10,27.3,27.62,26.83,27.19,27.2,27.2,27.88,23.57,11893,323782.2
2025-03-11,27.34,27.35,27.12,27.2,27.24,27.21,27.88,23.57,12666,344838.39
2025-03-12,27.36,27.36,27.02,27.21,27.24,27.22,27.88,23.57,9235,251454.22
2025-03-13,27.37,27.38,27.21,27.22,27.3,27.29,27.88,23.57,24520,668612.69
2025-03-17,27.46,27.48,27.22,27.29,27.28,27.27,27.88,23.57,22471,612899.85
2025-03-18,27.27,27.4,27.2,27.27,27.32,27.29,27.88,23.57,56397,1536194.61
2025-03-19,27.48,27.48,27.12,27.29,27.3,27.29,27.88,23.57,21547,588013.43
2025-03-20,27.41,27.48,27.15,27.29,27.31,27.33,27.88,23.57,26679,729632.79
2025-03-21,27.37,27.45,27.24,27.33,27.45,27.44,27.88,23.57,218927,5996858.56
2025-03-24,27.45,27.51,27.36,27.44,27.45,27.44,27.88,23.57,32930,902981.77
2025-03-25,27.43,27.53,27.27,27.44,27.44,27.44,27.88,23.57,23510,644852.82
2025-03-26,27.53,27.53,27.36,27.44,27.46,27.48,27.88,23.57,19366,531795.86
2025-03-27,27.58,27.69,27.3,27.48,27.65,27.6,27.88,23.57,27767,763998.05
2025-03-28,27.68,28.0,27.36,27.6,28.0,27.99,28.0,23.57,38105,1051922.17
2025-04-01,27.86,28.0,27.42,27.99,27.64,27.67,28.0,23.57,270169,7467816.93
2025-04-02,27.79,27.8,27.4,27.67,27.71,27.71,28.0,23.57,129322,3577358.55
2025-04-03,27.76,27.95,27.64,27.71,27.77,27.72,28.0,23.57,81422,2257984.38
2025-04-04,27.53,27.88,27.53,27.72,27.75,27.78,28.0,23.57,43962,1222134.11
2025-04-07,27.6,28.0,27.5,27.78,27.8,27.76,28.0,23.57,275195,7658437.24
2025-04-08,27.87,27.88,27.72,27.76,27.84,27.83,28.0,23.57,218709,6084215.85
2025-04-09,27.92,27.94,27.76,27.83,27.84,27.83,28.0,23.57,44594,1240380.68
2025-04-11,27.97,28.04,27.55,27.83,27.88,27.9,28.04,23.57,191287,5344661.42
2025-04-15,27.99,28.0,27.65,27.9,27.88,27.95,28.04,23.57,57785,1609065.91
2025-04-16,28.04,28.04,27.65,27.95,27.97,27.96,28.04,23.57,35308,983215.05
2025-04-17,27.96,28.09,27.87,27.96,28.01,28.01,28.09,23.57,42609,1194738.16
2025-04-21,27.96,28.19,27.96,28.01,28.09,28.1,28.19,23.57,30893,867274.44
2025-04-22,28.19,28.29,28.1,28.1,28.1,28.16,28.29,23.57,67239,1894068.69
2025-04-23,28.28,28.35,28.07,28.16,28.15,28.27,28.35,23.57,54084,1527598.39
2025-04-24,28.26,28.3,28.11,28.27,28.15,28.16,28.35,23.57,58693,1655802.37
2025-04-25,28.16,28.29,28.05,28.16,28.17,28.16,28.35,23.57,69931,1968905.65
2025-04-28,28.16,28.29,28.04,28.16,28.25,28.18,28.35,24.01,63471,1787308.6
2025-04-29,28.34,28.34,28.11,28.18,28.2,28.16,28.35,24.01,170974,4832472.02
2025-04-30,28.29,28.29,28.15,28.16,28.19,28.18,28.35,24.01,92762,2616153.19
2025-05-02,28.28,28.46,28.05,28.18,28.25,28.22,28.46,24.01,88341,2491378.21
2025-05-05,28.21,28.32,28.05,28.22,28.24,28.23,28.46,24.01,138906,3917742.27
2025-05-06,28.15,28.29,28.15,28.23,28.2,28.2,28.46,24.01,71943,2030905.78
2025-05-07,28.24,28.28,28.08,28.2,28.25,28.23,28.46,24.01,73549,2077047.51
2025-05-08,28.25,28.25,28.16,28.23,28.2,28.19,28.46,24.01,279446,7880362.13
2025-05-09,28.29,28.4,27.96,28.19,28.09,28.06,28.46,24.01,173562,4873139.58
2025-05-12,28.2,28.37,28.1,28.06,28.2,28.19,28.46,24.51,35739,1006381.63
2025-05-13,28.29,28.3,27.85,28.19,28.22,28.18,28.46,24.51,30985,872492.72
2025-05-14,28.22,28.37,28.11,28.18,28.37,28.35,28.46,24.51,275390,7789998.21
2025-05-15,28.47,28.47,28.16,28.35,28.34,28.33,28.47,24.51,72705,2059995.86
2025-05-16,28.46,28.46,28.22,28.33,28.35,28.35,28.47,24.51,111031,3145801.75
2025-05-19,28.47,28.47,28.33,28.35,28.37,28.36,28.47,24.51,32656,926607.15
2025-05-20,28.48,28.48,28.16,28.36,28.34,28.34,28.48,24.51,63634,1803692.48
2025-05-21,28.34,28.54,28.21,28.34,28.35,28.35,28.54,24.51,44839,1271403.74
2025-05-22,28.35,28.44,28.26,28.35,28.44,28.4,28.54,24.51,45180,1282641.5
2025-05-23,28.46,28.46,28.26,28.4,28.39,28.4,28.54,24.51,71890,2036958.13
2025-05-26,28.46,28.46,28.34,28.4,28.44,28.42,28.54,24.51,82744,2352649.75
2025-05-27,28.48,28.57,28.42,28.42,28.5,28.48,28.57,24.51,100192,2855437.99
2025-05-28,30.0,30.0,28.42,28.48,28.55,28.62,30.0,24.51,61278,1749111.76
2025-05-29,28.64,28.64,28.45,28.62,28.53,28.5,30.0,24.51,115466,3295437.93
2025-05-30,28.51,28.61,28.5,28.5,28.5,28.5,30.0,24.51,22107,630847.28
2025-06-02,28.49,28.62,28.38,28.5,28.47,28.42,30.0,24.51,133472,3797006.96
2025-06-03,28.56,28.58,28.42,28.42,28.44,28.46,30.0,24.51,198323,5640323.14
2025-06-04,28.44,28.57,28.44,28.46,28.54,28.52,30.0,24.51,75977,2166327.36
2025-06-05,28.57,28.57,28.48,28.52,28.55,28.53,30.0,24.51,33209,947348.23
2025-06-06,28.9,28.9,28.49,28.53,28.54,28.51,30.0,24.51,95244,2717621.03
2025-06-09,28.44,28.45,28.36,28.51,28.4,28.39,30.0,25.01,149087,4232544.54
2025-06-10,29.09,29.09,28.17,28.39,28.36,28.37,30.0,25.01,46812,1325567.2
2025-06-11,28.22,28.38,28.22,28.37,28.37,28.36,30.0,25.01,61186,1734563.28
2025-06-12,28.35,28.39,28.16,28.36,28.36,28.31,30.0,25.01,58081,1641850.91
2025-06-13,28.45,28.48,28.26,28.31,28.27,28.29,30.0,25.01,56313,1593645.97
